33
32
93
157
116
180
30
31
92
156
110
174
47
44
45
112
176
111
175
107
171
102
166
168
104
103
167
97
161
106
170
101
165
40
38
39
99
163
100
164
37
73
137
74
138
70
134
71
135
16
57
121
4
61
125
51
62
126
89
153
88
152
87
151
28
90
154
26
84
148
22
21
82
146
86
150
66
130
63
127
65
129
64
128
29
113
177
68
132
114
178
67
131
12
95
159
94
158
96
160
52
91
155
46
108
172
109
173
42
50
49
105
169
36
72
136
7
59
123
1
2
56
120
58
122
54
118
115
179
60
124
53
117
0
25
83
147
77
141
80
144
79
143
78
142
19
85
149
81
145
18
75
139
9
48
98
162
69
133
55
119
24
76
140
10
41
43
6
5
3
23
20
35
34
17
15
13
14
8
11
27
