1157
2353
1156
2352
1155
2351
1153
2349
1152
2348
1151
2347
1144
2340
1147
2343
1145
2341
1148
2344
1149
2345
1119
2315
1118
2314
1115
2311
2312
1116
1114
2310
1123
2319
1094
2290
2318
1122
1121
2317
1279
83
85
1281
102
1298
97
1293
96
1292
95
1291
92
1288
160
1356
161
1357
159
1355
1352
157
1353
156
1507
311
313
1509
155
1351
1460
265
1461
264
263
1459
206
1402
207
1403
204
1400
208
1404
218
1414
24
1220
23
1219
215
1411
217
1413
1719
523
525
1721
526
1722
9
1205
6
1202
8
1204
7
1203
576
1772
578
1774
1773
577
581
1777
583
1779
580
1776
1778
582
579
1775
1757
562
1758
561
604
1800
1797
602
1798
601
600
1796
1792
597
1793
596
594
1790
598
1794
612
1808
611
1807
610
1806
608
1804
1803
607
606
1802
574
1770
573
1769
572
1768
570
1766
569
1765
593
1789
592
1788
591
1787
590
1786
1782
586
589
1785
588
1784
651
1847
634
1830
648
1844
1846
650
649
1845
646
1842
645
1841
644
1840
642
1838
641
1837
639
1835
638
1834
635
1831
636
619
1815
888
2084
657
1853
2081
885
887
2083
2001
805
2000
804
803
1999
1895
699
1894
698
697
1893
786
1982
785
1981
784
1980
782
1978
781
1977
780
1976
773
1969
776
1972
774
1970
777
1973
778
1974
1962
766
763
1959
1960
764
767
1963
726
1922
725
1921
1920
724
723
1919
1916
721
1917
720
733
1929
732
1928
731
1927
730
1926
742
1938
729
1925
728
1924
1932
737
1933
736
11
1207
1209
13
12
1208
415
1611
414
1610
413
1609
408
1604
410
1606
489
1685
1687
491
411
1607
506
1702
505
1701
504
1700
502
1698
501
1697
500
1696
493
1689
496
1692
494
1690
497
1693
498
1694
1642
446
1644
448
449
1645
63
1259
62
1258
61
1257
1256
59
1255
58
1254
53
1249
51
1247
56
1252
55
1251
54
1250
46
1242
49
1245
45
1241
1217
21
48
1244
1262
67
1263
66
64
1260
68
1264
44
1240
43
1239
42
1238
40
1236
39
1235
38
1234
35
1231
34
1230
33
1229
70
1266
32
1228
82
1278
81
1277
80
1276
78
1274
77
1273
76
1272
71
1267
74
1270
73
1269
4
1200
3
1199
1085
2281
2280
1084
1083
2279
1088
2284
1087
2283
1063
2259
1066
2262
1065
2261
1064
2260
1070
2266
1069
2265
1068
2264
1062
2258
1058
2254
1057
2253
2256
1060
1059
2255
1053
2249
1055
2251
1056
2252
1054
2250
1044
2240
1043
2239
1042
2238
1038
2234
1041
2237
1039
2235
1051
2247
1050
2246
2245
1049
1047
2243
1046
2242
1185
2381
1183
2379
1184
2380
1182
2378
1178
2374
1180
2376
1181
2377
1179
2375
1195
2391
1193
2389
2390
1194
1192
2388
2384
1188
1191
2387
1190
2386
1187
2383
1154
2350
1146
2342
1104
2300
1103
2299
1102
2298
1099
2295
1101
2297
1097
2293
2296
1100
1096
2292
1095
2291
1120
2316
1106
2302
1111
2307
1109
2305
1110
2306
1105
2301
1091
2287
1113
2309
1108
2304
1092
2288
1142
2338
1141
2337
2336
1140
1139
2335
1135
2331
1138
2334
1137
2333
2330
1134
1132
2328
1130
2326
1131
2327
1129
2325
1125
2321
1128
2324
2323
1127
1126
2322
121
1317
101
1297
1295
99
100
1296
1280
84
108
1304
106
1302
107
1303
1301
105
118
1314
120
1316
104
1300
119
1315
135
1331
134
1330
133
1329
131
1327
130
1326
129
1325
127
1323
125
1321
126
1322
1320
124
29
1225
123
1319
87
1283
1166
2362
1164
2360
1165
2361
1163
2359
1162
2358
1159
2355
1161
2357
2356
1160
2372
1176
1175
2371
1174
2370
1168
2364
1169
2365
1172
2368
1171
2367
1170
2366
112
1308
111
1307
1306
110
116
1312
115
1311
114
1310
94
1290
90
1286
93
1289
89
1285
88
1284
319
1515
320
1516
318
1514
315
1511
316
1512
314
1510
328
1524
327
1523
326
1522
324
1520
323
1519
322
1518
1354
158
1508
312
168
1364
167
1363
165
1361
164
1360
163
1359
152
1348
169
1365
154
1350
153
1349
302
1498
305
1501
1500
304
303
1499
309
1505
308
1504
307
1503
298
1494
1497
301
299
1495
295
1491
26
1222
297
1493
347
1543
346
1542
345
1541
344
1540
1536
340
343
1539
342
1538
339
1535
337
1533
335
1531
336
1532
334
1530
330
1526
332
1528
333
1529
331
1527
280
1476
277
1473
279
1475
1474
278
282
1478
284
1480
281
1477
1479
283
294
1490
293
1489
292
1488
291
1487
287
1483
290
1486
289
1485
286
1482
249
1445
248
1444
247
1443
246
1442
1439
244
1440
243
256
1452
255
1451
254
1450
252
1448
251
1447
150
1346
149
1345
148
1344
146
1342
145
1341
144
1340
137
1333
140
1336
138
1334
141
1337
142
1338
258
1454
260
1456
261
1457
259
1455
1458
262
275
1471
274
1470
273
1469
272
1468
1464
268
271
1467
270
1466
267
1463
1010
2206
1009
2205
1008
2204
1007
2203
1005
2201
1000
2196
1002
2198
2197
1001
1028
2224
2199
1003
1026
2222
1024
2220
1025
2221
1023
2219
1019
2215
1022
2218
2217
1021
1020
2216
1017
2213
2212
1016
1015
2211
1013
2209
1012
2208
1036
2232
1034
2230
985
2181
2231
1035
986
2182
991
2187
990
2186
989
2185
2189
993
1216
20
181
1377
184
1380
183
1379
182
1378
188
1384
187
1383
186
1382
180
1376
178
1374
176
1372
177
1373
175
1371
174
1370
171
1367
173
1369
1368
172
241
1437
240
1436
239
1435
238
1434
1430
234
237
1433
236
1432
233
1429
231
1427
229
1425
230
1426
228
1424
224
1420
226
1422
227
1423
225
1421
203
1399
202
1398
201
1397
199
1395
198
1394
197
1393
190
1386
193
1389
191
1387
194
1390
195
1391
214
1410
210
1406
1407
212
1408
211
205
1401
222
1418
221
1417
220
1416
219
1415
973
2169
971
2167
972
2168
970
2166
966
2162
969
2165
2164
968
967
2163
983
2179
982
2178
981
2177
980
2176
2172
976
979
2175
978
2174
975
2171
1720
524
530
1726
528
1724
529
1725
527
1723
533
1729
536
1732
535
1731
534
1730
540
1736
539
1735
538
1734
532
1728
603
1799
595
1791
609
1805
571
1767
567
1763
585
1781
566
1762
564
1760
565
1761
945
2141
944
2140
943
2139
941
2137
940
2136
939
2135
932
2128
935
2131
933
2129
936
2132
937
2133
549
1745
547
1743
548
1744
546
1742
542
1738
544
1740
545
1741
543
1739
559
1755
557
1753
1754
558
556
1752
1748
552
555
1751
554
1750
551
1747
957
2153
960
2156
959
2155
958
2154
964
2160
963
2159
962
2158
956
2152
954
2150
952
2148
953
2149
951
2147
950
2146
947
2143
949
2145
2144
948
521
1717
520
1716
519
1715
517
1713
516
1712
515
1711
508
1704
511
1707
509
1705
512
1708
513
1709
904
2100
907
2103
906
2102
905
2101
911
2107
2106
910
909
2105
903
2099
901
2097
899
2095
900
2096
898
2094
894
2090
896
2092
897
2093
895
2091
877
2073
875
2071
2072
876
874
2070
870
2066
873
2069
872
2068
867
2063
865
2061
866
2062
864
2060
860
2056
869
2065
862
2058
861
2057
858
2054
857
2053
856
2052
855
2051
2047
851
854
2050
853
2049
850
2046
848
2044
846
2042
847
2043
845
2041
841
2037
843
2039
844
2040
842
2038
839
2035
838
2034
837
2033
836
2032
832
2028
863
2059
835
2031
834
2030
825
2021
829
2025
828
2024
826
2022
831
2027
1211
16
1212
15
631
1827
632
1828
628
1824
630
1826
629
1825
617
1813
615
1811
616
1812
614
1810
655
1851
653
1849
654
1850
652
1848
627
1823
626
1822
625
1821
624
1820
1816
620
623
1819
622
1818
643
1839
637
1833
918
2114
917
2113
2116
920
919
2115
913
2109
916
2112
2111
915
914
2110
930
2126
929
2125
928
2124
927
2123
923
2119
926
2122
2121
925
922
2118
884
2080
882
2078
880
2076
881
2077
879
2075
886
2082
892
2088
890
2086
665
1861
664
1860
663
1859
658
1854
891
2087
661
1857
660
1856
659
1855
802
1998
798
1994
801
1997
800
1996
797
1993
795
1991
793
1989
794
1990
792
1988
791
1987
788
1984
790
1986
1985
789
680
1876
679
1875
678
1874
676
1872
675
1871
674
1870
667
1863
670
1866
668
1864
671
1867
672
1868
708
1904
706
1902
707
1903
705
1901
701
1897
704
1900
1899
703
702
1898
711
1907
714
1910
713
1909
712
1908
718
1914
1913
717
716
1912
710
1906
817
2013
820
2016
819
2015
818
2014
824
2020
823
2019
822
2018
816
2012
814
2010
812
2008
813
2009
811
2007
807
2003
810
2006
2005
809
808
2004
689
1885
687
1883
688
1884
686
1882
682
1878
684
1880
685
1881
683
1879
696
1892
692
1888
695
1891
694
1890
691
1887
783
1979
775
1971
745
1941
748
1944
747
1943
744
1940
743
1939
752
1948
751
1947
750
1946
749
1945
761
1957
759
1955
760
1956
758
1954
754
1950
756
1952
757
1953
755
1951
771
1967
770
1966
769
1965
768
1964
722
1918
740
1936
738
1934
734
1930
739
1935
355
1551
492
1688
354
1550
353
1549
349
1545
352
1548
350
1546
362
1558
361
1557
360
1556
359
1555
407
1603
358
1554
357
1553
390
1586
388
1584
389
1585
387
1583
386
1582
383
1579
385
1581
1580
384
393
1589
396
1592
395
1591
394
1590
400
1596
1595
399
398
1594
392
1588
374
1570
377
1573
376
1572
375
1571
381
1577
380
1576
379
1575
373
1569
371
1567
369
1565
370
1566
368
1564
367
1563
364
1560
366
1562
1561
365
412
1608
1686
490
503
1699
495
1691
422
1618
420
1616
416
1612
421
1617
427
1623
426
1622
424
1620
425
1621
405
1601
403
1599
404
1600
1598
402
418
1614
17
1213
19
1215
419
1615
18
1214
447
1643
453
1649
452
1648
451
1647
445
1641
436
1632
438
1634
439
1635
437
1633
441
1637
443
1639
440
1636
1638
442
480
1676
483
1679
482
1678
481
1677
487
1683
486
1682
485
1681
479
1675
477
1673
475
1671
476
1672
474
1670
470
1666
472
1668
473
1669
471
1667
461
1657
464
1660
463
1659
460
1656
459
1655
468
1664
467
1663
466
1662
465
1661
434
1630
433
1629
432
1628
431
1627
455
1651
458
1654
456
1652
430
1626
429
1625
60
52
1248
47
1243
65
1261
1237
41
36
1232
79
1275
72
1268
1081
2277
1079
2275
1077
2273
1080
2276
1078
2274
1074
2270
1075
2271
1071
2267
1073
2269
1072
2268
27
1223
1089
2285
1197
1
0
1196
1067
2263
1052
2248
1040
2236
1048
2244
1177
2373
1189
2385
2346
1150
1098
2294
1117
2313
1107
2303
1136
2332
1124
2320
98
1294
1328
132
122
1318
1158
2354
1173
2369
113
1309
91
1287
317
1513
325
1521
166
1362
306
1502
296
1492
341
1537
1472
276
288
1484
245
1441
253
1449
147
1343
139
1335
257
1453
269
1465
1006
2202
999
2195
1018
2214
1014
2210
1029
2225
1032
2228
1031
2227
988
2184
1030
2226
998
2194
997
2193
996
2192
994
2190
995
2191
185
1381
170
1366
235
1431
223
1419
200
1396
192
1388
209
1405
216
1412
965
2161
977
2173
522
1718
537
1733
575
1771
599
1795
587
1783
942
2138
934
2130
541
1737
553
1749
961
2157
946
2142
518
1714
510
1706
908
2104
893
2089
871
2067
852
2048
833
2029
827
2023
613
1809
621
1817
640
1836
912
2108
924
2120
883
2079
662
1858
799
1995
787
1983
677
1873
669
1865
700
1896
715
1911
821
2017
806
2002
681
1877
693
1889
779
1975
746
1942
753
1949
765
1961
727
1923
735
1931
351
1547
382
1578
397
1593
378
1574
363
1559
409
1605
499
1695
423
1619
450
1646
435
1631
484
1680
469
1665
462
1658
57
1253
1226
30
37
1233
75
1271
1076
2272
1086
2282
1061
2257
1045
2241
1186
2382
1112
2308
1133
2329
103
1299
128
1324
1167
2363
321
1517
151
1347
162
1358
300
1496
338
1534
285
1481
250
1446
143
1339
266
1462
1004
2200
1033
2229
992
2188
179
1375
232
1428
196
1392
213
1409
974
2170
531
1727
560
1756
568
1764
938
2134
550
1746
955
2151
514
1710
902
2098
868
2064
849
2045
830
2026
647
1843
1832
921
2117
889
2085
796
1992
673
1869
709
1905
815
2011
690
1886
762
1958
356
1552
391
1587
372
1568
417
1613
444
1640
478
1674
457
1653
1246
50
1082
2278
1090
2286
117
1313
329
1525
1011
2207
987
2183
584
1780
605
1801
563
1759
840
2036
618
1814
633
1829
719
1915
401
1597
31
1227
69
1265
1037
2233
1093
2289
86
1282
109
1305
310
1506
242
1438
984
2180
1027
2223
189
1385
859
2055
656
1852
741
1937
454
1650
428
1624
2
1198
1143
2339
507
1703
878
2074
666
1862
772
1968
348
1544
406
1602
488
1684
28
1224
136
1332
25
1221
931
2127
14
1210
22
1218
10
1206
5
1201
