20
18
18
18
18
22
20
20
20
18
20
20
24
20
18
26
35
26
16
24
26
28
26
26
28
22
22
27
32
30
30
34
18
18
22
20
20
20
18
17
18
17
16
18
20
19
18
20
16
18
14
16
16
12
14
12
10
18
14
17
14
14
14
14
14
22
16
18
32
24
20
19
22
23
14
17
24
16
18
26
16
16
23
24
20
16
20
24
22
22
20
20
22
24
24
20
20
12
20
18
23
20
19
16
24
29
20
20
26
24
24
33
16
16
21
20
12
14
15
19
18
16
18
18
16
18
16
14
18
19
12
12
16
14
16
16
22
22
22
16
16
20
20
18
18
20
20
23
20
18
18
20
33
24
20
21
20
20
16
14
12
10
14
12
13
12
20
13
16
10
15
10
22
14
18
19
14
14
14
16
14
12
12
14
10
12
14
19
14
12
14
15
22
21
28
24
28
32
24
19
20
20
26
25
22
24
18
24
22
20
24
20
17
19
20
31
20
29
20
16
18
18
24
26
42
40
32
28
36
32
32
32
26
26
23
22
25
24
26
24
18
16
17
20
20
22
20
29
18
18
24
20
28
26
28
28
26
35
22
22
39
37
33
45
26
39
32
34
48
46
44
46
28
30
32
27
20
18
19
22
24
19
23
23
33
32
23
22
30
32
30
30
34
33
32
32
36
35
51
40
34
32
42
28
28
30
28
30
45
46
44
42
27
28
26
27
24
30
24
28
22
22
26
24
24
16
14
14
32
20
24
22
29
24
28
26
22
20
20
22
26
16
28
19
18
30
22
22
15
18
16
18
28
27
22
22
24
24
24
25
26
24
30
25
21
18
30
22
20
18
16
24
26
18
16
15
22
20
22
22
18
18
18
20
34
32
36
31
23
22
25
23
25
25
24
16
25
22
22
24
20
29
17
19
24
18
22
18
24
24
26
22
18
13
17
17
28
28
30
31
32
34
28
25
22
20
22
23
22
24
20
22
36
28
26
26
32
28
22
36
28
20
24
25
22
26
30
30
30
21
26
27
28
28
24
25
19
17
18
20
20
18
19
18
17
16
17
18
17
15
18
18
16
14
14
14
16
16
14
12
10
12
12
12
15
18
20
12
14
15
22
16
16
14
17
15
12
12
14
12
10
14
16
16
22
16
18
18
18
10
14
16
2
2
2
0
2
0
0
0
2
0
2
2
2
0
2
0
2
2
2
2
2
2
4
0
0
0
0
2
2
0
2
2
2
0
2
2
4
0
2
0
0
4
2
0
2
2
0
0
2
2
2
0
0
0
2
0
2
2
2
2
2
0
0
2
0
0
0
0
2
2
4
2
0
0
2
0
2
2
4
2
2
2
0
1
2
1
2
2
0
0
2
0
4
0
2
0
4
0
0
2
0
2
0
2
2
0
0
2
0
0
2
0
4
2
2
0
4
2
2
2
2
0
0
2
2
2
2
0
2
4
2
2
0
0
2
2
0
2
4
0
2
0
4
2
2
2
2
2
4
2
6
0
2
0
4
2
2
0
2
2
0
0
2
0
2
4
2
0
2
2
2
2
2
4
2
0
2
2
2
0
2
0
1
2
4
0
4
2
2
2
2
0
6
5
5
0
0
2
4
0
2
0
2
2
2
0
2
2
4
0
0
0
4
2
2
0
2
0
2
2
4
2
2
2
2
2
0
4
4
0
2
2
4
0
4
0
2
0
2
0
0
2
2
2
0
0
2
0
4
2
2
2
2
2
2
0
6
4
4
2
2
0
2
0
0
2
2
2
4
0
2
2
0
2
2
2
3
2
2
0
8
8
3
2
2
0
2
2
2
0
2
4
4
4
4
2
2
0
4
2
2
2
0
0
4
0
2
2
2
2
2
0
2
4
0
2
2
2
2
2
6
2
2
8
4
2
4
0
8
0
3
2
4
4
0
4
2
0
4
2
6
0
6
2
2
4
6
2
4
0
6
2
5
6
6
2
0
4
4
0
2
2
0
2
2
2
2
0
2
2
2
2
4
2
2
0
2
2
2
0
0
2
6
2
6
2
6
6
4
3
6
4
2
6
2
4
8
3
2
0
2
2
4
2
2
0
4
2
2
0
2
2
4
4
0
0
4
2
2
0
8
6
4
4
4
2
4
6
4
2
6
0
7
4
2
4
6
2
4
0
4
8
2
4
2
4
4
4
6
6
4
2
6
4
0
8
6
8
2
4
8
0
4
0
6
10
0
8
2
4
8
4
4
8
6
4
8
6
2
0
6
2
8
12
8
0
2
2
10
8
6
4
4
8
8
0
8
10
18
4
13
8
19
8
16
12
20
16
16
15
40
