1282
7458
1011
7187
986
7162
3533
9709
1240
7416
4445
10621
850
7026
10548
4372
5928
12104
8562
2386
5526
11702
5989
12165
3967
10143
4805
10981
1908
8084
1909
8085
988
7164
5625
11801
4173
10349
4527
10703
2807
8983
3345
9521
2329
8505
5755
11931
4584
10760
2338
8514
3652
9828
3472
9648
5581
11757
4381
10557
998
7174
3065
9241
3249
9425
4352
10528
3086
9262
6005
12181
4350
10526
5242
11418
3713
9889
3966
10142
3179
9355
5241
11417
1220
7396
1210
7386
9210
3034
5863
12039
4582
10758
3965
10141
2203
8379
933
7109
2394
8570
1024
7200
5569
11745
5377
11553
1297
7473
6874
698
774
6950
5543
11719
699
6875
4882
11058
3418
9594
990
7166
1277
7453
2535
8711
1988
8164
9127
2951
2124
8300
3032
9208
375
6551
4978
11154
4385
10561
2271
8447
2254
8430
987
7163
3727
9903
5070
11246
5071
11247
3731
9907
3636
9812
521
6697
805
6981
7097
921
9198
3022
6588
412
4408
10584
5293
11469
4188
10364
4130
10306
3732
9908
3415
9591
2569
8745
1659
7835
1259
7435
3684
9860
10971
4795
5988
12164
4074
10250
5022
11198
4976
11152
3277
9453
458
6634
956
7132
4921
11097
5296
11472
482
6658
2970
9146
2553
8729
2030
8206
630
6806
4117
10293
4073
10249
509
6685
1641
7817
1041
7217
5307
11483
2031
8207
4630
10806
2949
9125
4717
10893
307
6483
6024
12200
5501
11677
5693
11869
8989
2813
1348
7524
2865
9041
800
6976
3391
9567
5589
11765
4768
10944
4519
10695
4518
10694
1981
8157
783
6959
781
6957
164
162
3420
9596
2291
8467
4823
10999
2554
8730
5624
11800
5009
11185
3136
9312
3205
9381
578
6754
3532
9708
989
7165
3245
9421
3187
9363
1286
7462
1951
8127
3272
9448
1501
7677
4388
10564
3786
9962
4980
11156
1502
7678
4861
11037
2032
8208
3927
10103
5416
11592
5575
11751
5577
11753
4566
10742
1170
7346
728
6904
1814
7990
5230
11406
1112
7288
2987
9163
4084
10260
1577
7753
117
5876
12052
5336
11512
4561
10737
5875
12051
4937
11113
4003
10179
3291
9467
1803
7979
4605
10781
4266
10442
4180
10356
3144
9320
3570
9746
2312
8488
2313
8489
8537
1383
7559
2361
2314
8490
3814
9990
5415
11591
3793
9969
802
6978
5644
11820
9296
3120
3403
9579
932
7108
2718
8894
2845
9021
2172
8348
1582
7758
57
3165
9341
58
1583
7759
5477
11653
5479
11655
6036
12212
6035
12211
5205
11381
5703
11879
4399
10575
1337
7513
2633
8809
4407
10583
535
6711
327
6503
2632
8808
2734
8910
9487
3311
5417
11593
5925
12101
5419
11595
4377
10553
5758
11934
1088
7264
2866
9042
2115
8291
3262
9438
5723
11899
5757
11933
4531
10707
3108
9284
2274
8450
4456
10632
5503
11679
7927
1751
5648
11824
4539
10715
4222
10398
5333
11509
1107
7283
708
6884
697
6873
4521
10697
3045
9221
5331
11507
3040
9216
5402
11578
707
6883
4216
10392
1736
7912
4572
10748
2112
2998
8288
9174
875
7051
720
6896
2742
8918
4912
11088
2741
8917
4816
10992
3429
9605
1940
8116
2246
8422
5348
11524
3059
9235
773
6949
675
6851
2868
9044
861
7037
3521
9697
5347
11523
6780
604
5705
11881
5706
11882
603
6779
4738
10914
6023
12199
2972
9148
3083
9259
4663
10839
4575
10751
2424
8600
11797
2519
8695
5621
775
6951
2617
8793
10030
3854
5791
11967
5790
11966
4378
10554
3058
9234
1345
7521
5789
11965
3572
9748
5920
12096
2739
8915
7053
780
6956
877
3256
9432
3255
9431
2679
8855
683
6859
115
3259
9435
6077
12253
6104
12280
8657
2481
684
6860
2445
8621
5638
11814
2622
8798
2728
8904
3610
9786
2961
9137
2937
9113
1922
8098
3068
9244
7374
1198
841
7017
2048
8224
3682
9858
723
6899
1397
7573
2047
8223
5462
11638
1647
7823
3231
9407
1255
7431
3013
9189
3261
9437
5425
11601
689
6865
784
6960
782
6958
165
163
5424
11600
5532
11708
2475
8651
641
6817
5321
11497
3669
9845
4234
10410
4233
10409
3757
9933
4503
10679
356
6532
646
6822
6020
12196
4480
10656
5806
11982
5934
12110
5325
11501
1926
8102
2531
8707
3257
9433
1597
7773
5214
11390
648
6824
4538
10714
5492
11668
5950
12126
2864
9040
2644
8820
1187
7363
1181
7357
673
6849
5421
11597
5491
11667
409
6585
5538
11714
4794
10970
1963
8139
4277
10453
5649
11825
5422
11598
5759
11935
2948
9124
2713
8889
4634
10810
3359
9535
2130
8306
5558
11734
3037
9213
3816
9992
4597
10773
3381
9557
944
7120
824
7000
29
7838
1662
25
5080
11256
5487
11663
5431
11607
531
6707
5745
11921
4671
10847
4294
10470
1218
7394
4184
10360
3526
9702
974
7150
4871
11047
1154
7330
2841
9017
5743
11919
2182
8358
2906
9082
872
7048
5529
11705
884
7060
4004
10180
5541
11717
5881
12057
11093
4917
3649
9825
5428
11604
4748
10924
3355
9531
2266
8442
5438
11614
4567
10743
5584
11760
7070
894
3557
9733
3134
9310
691
6867
4075
10251
601
6777
2573
8749
1260
7436
7397
2823
8999
1221
5811
11987
2537
8713
5226
11402
5352
11528
4387
10563
5172
11348
6487
7795
311
1619
1471
7647
5171
11347
1860
8036
5225
11401
5278
11454
1500
7676
2584
8760
2812
8988
59
1418
7594
5585
11761
4552
10728
4736
10912
2178
8354
4044
10220
4454
10630
2638
8814
6710
8762
534
2586
2634
8810
2177
8353
5931
12107
4459
10635
75
4349
10525
2706
8882
934
7110
8045
6432
12608
1869
5378
11554
5976
12152
507
1843
6683
8019
1276
7452
4737
10913
1806
7982
5507
11683
1994
8170
4251
5902
10427
12078
2828
9004
2591
8767
1225
7401
882
7058
4821
10997
3090
9266
11893
5717
5533
11709
2234
8410
4525
10701
2954
9130
420
6596
3394
9570
9961
3785
7010
834
3422
9598
4913
11089
2270
8446
4945
11121
676
6852
31
3292
9468
3820
9996
11998
5822
5495
11671
1001
7177
5385
11561
3038
9214
5269
11445
2677
8853
5213
11389
3461
9637
2968
9144
4701
10877
548
6724
1380
7556
4510
10686
3147
9323
2732
8908
512
6688
2969
9145
840
7016
839
7015
4511
10687
10784
4608
3170
9346
3483
9659
1835
8011
1230
7406
1229
7405
508
6684
5094
11270
5429
11605
5511
11687
2991
9167
4054
10230
2988
9164
3545
9721
4613
10789
3404
9580
344
6520
4491
10667
6071
12247
6009
12185
752
6928
962
7138
952
7128
4404
10580
5344
11520
5035
11211
3340
9516
3242
9418
3062
9238
1757
7933
2648
8824
5643
11819
3241
9417
5281
11457
5202
11378
4193
10369
3978
10154
383
6559
5891
12067
1450
7626
7408
1232
6034
12210
5044
11220
10587
4411
4410
10586
2205
8381
5474
11650
3341
9517
4999
11175
3979
10155
4970
11146
1451
7627
2753
8929
2875
9051
4997
11173
4355
10531
1426
7602
1296
7472
5449
11625
10274
4050
10226
4098
5727
11903
2476
8652
3101
9277
945
7121
3675
9851
5870
12046
4070
10246
4055
10231
3638
9814
3269
9445
2705
8881
9303
3127
5871
12047
5954
12130
2582
8758
2590
8766
317
6493
992
7168
5384
11560
8757
2580
8756
2581
3118
9294
3644
9820
3858
10034
4293
10469
1489
7665
2960
9136
2257
8433
223
5844
12020
3481
9657
4961
11137
197
198
6087
12263
1347
7523
1346
7522
4964
11140
5626
11802
4549
10725
3023
9199
2555
8731
2120
8296
4962
11138
3306
9482
5951
12127
3958
10134
2822
8998
1861
8037
2588
8764
5590
11766
4574
10750
6092
12268
1455
7631
1627
7803
898
7074
4107
10283
4122
10298
8172
1996
2252
8428
2014
8190
3039
9215
1559
7735
1558
7734
7271
488
6664
1095
6096
12272
3715
9891
5240
11416
1859
8035
4846
11022
1102
7278
4076
10252
5403
11579
2686
8862
1025
7201
2279
8455
3708
9884
1710
7886
719
6895
257
3517
9693
7814
1638
5499
11675
114
12147
5971
6068
12244
3152
9328
1858
8034
2754
8930
4361
10537
4360
10536
4145
10321
1581
7757
612
6788
3582
9758
1159
7335
2296
8472
2620
8796
4060
10236
2142
8318
1015
7191
5412
11588
886
7062
885
7061
626
6802
8233
2057
5639
11815
2621
8797
3046
9222
5112
11288
2277
8453
3959
10135
1132
7308
4724
10900
2623
8799
876
7052
23
2552
8728
1396
7572
5410
11586
5407
11583
2869
9045
74
3836
10012
1108
7284
4825
11001
3130
9306
1446
7622
3716
9892
629
6805
5993
12169
305
6481
4334
10510
2572
8748
0
4006
10182
11084
4908
6010
12186
607
6783
1557
7733
5284
11460
12178
6002
6659
483
5860
12036
5341
11517
5083
11259
2836
9012
3960
10136
1983
8159
739
6915
4237
10413
5342
11518
1905
8081
3626
9802
2854
9030
2745
8921
3388
9564
3146
9322
1275
7451
5761
11937
2786
8962
6793
617
28
2050
8226
3265
9441
4661
10837
4657
10833
4494
10670
4493
10669
3635
9811
1962
8138
618
6794
280
281
3861
5762
10037
11938
513
6689
2037
8213
1077
7253
4364
10540
2725
8901
2256
8432
222
3624
9800
4214
10390
2078
8254
4149
10325
2099
8275
2791
8967
6086
12262
4250
10426
10099
3923
12285
6109
4743
10919
4742
10918
2156
8332
2708
8884
1682
7858
7658
1482
2900
9076
2155
8331
4562
10738
558
6734
5847
12023
3238
9414
4327
10503
3896
10072
4326
10502
3932
10108
7769
1593
2627
8803
5840
12016
4849
11025
3150
9326
2561
8737
2170
8346
5030
11206
2085
8261
3565
9741
5565
11741
5552
11728
3310
9486
1579
7755
3312
9488
5786
11962
6334
12510
3082
9258
6420
12596
2682
8858
5716
11892
490
6666
2473
8649
2474
8650
4751
10927
3351
9527
547
6723
4379
10555
3717
9893
3488
9664
3400
9576
546
6722
4058
10234
5640
11816
3229
9405
3528
3149
9325
3543
9719
3542
9718
686
6862
2626
8802
1338
7514
4057
10233
855
7031
2730
8906
2055
8231
4642
10818
3425
9601
12189
6013
2236
8412
1997
8173
1386
7562
2108
8284
5715
11891
2536
8712
2729
8905
5943
12119
4400
10576
1387
2026
7563
8202
2238
8414
2393
8569
3774
9950
2589
8765
785
6961
4711
10887
2740
3057
8916
9233
4862
11038
4845
11021
4600
10776
621
6797
11115
4939
620
6796
6081
12257
6442
12618
6441
12617
6440
12616
3284
9460
10320
4144
4147
10323
3285
9461
6107
12283
3283
9459
3268
9444
5944
12120
1772
7948
1056
2015
7232
8191
3010
9186
1743
7919
2743
8919
5047
11223
6030
12206
4639
10815
11330
5154
5406
11582
3199
9375
5360
11536
4127
10303
4205
10381
4204
10380
1126
7302
5096
11272
8080
2771
8947
1904
3198
9374
2715
8891
5405
11581
2226
8402
2755
8931
3078
9254
1952
8128
5713
11889
4526
10702
10938
4762
5537
11713
4508
10684
5217
11393
5219
11395
4192
10368
2542
8718
2502
8678
2020
8196
6037
12213
853
7029
1078
7254
3370
9546
4824
11000
3704
9880
1901
8077
1153
7329
551
6727
2876
9052
5311
11487
2062
8238
5414
11590
3594
9770
4905
11081
4481
10657
4783
10959
1214
7390
1099
7275
857
7033
5935
12111
6008
12184
593
6769
1200
7376
487
6663
6014
12190
3080
9256
3081
9257
2867
9043
1574
7750
9662
3486
1575
7751
5712
11888
4772
10948
1576
7752
5779
11955
6774
598
2521
8697
1580
7756
4011
10187
5363
11539
3298
9474
4974
11150
833
7009
606
6782
5478
11654
2520
8696
559
6735
11652
5476
6110
12286
6097
12273
5889
12065
5802
11978
5797
11973
5046
11222
4174
10350
2183
8359
1113
7289
1082
7258
3228
9404
6148
12324
6151
12327
4755
10931
6235
12411
1119
7295
6259
12435
6158
12334
429
6605
6260
12436
6401
12577
3773
9949
4941
11117
6349
12525
6348
12524
427
6603
6408
12584
6245
12421
6246
12422
6405
12581
6406
12582
6407
12583
6416
12592
6219
12395
6409
12585
6251
12427
6288
12464
5607
11783
5358
11534
2441
8617
12537
6361
6161
12337
4563
10739
3244
9420
11943
5767
6298
12474
6321
12497
6293
12469
6291
12467
12506
6330
6226
12402
6345
6380
12521
12556
6299
12475
6322
12498
141
12325
6149
6325
12501
6265
12441
6344
12520
6234
12410
6228
12404
6398
12574
6169
12345
6170
12346
6326
12502
6166
12342
6381
12557
130
1761
7937
6347
12523
6175
12351
3719
9895
12484
6309
12485
6308
6346
12522
6198
12374
6359
12535
6354
12530
6363
12539
6339
12515
6352
12528
6313
12489
6233
12409
6320
12496
4300
10476
4338
10514
862
7038
1982
8158
1048
7224
107
3337
9513
705
6881
5359
11535
2533
8709
5945
12121
87
1125
7301
5357
11533
4677
10853
4288
10464
3233
9409
1944
8120
4967
11143
1190
7366
2958
9134
2463
8639
6
5941
12117
2748
8924
2726
8902
8987
2811
5356
11532
5752
11928
5319
11495
3871
10047
2826
9002
2272
8448
5753
11929
832
7008
11040
4864
2824
9000
4865
11041
2880
9056
4633
10809
444
6620
2209
8385
3668
9844
11918
5742
3365
9541
2067
8243
5295
11471
5549
11725
4383
10559
3128
9304
3813
9989
514
6690
2872
9048
2585
8761
3124
9300
466
6642
4909
11085
9608
3432
2873
9049
5308
11484
5772
11948
3184
9360
5996
12172
1106
7282
5733
11909
7027
851
2321
8497
479
6655
2848
9024
5995
12171
5594
11770
3183
9359
1105
7281
2282
8458
6168
12344
94
3706
9882
2884
9060
1918
8094
77
2885
9061
2198
8374
6122
12298
2886
9062
3718
9894
2870
9046
464
6640
3349
9525
644
6820
38
2672
8848
5947
12123
5340
11516
831
7007
465
6641
11042
4866
12122
5946
6000
12176
5322
11498
5355
11531
5354
11530
5339
11515
4556
10732
5788
11964
2737
8913
3378
9554
3573
9749
297
6473
2736
8912
533
6709
3574
9750
5641
11817
2405
8581
4635
10811
5631
11807
5392
11568
4126
10302
2857
9033
5882
12058
3387
9563
306
6482
2871
9047
2118
8294
2731
8907
627
6803
628
6804
1907
8083
2
1959
8135
5525
11701
5642
11818
3784
9960
8526
2350
609
6785
473
6649
4757
10933
5732
11908
5300
11476
5318
11494
3496
9672
3002
9178
3548
9724
3186
9362
296
6472
8800
2624
2999
9175
2546
8722
1184
7360
1182
7358
1183
7359
1185
7361
6064
12240
6094
12270
480
6656
5792
11968
3123
9299
66
2480
8656
12246
6070
6075
12251
3125
9301
1947
8123
1903
8079
55
1584
7760
5523
11699
6887
710
6886
711
11558
5382
1585
7761
964
7140
2838
9014
5113
11289
2858
9034
2630
8806
4051
10227
3122
9298
5681
11857
3029
9205
5646
11822
3603
9779
3752
9928
631
6807
896
7072
845
7021
3316
9492
7591
1415
5450
11626
5921
12097
3575
9751
4230
10406
5678
11854
1373
7549
5787
11963
5765
11941
830
7006
5766
11942
3396
9572
652
6828
749
6925
5343
11519
742
6918
4753
10929
4754
10930
530
6706
6543
367
5659
11835
4940
11116
4653
10829
3393
9569
763
6939
5964
12140
3549
9725
5764
11940
5831
12007
4647
10823
3751
9927
3273
9449
4485
10661
5829
12005
2778
8954
386
6562
10562
4386
5735
11911
5461
11637
4165
10341
11912
5736
5456
11632
3197
9373
4007
10183
688
6864
3364
9540
5660
11836
2618
8794
3133
9309
2173
8349
3132
9308
4137
10313
5746
11922
5567
11743
5547
11723
3673
9849
2525
8701
2175
8351
3688
9864
3334
9510
5622
11798
5666
11842
2770
8946
2042
8218
9866
3690
3689
9865
3687
9863
3266
9442
2768
8944
35
5518
11694
3694
9870
3692
9868
6447
12623
6445
12621
4166
10342
3289
9465
3693
9869
6446
12622
2977
9153
2769
8945
3288
9464
5695
11871
3772
9948
5064
11240
1379
7555
3930
10106
9151
2975
5442
11618
5857
12033
5698
11874
5078
11254
901
7077
902
7078
3093
9269
5369
11545
5365
11541
2447
8623
5718
11894
3642
9818
2422
8598
5603
11779
1657
7833
5895
12071
3612
9788
7013
837
2840
9016
4990
11166
2687
8863
2258
8434
1481
7657
3578
9754
5460
11636
5655
11831
5981
12157
6074
12250
3434
9610
5065
11241
4770
10946
3335
9511
3075
9251
3525
9701
5754
11930
12300
3115
9291
6124
6101
12277
5275
11451
6134
12310
5051
11227
3114
9290
1865
8041
5274
11450
10595
1866
8042
4419
4247
10423
5067
11243
4924
11100
3670
9846
4307
10483
3428
9604
2104
8280
2103
8279
2073
8249
5990
12166
4810
10986
5689
11865
1824
8000
3691
9867
5866
12042
6448
12624
4034
10210
372
6548
704
6880
5867
12043
461
6637
5005
11181
1103
7279
3799
9975
1702
7878
333
6509
4435
10611
2072
8248
5560
11736
2945
9121
2723
8899
1690
7866
2141
8317
5496
11672
378
6554
4496
10672
1359
7535
4436
10612
7534
1358
5965
12141
2328
8504
3931
10107
3003
9179
2129
8305
3699
9875
3698
9874
3213
9389
2903
9079
828
7004
5691
11867
5663
11839
5211
11387
2931
9107
2761
8937
5661
11837
12312
6136
2487
8663
3828
10004
5266
11442
1109
7285
4368
10544
2979
9155
1737
7913
1449
7625
2160
8336
1458
7634
2378
8554
5018
11194
5688
11864
5404
11580
1049
1188
7225
7364
2918
9094
2490
8666
1769
7945
1092
7268
1016
7192
2420
8596
635
6811
1013
7189
2262
8438
5602
11778
5864
12040
9765
3589
953
7129
1880
8056
1770
7946
4830
11006
4829
11005
5504
11680
2397
8573
2489
8665
3592
9768
3591
9767
1768
7944
1256
7432
256
255
63
5017
11193
4792
10968
4791
10967
252
251
253
250
3538
9714
3537
9713
3535
9711
3536
9712
640
6816
639
6815
1930
2278
8106
8454
4213
10389
6025
12201
10493
4317
9156
2980
4920
11096
5694
11870
3983
10159
2095
8271
2094
8270
1203
7379
1204
7380
5554
11730
5553
11729
6131
12307
6117
12293
1207
7383
6126
12302
6141
12317
6065
12241
4624
10800
4623
10799
3826
10002
1201
7377
1202
7378
1257
7433
4625
10801
4187
10363
790
6966
396
6572
6436
12612
6435
12611
4369
10545
3210
9386
1685
7861
231
2430
8606
2433
8609
3293
9469
4185
10361
3887
10063
2432
8608
2431
8607
2429
8605
4212
10388
4669
10845
4079
10255
3956
10132
1639
7815
1111
7287
199
2136
8312
362
6538
200
2137
8313
361
6537
3957
10133
1547
7723
5516
11692
4672
10848
3842
10018
3841
10017
3680
9856
3450
9626
1891
8067
1740
7916
3845
10021
5515
11691
1169
7345
498
6674
6042
12218
4504
10680
1853
8029
4167
10343
95
4520
10696
11449
5273
6041
12217
5001
11177
1783
7959
1432
7608
1430
7606
3482
9658
2839
9015
1550
7726
4847
11023
8956
2780
4982
11158
3406
9582
5095
11271
1431
7607
4052
10228
1931
8107
4319
10495
5531
11707
11649
5473
6027
12203
3800
9976
1817
7993
1086
7262
1867
8043
2157
8333
5519
11695
3945
10121
4475
10651
3946
10122
4114
10290
6138
12314
6129
12305
4113
10289
4852
11028
642
6818
842
7018
5370
11546
6106
12282
5583
11759
3613
9789
915
7091
2261
8437
4257
10433
5373
11549
4254
10430
914
7090
6082
12258
1544
7720
4014
10190
4013
10189
973
7149
7349
3790
9966
1173
4776
10952
3744
9920
4269
10445
1640
7816
370
6546
369
6545
5903
12079
3493
9669
3413
9589
2056
8232
3
4918
11094
9590
3414
4602
10778
6079
12255
5200
11376
5897
12073
4227
10403
5610
11786
2448
8624
3586
9762
4283
6108
12284
10460
4284
2636
8812
913
7089
42
4286
10462
4285
10461
6083
12259
368
6544
3282
9458
3653
9829
6438
12614
3740
9916
5199
11375
7143
180
967
3780
9956
3779
9955
3778
9954
3074
9250
2053
8229
3328
9504
2052
8228
1635
7811
4143
10319
4142
10318
2643
8819
2642
8818
3385
9561
423
6599
4781
10957
2752
1127
7303
658
6834
345
6521
3608
9784
6838
662
1734
7910
3322
9498
963
7139
755
6931
1360
7536
1033
7209
556
6732
3847
10023
3426
9602
818
6994
3848
10024
1823
7999
1017
7193
10263
4087
4088
10264
6127
12303
5562
11738
2145
8321
1661
7837
2413
8589
1545
7721
2029
8205
2902
9078
6146
12322
5166
11342
5162
11338
5165
11341
11331
5155
817
6993
6031
12207
816
6992
1660
7836
3369
9545
4952
11128
4110
10286
6463
12639
5210
11386
3367
9543
965
7141
64
5286
11462
360
6536
2697
8873
4769
10945
4814
10990
5082
11258
2036
8212
3948
10124
2696
8872
2631
8807
3209
9385
4450
10626
4878
11054
1699
7875
7022
846
1399
7575
5119
11295
3096
9272
11447
5271
11315
5139
1490
7666
570
6746
304
6480
4449
10625
1792
2799
7968
8975
1887
8063
5647
11823
9944
3768
2070
8246
5833
12009
5497
11673
4278
10454
1995
8171
810
6986
5003
11179
8314
2138
424
6600
1731
7907
1448
7624
1683
7859
4797
10973
3457
9633
5208
11384
4785
10961
2517
8693
1537
7713
5468
11644
4219
10395
670
6846
4786
10962
2783
8959
796
6972
1175
7351
2088
8264
3595
9771
1825
8001
3522
9698
2614
8790
2509
8685
1371
7547
1368
7544
3701
9877
3568
9744
2894
9070
874
7050
5362
11538
4604
10780
4839
11015
2025
8201
2022
8198
220
221
2024
8200
2023
8199
3071
9247
5612
11788
3281
9457
6439
12615
2449
8625
4897
11073
4899
11075
285
2513
8689
4885
11061
1767
7943
1139
7315
6150
12326
1491
7667
5457
11633
4840
11016
4619
10795
2497
8673
4763
10939
330
6506
3597
9773
4959
11135
5799
11975
2482
8658
4900
11076
4898
11074
1302
7478
191
2514
8690
286
3465
9641
11062
4886
5317
11493
4856
11032
2410
8586
1841
8017
476
6652
218
1303
7479
605
6781
5854
12030
5329
11505
5380
11556
1851
8027
4541
10717
2068
8244
454
6630
457
6633
3665
9841
1673
7849
1567
7743
5287
11463
3833
10009
3547
9723
3546
9722
2122
8298
1842
8018
3569
9745
3995
10171
1672
7848
219
4705
10881
6080
12256
3317
9493
541
6717
1326
7502
1325
7501
1254
7430
1019
7195
1018
7194
3918
10094
5114
11290
4176
10352
3172
9348
3171
9347
567
6743
4453
10629
664
6840
3050
9226
2387
8563
3181
9357
1304
7480
438
6614
5598
11774
5085
11261
11529
5353
2808
8984
4452
10628
4876
11052
4409
10585
1852
8028
687
6863
3993
10169
4691
10867
6004
12180
5893
12069
5910
12086
5383
11559
4104
10280
384
6560
982
7158
573
6749
5158
11334
3633
9809
5109
11285
2749
8925
985
7161
1226
7402
5159
11335
3671
9847
2316
8492
5909
12085
794
6970
2315
8491
1637
7813
5350
11526
5351
11527
5157
11333
4299
10475
2075
8251
335
6511
5906
12082
5550
11726
5283
11459
5215
11391
4858
11034
9878
3702
9759
3583
1691
7867
1480
7656
3185
9361
1420
7596
14
1705
7881
5277
11453
10969
4793
5389
11565
3832
10008
5987
12163
12220
6044
3319
9495
3963
10139
5969
12145
4282
10458
789
6965
1278
7454
4998
11174
5669
11845
5388
11564
2788
8964
4471
10647
696
6872
4424
10600
4423
10599
1953
8129
1630
7806
1618
7794
1617
7793
5632
11808
2593
8769
4371
10547
1763
7939
9650
3474
2250
8426
2168
8344
5216
11392
10762
4586
2510
8686
5368
11544
4977
11153
2319
8495
12044
5868
1389
7565
2685
8861
1403
7579
5234
11410
2084
8260
565
6741
193
194
192
10028
3852
4279
10455
1328
7504
1327
7503
1324
7500
566
6742
5810
11986
3707
9883
4433
10609
489
6665
3094
9270
1681
7857
4819
10995
7762
1586
5304
11480
5819
11995
7695
1519
597
6773
1939
8115
342
6518
2829
9005
4649
10825
4432
10608
4389
10565
4714
10890
1938
8114
5677
11853
7137
961
5122
11298
2711
8887
4431
10607
4803
10979
4523
10699
7617
4434
10610
1441
983
7159
7157
981
5453
11629
4477
10653
960
7136
1252
7428
879
7055
3044
9220
2267
8443
11543
5367
5980
12156
1893
8069
959
7135
1555
7731
5587
11763
1434
7610
1885
8061
2527
8703
1915
8091
1914
8090
1913
8089
1435
7611
11678
5160
11336
5502
4170
10346
4758
10934
2318
8494
1429
7605
1428
7604
1299
7475
8493
2317
7474
1298
7920
1744
5452
11628
5451
11627
401
6577
6118
12294
4318
10494
1341
7517
996
7172
1309
7485
2180
8356
6119
12295
3640
9816
7483
1307
2179
8355
1311
7487
1343
7519
3937
10113
1840
8016
2306
8482
484
6660
262
217
4303
10479
2921
9097
4304
10480
3654
9830
7827
1651
4068
10244
3295
9471
1281
7457
1839
8015
216
5749
11925
5873
12049
11332
5156
4418
10594
6130
12306
5748
11924
3296
9472
5212
11388
3016
9192
1762
7938
343
6519
577
6753
10111
264
3935
2760
8936
3203
9379
970
7146
761
6937
2797
8973
9983
3807
11844
5668
4505
10681
4506
10682
2578
8754
5901
12077
459
6635
5828
12004
4240
10416
3470
9646
3443
9619
3294
9470
3015
9191
2956
9132
3936
10112
263
5899
12075
1272
7448
9133
2957
5778
11954
5146
11322
1653
7829
4704
10880
1652
7828
1479
7655
3456
9632
4798
10974
2834
9010
3629
9805
2835
9011
1684
7860
6067
12243
4928
11104
1237
7413
1236
7412
4492
10668
2381
8557
2380
8556
1291
7467
1290
7466
37
1000
7176
5524
11700
1623
7799
1235
7411
1725
7901
2912
9088
2200
8376
2196
8372
5687
11863
2911
9087
2917
9093
11379
5203
1881
8057
528
6704
1882
8058
3382
9558
3166
9342
1595
7771
928
7104
2849
9025
3742
9918
821
6997
1587
7763
3676
9852
478
6654
5302
11478
11026
4850
695
6871
2121
8297
542
6718
5435
11611
4220
10396
4715
10891
771
6947
2551
8727
1135
7311
4258
10434
1693
7869
5580
11756
5623
11799
4384
10560
4903
11079
4902
11078
4901
11077
4904
11080
3487
9663
287
3996
10172
3997
10173
4887
11063
288
4943
11119
1854
8030
11064
4888
4835
11011
4834
11010
2522
8698
4029
10205
4851
11027
971
7147
3448
9624
4811
10987
4859
11035
1067
7243
451
6627
2579
8755
4812
10988
3661
9837
3710
9886
2608
8784
2603
8779
917
7093
2538
8714
518
6694
517
6693
3792
9968
5534
11710
9640
3464
5963
12139
10646
4470
1561
7737
3588
9764
5820
11996
5371
11547
4153
10329
1812
7988
4391
10567
5929
12105
1413
7589
5634
11810
4272
10448
4532
10708
2605
8781
1152
7328
624
6800
2275
8451
3666
9842
2609
8785
701
6877
4112
10288
1129
7305
5413
11589
3064
9240
5455
11631
5637
11813
5904
12080
2660
8836
1412
7588
6003
12179
2833
9009
2832
9008
2650
8826
1096
7272
3004
9180
3005
9181
6428
12604
1779
7955
6099
12275
6072
12248
1445
7621
1097
7273
3007
9183
3008
9184
1466
7642
2651
8827
2671
8847
2670
8846
295
6471
2668
8844
2821
8997
1374
7550
4606
10782
4616
10792
9523
3347
1087
7263
2820
8996
908
7084
1071
7247
5375
11551
4295
10471
4451
10627
3663
9839
2659
8835
4393
10569
5399
11575
3664
9840
4335
10511
3667
9843
1141
7317
716
6892
5815
11991
3660
9836
2273
8449
4874
11050
2358
8534
3399
9575
3135
9311
1680
7856
2349
8525
2640
8816
3839
10015
3523
9699
3605
9781
3651
9827
4109
10285
5454
11630
7963
1787
10051
3875
5957
12133
5595
11771
3838
10014
4875
11051
2652
8828
2676
8852
3818
9994
4512
10688
2669
8845
2611
8787
888
7064
887
7063
2738
8914
2335
8511
4560
10736
5795
11971
3817
9993
5654
11830
1357
7533
3206
9382
1894
8070
3934
10110
3933
10109
1789
7965
3587
9763
1596
7772
1023
7199
889
7065
4568
10744
4732
10908
4101
10277
1778
7954
4631
10807
1777
7953
3645
9821
3947
10123
1142
7318
793
6969
772
6948
4747
10923
4745
10921
4546
10722
4545
10721
4544
10720
1816
7992
5509
11685
2227
8403
4548
10724
4547
10723
5879
12055
1223
7399
4746
10922
3299
9475
1370
7546
1054
7230
1053
7229
1052
7228
1369
7545
1124
7300
1222
7398
5878
12054
1312
7488
4594
10770
2436
8612
665
6841
4890
11066
2336
8512
5
5953
12129
5374
11550
7098
922
3307
9483
7977
1801
5346
11522
4593
10769
6434
12610
3009
9185
2444
8620
10443
4267
4800
10976
5611
11787
4595
10771
2398
8574
5826
12002
2340
8516
663
6839
3659
9835
2789
8965
4949
11125
3970
10146
4262
10438
62
5813
11989
5670
11846
2606
8782
3767
9943
2827
9003
3339
9515
2782
8958
2351
8527
2612
2817
8788
8993
4231
10407
3726
9902
4638
10814
3030
9206
2942
9118
2610
8786
358
6534
3912
10088
3908
10084
3762
9938
2790
8966
3079
9255
3656
9832
1526
7702
5671
11847
4528
10704
741
6917
2570
8746
751
6927
2919
9095
740
6916
4994
5824
11170
12000
3703
9879
3655
9831
4333
10509
5927
12103
4422
10598
5776
11952
3911
10087
5635
11811
529
6705
8783
2607
8146
1970
8145
1969
1972
8148
4280
10456
2952
9128
1633
7809
1634
7810
10317
3577
9753
4141
5539
11715
4832
11008
3438
9614
1977
8153
2635
8811
422
6598
11716
1978
8154
5540
3560
9736
486
6662
485
6661
1444
7620
659
6835
203
3439
9615
3437
9613
1128
7304
1442
7618
6427
12603
1632
7808
1361
7537
421
6597
8147
1971
8144
1968
1973
8149
1733
7909
1967
8143
3566
9742
943
7119
1827
8003
3098
9274
3204
9380
5830
12006
9826
3650
5807
11983
5812
11988
2341
8517
5600
11776
4833
11009
4740
10916
2140
8316
2139
8315
4325
10501
2269
8445
1811
7987
2453
8629
1568
7744
3287
9463
6143
12319
6132
12308
5636
11812
4323
10499
4558
10734
1793
7969
1794
7970
1215
7391
5911
12087
5568
11744
1796
7972
4557
10733
4000
10176
3999
10175
3998
10174
1443
7619
202
5948
12124
4559
10735
5058
11234
4001
10177
8724
2548
4002
10178
3440
9616
1043
7219
3976
10152
1495
7671
2936
9112
1315
7491
823
6999
5692
11868
1401
7577
5601
11777
1494
7670
2090
8266
3864
10040
3992
10168
2395
8571
9455
3490
9666
3279
5998
12174
2691
8867
11404
5228
4208
10384
4569
10745
4570
10746
4209
10385
1924
8100
7826
1650
3383
9559
5134
11310
608
6784
2287
8463
2798
8974
3497
9673
5949
12125
2763
8939
3066
9242
2762
8938
5708
11884
3856
10032
5658
11834
10031
3855
5709
11885
2751
8927
6133
12309
6120
12296
4688
10864
3921
10097
3515
9691
2526
8702
2421
8597
5066
11242
4995
11171
9499
3323
754
6930
3696
9872
3695
9871
2418
8594
4172
10348
4171
10347
3073
9249
2557
8733
2801
8977
4336
10512
2556
8732
2176
8352
2681
8857
1156
7332
3232
9408
1427
7603
1155
7331
3017
9193
3489
9665
4161
10337
3390
9566
4162
10338
1688
7864
1454
7630
5701
11877
4157
10333
2248
8424
331
6507
1319
7495
718
6894
1536
7712
6139
12315
6088
12264
12287
6111
5411
11587
5408
11584
5144
11320
5145
11321
4067
10243
1280
7456
1145
7321
1146
7322
12321
5143
11319
6145
5872
12048
1846
8022
4061
10237
2544
8720
1287
7463
2950
9126
4938
11114
2017
8193
1979
8155
1667
7843
2470
8646
5986
12162
4357
10533
1679
7855
5190
11366
3321
9497
3325
9501
4789
10965
60
1668
7844
4062
10238
4358
10534
3159
9335
6021
12197
5591
11767
10884
4708
11200
5024
10620
4444
5970
12146
5985
12161
5189
11365
4553
10729
4881
11057
4218
10394
3882
10058
5032
11208
2825
9001
1029
7205
5676
11852
10027
3851
6001
12177
6771
595
972
7148
1834
8010
4196
10372
2702
8878
3223
9399
587
6763
4636
10812
4760
10936
779
6955
5068
11244
3787
9963
5272
11448
5865
12041
5464
11640
3872
3873
10048
10049
390
6566
4010
10186
2772
8948
4425
10601
53
4191
10367
856
7032
10353
102
4177
54
5664
11840
3513
9689
11232
5056
1712
7888
4322
10498
4651
10827
6898
722
2367
8543
4443
10619
1492
7668
2215
8391
1364
7540
121
120
101
4468
10644
3823
9999
5463
11639
373
6549
5008
11184
5007
11183
4178
10354
5010
11186
2154
8330
2364
8540
4012
10188
3822
9998
4163
10339
2012
8188
2366
8542
2365
8541
10340
4164
2307
8483
2898
9074
2899
9075
2131
8307
1046
7222
1045
7221
1044
7220
96
4342
10518
1274
7450
2363
8539
3129
9305
3507
9683
3163
9339
4245
10421
3893
10069
3607
9783
3089
9265
2355
8531
92
91
105
17
11
5837
12013
3803
9979
5835
12011
3802
9978
5731
11907
5396
11572
980
7156
1075
7251
3506
9682
3220
9396
3222
9398
3221
9397
3224
9400
1542
7718
1541
7717
2324
8500
177
178
179
2326
8502
6069
12245
947
7123
948
7124
946
7122
176
4667
10843
4668
10844
7125
949
4048
10224
3409
9585
2733
8909
339
6515
3021
9197
5702
11878
2309
8485
123
1616
7792
957
7133
5770
11946
8486
2310
1072
7248
5657
11833
1265
7441
4047
10223
371
6547
4065
10241
1488
7664
2308
8484
3894
10070
3551
9727
3550
9726
3088
9264
272
273
212
210
213
211
4398
10574
4397
10573
7241
1065
1566
7742
1565
7741
1564
7740
1563
7739
3819
9995
1484
7660
6095
12271
4405
10581
1268
7444
1738
7914
1520
7696
4749
10925
1521
7697
1349
7525
1310
7486
925
7101
6066
12242
1713
7889
4954
11130
407
6583
5467
11643
1270
7446
1269
7445
2896
9072
5288
11464
5683
11859
3102
9278
1671
7847
968
7144
4476
10652
694
6870
5630
11806
5141
11317
5874
12050
1525
7701
3914
10090
2202
8378
3571
9747
1665
7841
366
6542
4440
10616
2576
8752
4071
10247
4416
10592
1670
7846
2574
8750
1350
7526
6076
12252
5470
11646
1253
7429
3113
9289
3137
9313
4585
10761
1750
7926
4406
10582
615
6791
827
7003
826
7002
5037
11213
6102
12278
3151
9327
5846
12022
6985
809
9281
3105
1611
7787
4045
10221
3141
9317
3302
9478
3142
9318
807
6983
4111
10287
4091
10267
4522
10698
5337
11513
4729
10905
1273
7449
729
6905
2897
9073
867
7043
926
7102
825
7001
16
113
4666
10842
4778
10954
3200
9376
5390
11566
4706
10882
4827
11003
5334
11510
3267
9443
4665
10841
4664
10840
2532
8708
2547
8723
5394
11570
5191
11367
3112
9288
5043
11219
3087
9263
1569
7745
3886
10062
2011
8187
927
7103
592
6768
3138
9314
2201
8377
5137
11313
7541
1365
474
6650
6033
12209
5059
11235
10790
4614
2038
8214
4308
10484
2021
8197
5609
11785
4474
10650
5133
11309
2959
9135
3333
9509
3332
9508
1246
7422
3076
9252
279
260
5936
12112
5839
12015
4473
10649
1503
7679
5430
11606
5850
12026
5506
11682
2882
9058
4150
10326
2190
8366
1553
7729
292
6468
2093
8269
1942
8118
3107
9283
2543
8719
5653
11829
5722
11898
614
6790
1941
8117
2784
8960
3514
9690
3463
9639
3153
9329
4059
10235
588
6764
2189
8365
2188
8364
5782
11958
5728
11904
5869
12045
1355
7531
2704
8880
11502
5326
5054
11230
4049
10225
4530
10706
5887
12063
6457
12633
6449
12625
4472
10648
3850
10026
2646
8822
2259
8435
1791
7967
261
3756
9932
4260
10436
3821
9997
1447
7623
1868
8044
778
6954
1701
7877
215
214
5349
11525
1605
7781
1943
8119
909
7085
3275
9451
6601
425
4720
10896
3825
10001
2161
8337
4719
10895
4892
11068
4587
10763
4259
10435
6006
12182
5841
12017
3077
9253
3552
9728
4488
10664
4347
10523
2119
8295
93
1504
7680
1664
7840
634
6810
11664
5488
1508
7684
5014
11190
5012
11188
5011
11187
4175
10351
1505
7681
4292
10468
11189
5013
5015
11191
864
7040
863
7039
2384
8560
768
6944
3379
9555
2403
8579
2402
8578
2401
8577
1829
8005
1244
7420
437
6613
582
6758
8006
1830
583
6759
3304
9480
5061
11237
4555
10731
4554
10730
9936
3760
1070
7246
2225
8401
52
5750
11926
1192
7368
2995
9171
1321
7497
5593
11769
6426
12602
4930
11106
8
160
15
5697
11873
893
7069
6373
12549
656
6832
6502
326
4396
10572
2947
9123
2125
8301
3346
9522
4072
10248
242
19
18
5486
11662
4395
10571
5328
11504
1076
7252
1658
7834
4573
10749
1845
5514
8021
11690
3840
10016
4626
10802
2265
8441
4232
10408
12
5843
12019
5229
11405
13
104
5386
11562
3880
10056
1022
7198
3553
9729
2116
8292
10671
4495
5586
11762
3596
9772
916
7092
1416
7592
5798
11974
1417
7593
5800
11976
4441
10617
1655
7831
11362
5186
1848
8024
3161
9337
954
7130
3160
9336
3162
9338
4056
10232
2767
8943
5270
11446
2722
8898
1775
7951
1008
7184
1191
7367
270
4353
10529
4420
10596
4879
11055
11255
5079
5039
11215
5890
12066
6105
12281
12254
6078
3060
9236
271
267
249
248
10
9
5707
11883
3475
9651
4198
10374
979
7155
2158
8334
5345
11521
5316
11492
2303
8479
6437
12613
9807
3631
309
6485
5588
11764
1410
7586
2625
8801
5280
11456
5187
11363
11364
5188
1195
7371
4046
10222
2927
9103
5842
12018
2028
8204
3837
10013
2773
8949
1160
7336
1808
7984
11231
5055
2764
8940
5512
11688
355
6531
5665
11841
3471
9647
2926
9102
1196
7372
4806
10982
4152
10328
6116
12292
5185
11361
3380
9556
3049
9225
3048
9224
1642
7818
756
6932
690
6866
2524
8700
4629
10805
10796
4620
2765
8941
5960
12136
2766
8942
4223
10399
4699
10875
3348
9524
2110
8286
2109
8285
1964
8140
5756
11932
4700
10876
3909
10085
3286
9462
3728
9904
5747
11923
1878
8054
1511
7687
377
6553
3327
9503
5446
11622
4302
10478
5206
11382
5276
11452
1802
7978
1533
7709
2105
8281
1485
7661
1522
7698
6043
12219
5140
11316
3326
9502
5556
11732
1026
7202
1799
7975
4301
10477
4773
10949
4979
11155
3723
9899
4655
10831
4578
10754
1946
8122
625
6801
97
4540
10716
545
6721
8457
2281
5825
12001
5513
11689
843
7019
859
7035
3300
9476
1837
8013
2666
8842
4516
10692
4761
10937
4206
10382
3625
9801
4739
10915
2779
8955
5805
11981
5977
12153
4515
10691
10447
4271
3014
9190
5894
12070
3410
9586
920
7096
4270
10446
2974
9150
4628
10804
5926
12102
5086
11262
4412
10588
4756
10932
4670
10846
4611
10787
374
6550
1654
7830
3067
9243
5289
11465
4413
10589
10590
4414
2058
8234
2973
9149
3705
9881
1606
7782
1061
7237
1060
7236
5738
11914
3679
9855
2354
8530
4734
10910
119
1395
7571
8390
2214
89
6019
12195
1573
7749
4968
11144
2976
9152
3239
9415
1062
7238
1063
7239
2637
8813
4857
11033
5423
11599
5571
11747
1562
7738
5619
11795
235
234
233
232
209
5198
11374
2818
8994
1224
7400
2883
9059
1322
7498
9890
3714
9922
3746
5821
11997
4627
10803
3110
9286
2171
8347
4987
11163
5132
11308
4774
10950
4988
11164
591
6767
1771
7947
1656
7832
1483
7659
1774
7950
207
3276
9452
4957
11133
12158
5982
3647
9823
5315
11491
2114
8290
10140
3964
1534
7710
1706
7882
1590
7766
5861
12037
3297
9473
1707
7883
3303
9479
5823
11999
2881
9057
3899
10075
3392
9568
2629
8805
2628
8804
497
6673
4246
10422
208
206
205
204
4989
11165
4896
11072
2663
8839
5763
11939
3314
9490
7024
848
3531
9707
847
7023
5849
12025
3315
9491
1527
7703
3479
9655
4469
10645
1377
7553
1646
7822
2616
8792
21
20
1398
7574
173
170
2966
9142
11920
5744
5484
11660
5483
11659
11658
5482
3639
9815
1636
7812
5469
11645
4766
10942
4765
10941
5888
12064
5930
12106
4179
10355
3182
9358
2437
8613
4590
10766
3763
9939
3263
9439
3630
9806
103
169
5443
11619
1388
7564
3215
9391
418
6594
3446
9622
3230
9406
1411
7587
1101
7277
4884
11060
1094
7270
3753
9929
3534
9710
4788
10964
5401
11577
4955
11131
4479
10655
11202
5026
679
6855
1140
7316
4870
11046
4457
10633
5918
12094
5448
11624
4787
10963
4458
10634
3646
9822
4116
10292
4883
11059
735
6911
172
171
158
156
157
155
3809
9985
3808
9984
560
6736
561
6737
7725
1549
5645
11821
6812
636
4249
10425
3047
9223
4693
10869
4692
10868
1984
8160
1091
7267
1090
7266
1058
7234
1057
7233
5400
11576
1414
7590
419
6595
3924
10100
3925
10101
3593
9769
4121
10297
649
6825
259
5796
11972
5794
11970
496
6672
3540
9716
5880
12056
3749
9925
258
5323
11499
532
6708
3541
9717
1948
8124
9926
3750
3962
10138
4482
10658
492
6668
3253
9429
2757
8933
600
6776
599
6775
2549
8725
1339
7515
3798
9974
4337
10513
5905
12081
4712
10888
1898
8074
2169
8345
1857
8033
1873
8049
866
7042
2165
8341
1700
7876
1678
7854
1083
7259
2688
8864
1960
8136
12188
3745
9921
6012
8340
2164
5498
11674
5490
11666
3991
10167
3990
10166
3989
10165
3811
9987
3988
10164
3987
10163
3986
10162
1917
8093
2914
9090
3849
10025
5528
11704
3810
9986
6421
12597
2701
8877
2700
8876
1138
7314
1137
7313
154
6696
520
2699
8875
3056
9232
3260
9436
2716
8892
3954
10130
2289
8465
5690
11866
6444
12620
6443
12619
6433
12609
2645
8821
1174
7350
2707
8883
3977
10153
2928
9104
1080
7256
1079
7255
3685
9861
3372
9548
5652
11828
1219
7395
3373
9549
2283
8459
1742
7918
10996
4820
5991
12167
3686
9862
5123
11299
4703
10879
1836
8012
4102
10278
2639
8815
2191
8367
5398
11574
4069
10245
5023
11199
278
277
4463
10639
5530
11706
500
6676
2051
8227
717
6893
503
6679
4464
10640
502
6678
1925
8101
6677
501
4080
10256
4081
10257
4690
10866
3371
9547
3099
9275
3143
9319
3084
9260
2564
8740
2563
8739
516
6692
515
6691
1178
7354
5968
12144
5721
11897
2007
8183
11151
4975
12606
6430
12605
6429
6016
12192
2008
8184
1628
7804
1629
7805
4040
10216
2929
9105
4948
11124
4947
11123
3561
9737
3616
9792
122
1085
7261
284
283
282
2263
8439
319
6495
67
3109
9285
4502
10678
4501
10677
4005
10181
5785
11961
1677
7853
399
6575
2550
8726
3168
9344
2143
8319
1176
7352
5992
12168
993
7169
1110
7286
3862
10038
5420
11596
5397
11573
5306
11482
2920
9096
4893
11069
3167
9343
56
1
3354
9530
1945
8121
3870
10046
440
6616
441
6617
4713
10889
4478
10654
445
6621
1676
7852
499
6675
269
268
187
186
184
185
183
182
9542
3366
5760
11936
4203
10379
241
240
239
975
7151
976
7152
2930
9106
5031
11207
2390
8566
3033
9209
852
7028
5077
11253
5020
11196
10542
4366
5599
11775
2893
9069
594
6770
4728
10904
4465
10641
4461
10637
724
6900
4741
10917
4199
10375
3243
9419
3416
9592
4263
10439
1998
8174
381
6557
4659
10835
10376
4200
5978
12154
5892
12068
930
7106
5115
11291
3469
9645
4652
10828
4612
10788
1496
7672
5629
11805
563
6739
5777
11953
11641
5465
1592
7768
1648
7824
2126
8302
1591
7767
4804
10980
3632
9808
3417
9593
2568
8744
2018
8194
2727
8903
4120
10296
6418
12594
5656
11832
2382
8558
403
6579
6419
12595
303
6479
6580
404
4843
11019
4229
10405
2043
8219
2044
8220
3801
9977
4514
10690
5572
11748
3126
9302
4513
10689
5726
11902
5725
11901
4241
10417
2910
9086
2216
8392
881
7057
880
7056
543
6719
1516
7692
3734
9910
387
6563
1517
7693
3733
9909
5028
11204
5063
11239
5062
11238
3519
9695
3518
9694
3270
9446
4438
10614
3445
9621
2243
8419
2242
8418
3444
9620
4281
10457
4439
10615
6084
12260
4842
11018
4314
10490
1131
7307
1130
7306
1721
7897
1036
7212
5994
12170
1722
7898
1037
7213
550
6726
549
6725
4125
10301
1217
7393
1216
7392
11421
5245
4309
10485
3919
10095
2577
8753
3556
9732
2689
8865
1266
7442
5426
11602
1645
7821
5907
12083
1497
7673
3173
9349
1233
7409
4641
10817
4640
10816
9887
3711
1498
7674
1069
7245
8789
2613
1068
7244
4094
10270
3804
9980
5027
11203
3609
9785
4965
11141
3672
9848
4248
10424
1571
7747
586
6762
5816
11992
1570
7746
4726
10902
3398
9574
2357
2690
8533
8866
4265
10441
4264
10440
912
7088
1486
7662
2232
8408
5578
11754
4860
11036
2922
9098
3397
9573
8976
2800
2231
8407
5379
11555
364
2320
6540
8496
5150
11326
406
6582
1807
7983
3576
9752
1391
7567
8995
2819
5151
11327
5675
11851
3606
9782
4140
10316
506
6682
2186
8362
2443
8619
3411
9587
4210
10386
5771
11947
5608
11784
6015
12191
1467
7643
2063
8239
1288
7464
1813
7989
2508
8684
682
6858
4500
10676
6144
12320
2163
8339
5508
11684
10674
4498
2162
8338
4499
10675
2348
8524
5481
11657
1405
7581
475
6651
897
7073
236
5301
11477
2844
9020
776
6952
1888
8064
1538
7714
2843
9019
540
6716
2496
8672
2494
8670
4373
10549
1776
7952
1055
7231
2346
8522
2345
8521
2344
8520
2343
8519
5393
11569
3859
10035
7443
1267
2962
9138
7532
1356
3412
5566
9588
11742
5193
11369
2228
8404
2106
8282
1238
7414
997
7173
3104
9280
3449
9625
3174
9350
3264
9440
1452
7628
1231
7407
995
7171
5836
12012
3806
9982
3555
9731
1515
7691
1354
7530
5173
11349
1514
7690
1666
7842
10759
4583
5784
11960
1438
7614
4533
10709
5783
11959
5597
11773
4197
10373
844
7020
4648
10824
1493
7669
905
7081
5719
11895
703
6879
10206
4030
3095
9271
1512
7688
3759
9935
2389
8565
584
6760
1509
7685
2392
8568
2082
8258
3240
9416
5740
11916
2081
8257
3758
9934
3530
9706
3898
10074
5570
11746
2362
8538
7215
7995
1039
1819
3436
9612
3904
10080
2204
8380
5774
11950
4960
11136
3271
9447
2208
8384
3915
10091
4169
10345
4831
11007
5939
12115
4509
10685
4168
10344
3494
9670
4662
10838
4321
10497
1285
7461
385
6561
30
5427
11603
692
6868
79
527
6703
871
7047
1603
7779
4983
11159
4154
10330
5361
11537
4320
10496
5546
11722
7460
1284
2013
8189
4815
10991
3674
9850
3111
9287
1518
7694
10935
4759
4889
11065
2905
9081
2955
9131
2207
8383
1384
7560
3805
9981
4415
10591
1704
7880
5685
11861
1717
7893
2720
8896
1546
7722
1703
7879
5472
11648
7651
1475
6256
12432
12354
6178
1242
7418
4100
10276
318
6494
1289
7465
2853
9029
1714
7890
116
3395
9571
2096
8272
4402
10578
2892
9068
2891
9067
2830
9006
3092
9268
1675
7851
4650
10826
3789
9965
5972
12148
3201
9377
1602
7778
6465
12641
3881
10057
795
6971
5845
12021
12642
6466
693
6869
1381
7557
4189
10365
9688
3512
5195
11371
5194
11370
5741
11917
4403
10579
2427
8603
3524
9700
815
6991
337
6513
5330
11506
702
6878
336
6512
4872
11048
1351
7527
4324
10500
5817
11993
931
5376
7107
11552
1084
7260
6028
12204
5120
11296
8706
1352
7528
2530
3678
9854
2040
8216
4524
10700
2229
8405
1213
7389
12542
6366
10786
4610
1074
7250
128
1073
7249
5672
11848
4339
10515
2814
8990
2206
8382
443
6619
3791
9967
5673
11849
5914
12090
442
6618
6396
12572
6193
12369
6394
12570
6200
12376
6165
12341
6390
12566
6342
12518
6232
12408
4306
10482
5000
11176
3511
9687
4095
10271
1366
7542
2290
8466
5493
11669
5494
11670
1689
7865
5544
11720
5441
11617
1600
7776
5243
11419
1991
8167
5291
11467
3447
9623
2724
8900
1589
7765
1588
7764
382
6558
5711
11887
3072
9248
2372
8548
1424
7600
3928
10104
3721
9897
715
6891
3722
9898
869
7045
5739
11915
90
9394
3218
5466
11642
5818
11994
5856
12032
1422
7598
5175
11351
313
6489
1293
7469
4836
11012
1295
7471
1294
7470
3247
9423
3641
9817
291
6467
9500
3324
5432
11608
3562
9738
5395
11571
5088
11264
5087
11263
1320
7496
1059
7235
3681
9857
408
6584
6026
12202
5227
11403
5434
11610
906
7082
5999
12175
5135
11311
5040
11216
2426
8602
4236
10412
2241
8417
801
6977
6029
12205
446
6622
5604
11780
966
7142
984
7160
5042
11218
3061
9237
6113
12289
5923
12099
10081
3905
3384
9560
1985
8161
237
159
655
6831
324
6500
6615
439
2235
8411
1316
7492
2984
9160
4637
10813
6372
12548
436
6612
1902
8078
3955
10131
3278
9454
758
6934
1245
7421
5170
11346
4817
10993
4855
11031
654
6830
447
6623
1607
7783
907
7083
657
6833
238
175
161
4931
11107
11112
4936
4935
11111
11233
5057
6022
12198
822
6998
4290
10466
4744
10920
2233
8409
10994
4818
389
6565
7543
1367
5574
11750
1459
7635
1818
7994
3738
9914
836
7012
2965
9141
6343
12519
4507
10683
12265
6089
5979
12155
1986
8162
5938
12114
5542
11718
1987
8163
402
6578
5196
11372
4201
10377
3737
9913
6307
12483
3358
9534
341
6517
6164
12340
6195
12371
1464
7640
12640
6464
6387
12563
1463
7639
4984
11160
6335
12511
6336
12512
6403
12579
6192
12368
6157
12333
3564
9740
5475
11651
5204
11380
1572
7748
3217
9393
569
6745
1935
8111
299
6475
254
757
6933
3214
9390
8112
1936
3769
9945
6283
12459
1759
7935
129
6328
12504
6292
12468
6190
12366
6391
12567
5834
12010
3796
9972
6329
12505
5136
11312
6350
12526
6384
12560
6400
12576
6204
12380
6360
12536
6225
12401
6306
12482
6053
12229
6399
12575
6038
12214
765
6941
3485
9661
2678
8854
924
7100
1027
7203
572
6748
4253
10429
537
6713
9970
3794
8265
2089
3795
9971
4923
11099
766
6942
536
6712
5984
12160
1376
7552
1100
7276
6459
12635
4777
10953
4581
10757
1594
7770
3320
9496
1375
7551
12636
6460
4702
10878
3844
10020
3843
10019
4487
10663
4486
10662
3580
9756
1134
7310
8289
2113
1003
7179
1425
7601
4933
11109
2775
8951
1631
7807
4618
10794
5029
11205
4926
11102
1844
8020
3897
10073
622
6798
2774
8950
4484
10660
4376
10552
3520
9696
5919
12095
6085
12261
2107
8283
883
7059
4483
10659
6188
12364
3070
9246
3916
10092
4135
10311
5710
11886
6189
12365
7455
1279
4136
10312
5855
12031
10295
4119
6365
12541
12109
5933
3623
9799
1695
7871
6091
12267
745
6921
798
6974
395
6571
3835
10011
3226
9402
6062
12238
4341
10517
746
6922
10631
4455
747
6923
2837
9013
2327
8503
2295
8471
2294
8470
2293
8469
1030
7206
1031
7207
6093
12269
6063
12239
4645
10821
1876
8052
1614
7790
1157
7333
4118
10294
1615
7791
1158
7334
1578
7754
4053
10229
11103
4927
118
2518
8694
1115
7291
2356
8532
2541
8717
4956
11132
2087
8263
4615
10791
2454
8630
1143
7319
8888
2712
709
6885
10819
4643
1177
7353
4564
10740
2086
8262
3770
9946
5809
11985
2486
8662
11265
5089
3634
9810
2167
8343
4958
11134
1822
7998
1144
7320
5808
11984
797
6973
4363
10539
939
4077
7115
10253
2166
8342
5235
11411
11167
4991
5915
12091
1900
8076
1477
7653
4565
10741
10522
4346
5111
11287
1081
7257
4195
10371
6425
12601
6424
12600
4689
10865
637
6813
1116
7292
994
7170
1136
7312
1874
8050
5279
11455
5932
12108
3604
9780
379
6555
380
6556
310
6486
308
6484
5290
11466
1884
8060
6452
12628
322
6498
1114
7290
266
265
5859
12035
3939
10115
12627
6451
3940
10116
10117
3941
2805
8981
4697
10873
4696
10872
1394
7570
910
7086
5372
11548
911
7087
5445
11621
4698
10874
5579
11755
5983
12159
4543
10719
481
6657
1437
7613
5942
12118
2804
8980
7612
1436
2803
8979
5303
11479
6272
12448
6054
6311
12230
12487
6385
12561
6255
12431
6237
12413
6402
12578
6216
12392
6271
12447
6277
12453
6207
12383
6220
12396
6060
12236
6217
12393
6184
12360
6273
12449
6412
12588
6276
12452
6137
12313
6128
12304
2933
9109
4344
10520
4345
10521
6203
12379
6312
12488
6123
12299
6174
12350
12503
6327
2935
9111
6173
12349
6162
12338
6172
12348
6163
12339
6324
12500
6337
12513
6413
12589
6230
12406
139
6231
12407
6338
12514
140
6055
12231
6186
12362
6404
12580
12558
6171
12347
6382
6362
12538
6332
12508
6052
12228
6258
12434
6318
12494
6262
12438
6167
12343
145
6302
12478
6364
12540
6294
12470
12533
6357
6300
12476
6317
12493
6159
12335
12370
6194
12352
6176
6280
12456
6185
12361
143
6179
12355
149
6187
12363
6281
12457
6180
12356
6415
12591
6356
12532
6377
12553
12394
6218
6314
12490
6210
12386
12353
6177
6414
12590
6269
12445
136
6375
12551
6376
12552
6286
12462
6046
12222
6214
12390
6388
12564
12463
6287
6295
12471
6389
12565
6051
12227
12473
6297
6212
12388
6368
12544
6268
12444
6417
12593
6351
12527
6049
12225
6370
12546
6369
12545
6257
12433
6248
12424
6296
12472
133
6249
12425
6316
12492
6411
12587
6206
12382
6205
12381
6274
12450
6319
12495
131
6267
12443
6266
12442
6310
12486
6050
12226
12499
6323
3504
9680
4103
10279
2599
8775
2000
8176
72
71
70
69
68
2600
8776
2598
8774
2597
8773
2596
8772
2595
8771
2602
8778
5804
11980
2483
8659
2459
8635
3866
10042
3505
9681
84
85
5615
11791
9796
3620
3502
9678
86
5803
11979
3503
9679
3500
9676
2540
8716
388
6564
4801
10977
4826
11002
354
6530
2388
8564
3362
9538
3011
9187
4796
10972
1810
7986
2861
9037
2859
9035
5248
11424
8048
1872
4064
10240
3619
9795
3330
9506
2719
8895
6526
350
2460
8636
4296
10472
4966
11142
1753
7929
5913
12089
293
6469
1669
7845
2451
8627
88
3622
9798
5197
11373
727
6903
2534
8710
5489
11665
5616
11792
431
6607
1021
7197
477
6653
958
7134
2239
8415
348
1911
6524
8087
2450
8626
5576
11752
1933
8109
3874
10050
5006
11182
2758
8934
1730
7906
1999
8175
5662
11838
2016
8192
10147
3971
2759
8935
6201
12377
2907
9083
1239
7415
6147
12323
2006
8182
2005
8181
2004
8180
6383
12559
126
125
41
40
39
24
5180
11356
5177
11353
5178
11354
6199
12375
6393
12569
6392
12568
6213
12389
6059
12235
6058
12234
6045
12221
12418
6241
12417
6242
6182
12358
6057
12233
6304
12480
4679
10855
109
6371
12547
12419
6243
6305
12481
6238
12414
6379
12555
6303
12479
6229
12405
12415
6239
12507
6331
6378
12554
6240
12416
4681
10857
4680
10856
4027
10203
4026
10202
2117
8293
111
110
99
98
10858
112
4682
2221
8397
51
50
49
48
47
2222
8398
2220
8396
2219
8395
2218
8394
2217
8393
2224
8400
4275
10451
2334
8510
940
7116
10199
4023
82
81
4274
10450
11352
124
5176
3344
9520
3343
9519
80
2964
9140
9518
3342
5239
11415
2963
9139
2223
8399
2615
8791
108
4683
10859
4678
10854
10204
100
4028
5179
11355
4580
10756
4031
10207
4442
10618
1663
5444
7839
11620
3331
9507
1393
7569
1392
7568
1385
7561
2683
8859
2792
8968
4607
10783
2594
8770
5633
11809
351
6527
2199
8375
1897
8073
3462
9638
2284
8460
700
6876
713
6889
2862
9038
3177
9353
3176
9352
3628
9804
5255
11431
4276
10452
11083
4907
4268
10444
8687
2511
7942
1766
1765
7941
3974
10150
4725
10901
5898
12074
937
7113
1197
7373
2409
8585
2408
8584
769
6945
8004
1828
2406
8582
661
6837
8429
2253
4298
10474
2359
8535
5249
11425
685
6861
2703
8879
762
6938
3741
9917
2151
8327
4078
10254
349
6525
4082
10258
2407
8583
4297
10473
6056
12232
6285
12461
6341
12517
1340
7516
2507
8683
2439
8615
750
6926
764
6940
5606
11782
4160
10336
4228
10404
2467
8643
1554
7730
3063
9239
2412
8588
2411
8587
453
6629
452
6628
8632
2456
2455
8631
4684
10860
2505
8681
2149
8325
2147
8323
969
7145
45
43
181
3869
10045
4390
10566
2391
8567
2133
8309
2002
8178
2148
8324
44
245
8177
246
2001
4066
10242
3747
9923
3478
9654
3477
9653
3476
9652
2464
8640
2150
8326
46
3865
10041
5106
11282
1739
7915
1419
7595
1066
7242
2855
9031
3982
10158
3658
9834
2069
8245
1028
7204
8389
2213
2863
9039
1457
7633
3657
9833
4809
10985
4592
10768
4489
10665
4577
10753
2714
8890
4942
11118
5955
12131
5952
12128
5682
11858
411
6587
410
6586
1929
8105
5292
11468
3712
9888
6568
392
3776
9952
5684
11860
3900
10076
5142
11318
3729
9905
1687
7863
1686
7862
814
6990
5848
12024
813
6989
3374
9550
4086
10262
1620
7796
647
6823
4085
10261
2260
8436
2098
8274
3336
9512
2559
8735
5073
11249
1264
7440
5231
11407
5076
11252
2255
8431
2587
8763
1732
7908
36
5582
11758
3408
9584
3985
10161
5522
11698
3236
9412
5108
11284
6223
12399
2794
8970
2240
8416
6423
12599
6422
12598
1164
7340
3452
9628
3131
9307
188
168
1163
7339
738
6914
788
6964
2478
8654
5098
11274
5130
11306
3148
9324
2247
8423
3451
9627
2665
8841
2664
8840
5679
11855
1788
7964
5613
11789
3929
10105
3910
10086
11441
5265
2847
9023
5105
11281
5680
11856
5104
11280
671
6847
4462
4932
10638
11108
2655
8831
870
7046
1609
7785
2100
8276
1038
7214
2657
8833
1912
8088
2721
8897
2101
8277
5651
11827
1608
7784
1499
7675
4996
11172
5505
11681
5247
11423
3121
9297
1790
7966
2377
8553
4190
10366
4802
10978
5724
11900
9924
3748
7342
190
1166
5827
12003
4906
11082
312
6488
918
7094
3202
9378
413
6589
3950
10126
2967
9143
571
6747
5209
11385
5737
11913
1529
7705
2916
9092
5966
12142
596
6772
5500
11676
3677
9853
8664
2488
1718
7894
4105
10281
1719
7895
4106
10282
4097
10273
1728
7904
5236
11412
5207
11383
602
6778
4340
10516
522
6698
5072
11248
1934
8110
3375
9551
2123
8299
6250
12426
5320
11496
4202
10378
2352
8528
5238
11414
1165
7341
1353
7529
189
3460
9636
5596
11772
633
6809
632
6808
4922
11098
5182
11358
3980
10156
1716
7892
1715
7891
2889
9065
574
6750
2890
9066
4993
11169
3860
10036
4992
11168
6011
12187
1040
7216
1250
7426
2477
8653
4919
11095
4239
10415
929
7105
1243
7419
8736
2560
1249
7425
666
6842
2993
9169
5700
11876
5521
11697
1301
7477
645
6821
2996
9172
2997
9173
3467
9643
5324
11500
1406
7582
1624
7800
4021
10197
1421
7597
3251
9427
3250
9426
4603
10779
787
6963
786
6962
166
167
1528
7704
1532
7708
12318
6142
5563
11739
4182
10358
4181
10357
4093
10269
2499
8675
2654
8830
4537
10713
4037
10213
2501
8677
365
6541
4038
10214
3237
9413
5618
11794
4039
10215
3309
9485
6528
352
6836
660
3308
9484
4394
10570
5617
11793
5922
12098
3510
9686
4723
10899
4092
10268
4813
10989
2515
8691
2491
8667
2500
8676
3509
9685
5877
12053
5924
12100
1961
8137
5536
11712
3975
10151
3100
9276
2571
8747
1168
7344
1167
7343
999
7175
5391
11567
4123
10299
5720
11896
1051
7227
2946
9122
1050
7226
4910
11086
5535
11711
5233
11409
1950
8126
3106
9282
2802
8978
510
6686
1612
7788
2492
8668
2111
8287
5305
11481
3234
9410
1896
8072
2851
9027
674
6850
4779
10955
3157
9333
3156
9332
4716
10892
3097
9273
2039
8215
1626
7802
579
6755
3498
9674
3248
9424
5973
12149
4365
10541
5967
12143
4675
10851
3053
9229
3942
10118
6073
12249
6456
12632
6455
12631
6454
12630
6453
12629
6100
12276
3054
9230
4015
10191
4016
10192
4017
10193
4018
10194
3055
9231
5161
11337
4731
10907
1800
7976
4722
10898
4730
10906
2981
9157
5221
11397
11020
4844
5974
12150
6032
12208
5699
11875
1331
7507
6431
12607
2735
8911
5246
11422
1400
7576
1012
7188
1697
7873
1694
7870
1923
8099
5387
11563
4579
10755
7118
942
5184
11360
5045
11221
5436
11612
5447
11623
5183
11359
1831
8007
4225
10401
1539
5409
7715
11585
730
6906
4694
10870
3890
10066
3889
10065
1956
8132
2061
8237
2060
8236
3877
10053
8780
2604
3876
10052
2978
9154
3782
9958
10863
4687
5793
11969
4183
10359
8310
2134
2583
8759
2512
8688
4226
10402
8590
2414
6478
302
5900
12076
6458
12634
1957
8133
275
276
4429
10605
1955
8131
1954
8130
4244
10420
1773
7949
359
6535
4243
10419
5285
11461
4673
10849
1007
7183
1133
7309
555
6731
3431
9607
4695
10871
7899
1723
10850
4674
8134
274
1958
7030
854
4427
10603
868
7044
6222
12398
6374
12550
3435
9611
2498
8674
6221
12397
6209
12385
803
6979
150
135
6047
12223
6048
12224
6367
12543
5118
11294
3352
9528
2244
5555
8420
11731
2197
8373
1613
7789
1010
7186
5117
11293
4022
10198
2127
8303
1193
7369
2434
8610
2787
8963
3766
5264
9942
11440
3585
9761
838
5084
7014
11260
3180
9356
3041
9217
1870
8046
3981
10157
243
244
376
6552
3043
9219
3042
9218
4550
10726
4551
10727
3363
9539
4771
10947
6270
12446
6197
12373
6196
12372
6154
12330
2985
9161
3765
9941
6153
12329
12460
6284
6275
12451
332
6508
1746
7922
6183
12359
6155
12331
1171
7347
5309
11485
4313
10489
3091
9267
1014
7190
978
7154
2102
8278
3407
9583
4238
10414
4877
11053
5232
11408
4148
10324
5769
11945
294
6470
977
7153
3895
10071
2879
9055
6968
792
1332
7508
2071
8247
526
6702
195
5551
11727
338
6514
7724
314
6490
1548
5853
12029
4782
10958
4609
10785
5614
11790
2641
8817
1815
7991
300
6476
1760
7936
5025
11201
2091
8267
301
6477
2458
8634
320
6496
2195
8371
1643
7819
2027
8203
744
6920
743
6919
3906
10082
1906
8082
34
1151
7327
5485
11661
9532
3356
4273
10449
2442
8618
2192
8368
6061
12237
5557
11733
6114
12290
5038
11214
4312
10488
432
6608
5060
11236
449
6625
1009
7185
1927
8103
2132
8308
463
6639
1910
8086
733
6909
353
6529
3052
9228
585
6761
2747
8923
2746
8922
5338
11514
393
6569
363
6539
5294
11470
3274
9450
5314
11490
553
6729
1821
7997
5033
11209
5527
11703
1883
8059
564
6740
1820
7996
2435
8611
6814
638
315
6491
2908
9084
732
6908
2330
8506
731
6907
2268
8444
5298
11474
462
6638
450
6626
1333
7509
73
196
1524
7700
2750
8926
653
6829
5299
11475
10774
26
4598
6786
610
1523
7699
5260
11436
495
6671
2301
8477
2299
8475
2298
8474
2375
8551
923
7099
228
226
225
5251
11427
2302
8478
2300
8476
2376
8552
1756
7932
2516
8692
229
227
5250
11426
8473
224
2297
5510
11686
11438
5262
10775
4599
1833
8009
2079
8255
33
32
873
7049
1784
7960
1785
7961
5261
11437
4944
11120
1832
8008
1476
7652
4134
10310
3920
10096
2064
8240
590
6766
589
6765
5458
11634
4891
11067
5781
11957
2850
9026
5244
11420
3812
9988
3508
9684
3499
9675
1764
7940
4207
10383
1849
8025
5884
12060
4916
11092
4914
11090
4155
10331
11091
4915
2940
9116
1034
7210
10551
4375
7211
1035
4042
5254
10218
11430
2304
8480
4041
10217
61
2939
9115
1098
7274
9395
3219
2174
8350
493
6669
5459
11635
3430
9606
5263
11439
2810
8986
1758
7934
760
6936
759
6935
6040
12216
2331
8507
2471
8647
1748
7924
1093
7269
230
2369
8545
3902
10078
4808
10984
4971
11147
12028
5852
1976
8152
4895
11071
4894
11070
3026
9202
3028
9204
6007
12183
8604
2428
3025
9201
3662
9838
2311
8487
1754
7930
174
3824
10000
5814
11990
12027
5851
4401
10577
5218
11394
3903
10079
3907
10083
1990
8166
1752
7928
860
7036
523
6699
2080
8256
524
6700
3883
10059
4863
11039
2493
8669
619
6795
83
5256
11432
3484
9660
2440
8616
2503
8679
394
6570
11180
5004
2506
8682
2425
8601
4
5620
11796
677
6853
753
6929
9108
2932
4622
10798
4621
10797
5257
11433
4129
10305
3853
10029
2416
8592
10304
4128
5069
11245
1552
7728
11434
5258
3361
9537
3360
9536
2417
8593
1890
8066
1889
8065
5605
11781
2438
8614
552
6728
3599
9775
4329
10505
4542
10718
5916
12092
1172
7348
1161
7337
955
7131
4362
10538
4043
10219
2468
8644
3736
9912
938
7114
1104
7280
3735
9911
3252
9428
4033
10209
2484
8660
580
6756
3020
9196
3018
9194
7297
1121
1122
7298
3637
9813
2181
8357
3103
9279
4083
10259
7181
2680
8856
1005
2415
8591
2756
8932
951
7127
2462
8638
8957
2781
2128
8304
2074
8250
950
7126
2076
8252
4348
10524
5696
11872
3441
9617
4780
10956
2943
9119
328
6504
5768
11944
1004
7180
1439
7615
491
6667
4929
11105
1363
7539
1362
7538
1747
7923
1749
7925
12626
6450
3353
9529
525
6701
3208
9384
804
6980
849
7025
5313
11489
5312
11488
3455
9631
576
6752
575
6751
5561
11737
2144
8320
3454
9630
3453
9629
6112
12288
5164
11340
346
6522
2146
8322
538
6714
3389
9565
11279
5103
2913
9089
6140
12316
6462
12638
6461
12637
5163
11339
3427
9603
4953
11129
6125
12301
3459
9635
247
3191
9367
3458
9634
799
6975
6135
12311
3196
9372
5138
11314
3190
9366
3188
9364
3994
10170
1308
7484
3495
9671
6103
12279
5780
11956
3194
9370
5650
11826
5517
11693
1487
2971
7663
9147
2661
8837
1540
7716
4733
10909
5471
11647
3579
9755
2065
8241
4036
10212
4035
10211
3189
9365
2662
8838
10764
4588
4367
10543
6090
12266
469
6645
5127
11303
4589
10765
2342
8518
290
468
6644
201
6115
12291
470
6646
5128
11304
289
467
6643
1262
7438
1965
8141
7629
1453
5102
11278
4986
11162
1390
7566
3951
10127
706
6882
2528
8704
4985
11161
3952
10128
11307
5131
1261
7437
1263
7439
3192
9368
4291
10467
4156
10332
1892
8068
1318
7494
2249
8425
1535
7711
4837
11013
1469
7645
5125
11301
5121
11297
3164
9340
3683
9859
1179
7355
415
6591
1473
7649
5627
11803
2562
8738
4848
11024
941
7117
1180
7356
5628
11804
1886
8062
3559
9735
3558
9734
1556
7732
904
7080
903
7079
714
6890
7
5332
11508
5223
11399
1711
7887
5126
11302
5124
11300
1709
7885
1755
7931
3972
10148
78
12038
5862
5545
11721
4261
10437
1992
8168
5220
11396
11613
5437
1336
7512
5081
11257
4158
10334
10624
4448
2878
9054
5885
12061
4710
10886
5667
11843
3338
9514
3764
9940
3207
9383
4447
10623
5832
12008
5773
11949
3433
9609
2353
8529
4446
10622
2777
8953
2019
8195
725
6901
11927
5751
3305
9481
1720
7896
1323
7499
1258
7434
3424
9600
1729
7905
1212
7388
1543
7719
1604
7780
9919
1809
7985
3743
5075
11251
672
6848
1199
7375
5912
12088
4331
10507
4009
10185
4332
10508
4330
10506
5480
11656
4576
10752
4721
10897
3969
10145
9211
3035
4686
10862
3968
10144
5704
11880
6098
12274
3602
9778
3601
9777
3405
9581
298
6474
4133
10309
2693
8869
5730
11906
5729
11905
3615
9791
3614
9790
5021
11197
5564
11740
2457
8633
2423
8599
1372
7548
3442
9618
4032
10208
895
7071
3621
9797
5297
11473
5674
11850
4008
10184
1919
8095
1123
7299
4822
10998
3024
9200
5440
11616
4973
11149
1407
7583
6121
12297
3158
9334
1150
7326
6018
12194
2692
8868
3212
9388
1409
7585
1149
7325
5858
12034
6039
12215
4571
10747
2280
8456
3944
10120
892
7068
2915
9091
643
6819
5282
11458
4632
10808
1162
7338
726
6902
5962
12138
5961
12137
3943
10119
9085
2909
2159
8335
2288
8464
3611
9787
721
6897
5335
11511
5886
12062
4305
10481
5237
11413
4951
11127
2815
8991
4159
10335
1838
8014
5364
11540
4380
10556
1329
7505
4242
10418
2360
8536
1089
7265
4215
10391
935
7111
3618
9794
3815
9991
5686
11862
2856
9032
1470
7646
5520
11696
1780
7956
1856
8032
835
7011
4707
10883
819
6995
4963
11139
5592
11768
2251
8427
2276
8452
4656
10832
1871
8047
4660
10836
2077
8253
3892
10068
2054
8230
2237
8413
1560
7736
3468
9644
428
6604
6160
12336
127
151
5734
11910
581
6757
539
6715
1186
7362
2479
8655
5222
11398
1117
7293
4417
10593
460
6636
4437
10613
2944
9120
2992
9168
3984
10160
3888
10064
5775
11951
4981
11157
2795
8971
4853
11029
3829
10005
557
6733
10459
3781
9957
8928
4089
10265
3368
9544
504
6680
4617
10793
1313
7489
5801
11977
456
6632
1674
7850
1247
7423
5838
12014
2709
8885
400
6576
2796
8972
1292
7468
890
7066
3913
10089
3006
9182
4873
11049
2887
9063
2592
8768
2339
8515
3878
10054
334
6510
1966
8142
1797
7973
329
6505
1649
7825
2419
8595
4359
10535
4880
11056
4217
10393
2153
8329
1047
7223
2404
8580
1227
7403
4529
10705
2323
8499
2322
8498
767
6943
5101
11277
5192
11368
4421
10597
2925
9101
1877
8053
1404
7580
414
6590
5997
12173
4969
11145
4775
10951
416
6592
1032
7208
417
6593
1949
8125
3953
10129
2717
8893
3145
9321
4644
10820
5917
12093
2565
8741
4124
10300
5152
11328
1692
7868
5327
11503
2347
8523
405
6581
3529
9705
1283
7459
2904
9080
3788
9964
5908
12084
3318
9494
9885
3709
2373
8549
2923
9099
5041
11217
1460
7636
153
4252
10428
5959
12135
2264
8440
3834
10010
748
6924
1875
8051
5958
12134
5110
11286
3938
10114
6254
12430
6279
12455
6152
12328
6340
12516
148
6236
12412
6289
12465
134
6290
12466
2860
9036
1932
8108
430
6606
6202
12378
5181
11357
4289
10465
2982
9158
2285
8461
3868
10044
4591
10767
391
6567
4925
11101
1530
7706
4096
10272
2874
9050
4535
10711
2852
9028
1696
7872
4224
10400
4426
10602
2647
8823
1334
7510
3584
9760
791
6967
3154
9330
777
6953
1916
8092
5252
11428
5253
11429
1850
8026
2465
8641
2370
8546
1920
8096
1551
7727
3754
9930
9774
3598
2986
9162
4090
10266
3195
9371
1855
8031
1468
7644
10885
2877
9053
4709
3491
9667
3423
9599
11377
5201
4131
10307
1408
7584
1148
7324
3085
9261
5975
12151
4351
10527
1330
7506
3031
9207
3730
9906
1378
7554
3527
9703
1382
7558
1344
7520
3648
9824
4735
10911
3169
9345
2989
9165
3051
9227
3544
9720
5548
11724
3581
9757
2049
8225
3922
10098
4752
10928
9704
3473
9649
4946
11122
6263
12439
6252
12428
1895
8071
6264
12440
6253
12429
6353
12529
6397
12573
6227
12403
2938
9114
22
2674
8850
3000
9176
650
6826
2619
8795
3697
9873
3116
9292
1937
8113
2953
9129
2396
8572
5016
11192
1208
7384
1209
7385
4211
10387
4186
10362
1433
7609
4256
10432
3777
9953
347
6523
5167
11343
2695
8871
5100
11276
3917
10093
2034
8210
2684
8860
2710
8886
1300
7476
5148
11324
1622
7798
4392
10568
4108
10284
1786
7962
3926
10102
1974
8150
1042
7218
1305
7481
5147
11323
2135
8311
4063
10239
678
6854
1921
8097
1271
7447
808
6984
2895
9071
806
6982
1610
7786
3901
10077
2092
8268
5002
11178
398
6574
2383
8559
4151
10327
1698
7874
1879
8055
3119
9295
76
1708
7884
4370
10546
8075
681
6857
1899
4310
10486
2009
8185
4950
11126
4460
10636
4841
11017
2230
8406
5573
11749
2495
8671
3246
9422
5366
11542
1510
7686
2041
8217
1251
7427
2371
8547
6395
12571
1423
7599
321
6497
448
6624
1462
7638
340
6516
3739
9915
3797
9973
5883
12059
3069
9245
4867
11043
2485
8661
4868
11044
4430
10606
137
6278
12454
6181
12357
146
6211
12387
144
6224
12400
3501
9677
2539
8715
2601
8777
1020
7196
4024
10200
5956
12132
3627
9803
712
6888
3775
9951
2656
8832
4020
10196
4536
10712
2045
8221
4428
10604
433
6609
734
6910
2400
8576
3254
9430
4807
10983
3027
9203
2504
8680
2469
8645
3643
9819
2066
8242
472
6648
5074
11250
5439
11615
2694
8870
4132
10308
1147
7323
3783
9959
2446
8622
2842
9018
1980
8156
5310
11486
1735
7911
4911
11087
936
7112
3617
9793
3258
9434
4654
10830
3036
9212
65
5940
12116
2990
9166
858
7034
5153
11329
820
6996
1621
7797
3516
9692
3313
9489
616
6792
680
6856
4601
10777
2472
8648
611
6787
6261
12437
6315
12491
6247
12423
6355
12531
27
2673
8849
3001
9177
3771
9947
829
7005
5019
11195
3590
9766
5267
11443
4287
10463
5418
11594
2035
8211
4838
11014
2846
9022
1342
7518
1724
7900
2649
8825
891
7067
3761
9937
4799
10975
4221
10397
2245
8421
2575
8751
1506
7682
3857
10033
2523
8699
668
6844
667
6843
6017
12193
812
6988
811
6987
3961
10137
4311
10487
2566
8742
2567
8743
5090
11266
4315
10491
4497
10673
544
6720
2305
8481
4467
10643
2529
8705
2211
8387
2374
8550
1601
7777
6282
12458
4934
11110
2776
8952
623
6799
6208
12384
6244
12420
132
6333
12509
2461
8637
2003
8179
4025
10201
2152
8328
3973
10149
5129
11305
2558
8734
5107
11283
4490
10666
4676
10852
2653
8829
9776
2193
8369
3600
2399
8575
494
6670
2941
9117
2466
8642
2368
8544
1120
7296
4328
10504
5168
11344
5224
11400
471
6647
3492
9668
1211
7387
4972
11148
3211
9387
4517
10693
3421
9597
991
7167
2667
8843
1598
7774
2046
8222
2337
8513
1805
7981
2901
9077
2698
8874
1189
7365
4658
10834
4750
10926
3350
9526
770
6946
3386
9562
1745
7921
519
6695
1864
8040
3700
9876
1205
7381
4115
10291
5268
11444
3846
10022
1989
8165
4255
10431
4764
10940
4784
10960
568
6744
1440
7616
1248
7424
455
6631
3879
10055
4596
10772
1847
8023
5036
11212
2010
8186
4718
10894
3554
9730
4354
10530
5714
11890
1507
7683
4138
10314
1741
7917
3539
9715
4139
10315
5174
11350
3885
10061
1513
7689
3357
9533
3563
9739
325
6501
2924
9100
4869
11045
3225
9401
4343
6215
12391
10519
2286
8462
3867
10043
3175
9351
4685
10861
2097
8273
1531
7707
736
6912
5097
11273
4534
10710
434
6610
4374
10550
2332
8508
2809
8985
3019
9195
1975
8151
3884
10060
3193
9369
3290
9466
878
7054
2033
8209
316
6492
2785
8961
5048
11224
2184
8360
2185
8361
3227
9403
3720
9896
4382
10558
1118
7294
2675
8851
651
6827
8555
4828
11004
2379
3117
9293
1472
7648
5034
11210
1465
7641
1002
7178
3139
9315
3140
9316
397
6573
1228
7404
3216
9392
4194
10370
3863
10039
562
6738
5092
11268
1474
7650
1241
7417
6410
12586
2806
8982
6301
12477
2333
8509
2658
8834
3235
9411
5099
11275
737
6913
5259
11435
554
6730
1644
7820
3755
9931
1599
7775
8468
1993
8169
3419
9595
2292
2545
8721
5049
11225
2744
8920
3891
10067
613
6789
505
6681
3830
10006
4854
11030
3466
9642
1206
7382
1826
8002
1456
7632
5937
12113
3831
10007
1795
7971
2831
9007
106
3725
9901
1064
7240
3724
9900
865
7041
2059
8235
919
7095
2210
8386
323
6499
1461
6358
12534
7637
2983
9159
1335
7511
2793
8969
2452
8628
138
6386
12562
4099
10275
5896
12072
3329
9505
1928
8104
2194
8370
4356
10532
1006
7182
1317
7493
1863
8039
4235
10411
900
7076
899
7075
1804
7980
3012
9188
5052
11228
5053
11229
5381
11557
1798
7974
3949
10125
1726
7902
5149
11325
1402
7578
357
6533
4646
10822
3402
9578
2325
8501
2385
8561
3401
9577
426
6602
1478
7654
2212
8388
2994
9170
4019
10195
1727
7903
3376
9552
2816
8992
3155
9331
3377
9553
1625
7801
6156
12332
1781
7957
1782
7958
1314
7490
5050
11226
3480
9656
2888
9064
1234
7410
1862
8038
6191
12367
4316
10492
2934
9110
5091
11267
5093
11269
147
142
2083
8259
152
5559
11735
3178
9354
3280
3301
9477
1194
7370
4146
10322
511
6687
3827
10003
3567
9743
5169
11345
4790
10966
669
6845
435
6611
5116
11292
4767
10943
5433
11609
2187
8363
1306
7482
9456
4727
10903
4466
10642
