type vector
size 5141
values
0 -0.0112287
1 0.0189736
2 0.00431691
3 0.032265
4 -0.0120233
5 -0.00643035
6 0.00618104
7 -0.0167284
8 0.0192195
9 0.0192169
10 0.0057325
11 0.00792062
12 0.00129308
13 0.0102845
14 0.0436826
15 -0.0128423
16 0.00245259
17 0.000967939
18 0.000889441
19 0.00452357
20 0.0021673
21 0.00074304
22 0.00400877
23 -0.0370521
24 0.00915575
25 0.00399325
26 0.0167897
27 0.00311625
28 -0.0313504
29 0.0746564
30 0.0976806
31 0.000162249
32 0.00325231
33 0.0249193
34 0.0209108
35 0.000405985
36 0.00228235
37 0.000398397
38 9.77873e-06
39 0.000234994
40 0.00020876
41 -3.27572e-06
42 -3.56554e-06
43 0.00139242
44 -0.0135945
45 0.000971234
46 0.000123764
47 -0.00209211
48 -0.000190286
49 -1.96882e-05
50 -3.9126e-05
51 -0.000156284
52 6.06867e-05
53 -0.000252482
54 0.00787169
55 8.71385e-05
56 -1.34549e-06
57 0.000711451
58 -1.38494e-05
59 0.000224726
60 0.00374984
61 0.00341481
62 0.000230435
63 -0.00182104
64 -0.000212034
65 7.24099e-05
66 -0.000294147
67 5.15295e-05
68 0.000849407
69 0.00495197
70 0.000346795
71 0.00238143
72 0.000587745
73 -0.0043619
74 0.000114182
75 -0.000533967
76 -0.000211138
77 -4.40083e-05
78 -0.000271612
79 -0.0010961
80 -9.57645e-05
81 9.93122e-05
82 9.68564e-05
83 0.000361192
84 0.00227722
85 -0.000106952
86 1.44894e-05
87 -0.000249137
88 -4.87864e-06
89 0.00295485
90 0.00293245
91 0.0013834
92 -0.000462388
93 0.000153432
94 0.00235342
95 -4.02924e-06
96 0.000100789
97 0.000149971
98 0.0011526
99 0.000514782
100 0.000101988
101 -0.000867486
102 0.00961574
103 0.000546627
104 0.000642977
105 0.000354771
106 5.02597e-06
107 -0.000332217
108 -1.59697e-05
109 0.00103223
110 -0.00179765
111 0.00134717
112 -0.00024754
113 0.000403239
114 1.80572e-05
115 7.54663e-05
116 4.58263e-05
117 1.02846e-05
118 0.000155177
119 0.000173756
120 3.68381e-05
121 0.0014252
122 -0.00104013
123 -0.00193969
124 7.13163e-05
125 0.000750033
126 0.00357126
127 0.00380183
128 2.9688e-05
129 -0.000124449
130 -0.000522264
131 -0.000440798
132 8.27891e-05
133 0.000342794
134 -0.000114082
135 -2.12899e-05
136 -0.000263234
137 0.00189809
138 0.000234343
139 -0.000251183
140 0.000677178
141 1.17689e-06
142 0.000133747
143 3.34596e-05
144 0.000329104
145 1.41666e-05
146 -0.000382522
147 9.9544e-06
148 0.000263158
149 -5.46016e-06
150 0.000123805
151 0.000808824
152 -0.0038195
153 0.00160081
154 7.88716e-06
155 0.00334414
156 0.000263638
157 -0.000871826
158 3.56456e-06
159 0.000462061
160 3.09235e-06
161 0.000200832
162 -0.00116514
163 0.00055386
164 0.0043497
165 -0.000826532
166 -0.000112956
167 -5.24085e-05
168 -8.55226e-05
169 0.0036547
170 0.00287692
171 0.00302379
172 3.25281e-05
173 1.01496e-05
174 -6.18727e-05
175 7.0298e-05
176 0.00024046
177 4.02435e-05
178 0.00150911
179 1.31074e-08
180 3.63031e-05
181 0.000504634
182 0.00467736
183 -0.000115087
184 0.000688954
185 -0.000679828
186 -0.000552292
187 0.000280453
188 -0.000833469
189 -0.00160615
190 0.00126245
191 0.000213615
192 5.48985e-05
193 0.000693604
194 0.00117075
195 9.46971e-05
196 -0.000438692
197 0.000138406
198 0.00313141
199 0.00516741
200 2.83933e-06
201 -0.000306514
202 0.000238466
203 2.46166e-06
204 -0.000131246
205 0.000712392
206 -2.50647e-06
207 1.04173e-05
208 0.00163037
209 0.000617136
210 0.00169099
211 0.00105065
212 0.0001096
213 6.92949e-05
214 0.000456774
215 0.000999157
216 0.00123545
217 0.000529801
218 0.000654286
219 0.000180818
220 0.000339299
221 0.000277849
222 2.63507e-05
223 0.00070708
224 -0.00354567
225 0.00066325
226 9.40874e-06
227 6.42086e-05
228 -0.00035822
229 0.000151079
230 0.000686
231 9.04389e-06
232 0.000582021
233 0.000308312
234 0.00096863
235 0.000927579
236 0.000172537
237 0.000361419
238 0.00256207
239 0.0125268
240 7.5798e-05
241 0.000518303
242 0.000700048
243 0.0013124
244 1.75739e-05
245 0.000657248
246 5.28158e-05
247 -0.00187994
248 7.4588e-07
249 0.00143556
250 -0.000129844
251 -0.000341148
252 0.0212458
253 0.00755901
254 1.95882e-05
255 0.000152645
256 -0.00322576
257 -0.000120682
258 -0.000365503
259 0.000699753
260 0.000473203
261 0.000727533
262 0.000646086
263 0.000105769
264 1.23505e-05
265 0.00290917
266 0.00381501
267 0.000385875
268 8.44491e-05
269 0.000429203
270 0.00122031
271 3.33749e-05
272 -0.0032685
273 -0.00238174
274 4.52796e-05
275 3.30332e-05
276 2.58182e-05
277 0.00162154
278 0.000486766
279 0.0012531
280 -1.29778e-05
281 6.00651e-06
282 1.65481e-05
283 0.00146389
284 -2.2385e-05
285 0.00101378
286 0.000103667
287 0.00233397
288 2.50692e-05
289 0.000240697
290 0.00111295
291 2.56395e-05
292 -0.000730988
293 5.5475e-06
294 0.000833971
295 0.00011922
296 0.000457118
297 -0.000337761
298 1.72447e-05
299 0.00210228
300 0.00257555
301 1.69313e-05
302 0.000211579
303 -0.000181719
304 -0.000117942
305 -0.000326545
306 0.000473791
307 0.00116959
308 -1.15956e-06
309 -0.000304793
310 0.00792483
311 -0.000832106
312 -0.00159686
313 -0.00655807
314 -0.0028056
315 0.001086
316 0.000167515
317 0.000681381
318 0.00149017
319 -0.000136966
320 0.000484092
321 0.00467884
322 0.00176993
323 -0.000582882
324 0.00421754
325 0.00011261
326 0.00046763
327 0.019787
328 0.00139083
329 6.60895e-05
330 0.000145607
331 6.78169e-06
332 4.44788e-06
333 -0.00153416
334 0.000284572
335 -0.000482471
336 0.000865766
337 0.00225302
338 0.00084103
339 6.14074e-05
340 -4.90096e-05
341 0.00957853
342 0.00904299
343 0.000938468
344 5.17802e-05
345 0.0166398
346 1.61366e-05
347 -0.000256292
348 0.00336568
349 -0.00783789
350 -0.00724213
351 0.0165254
352 -0.00190647
353 0.00337741
354 0.00268569
355 0.00445098
356 0.00892426
357 0.0186393
358 0.00615816
359 0.0160613
360 0.00396091
361 0.0222478
362 -0.010622
363 0.00422404
364 0
365 0.00135213
366 0.0172121
367 0.00505891
368 0
369 0.00477472
370 -0.0109068
371 0.0349244
372 0.00699189
373 0.0304892
374 0.00435774
375 0.00857094
376 0.00399069
377 7.51737e-05
378 -0.00234251
379 0.00425382
380 0.00301567
381 -0.00335973
382 0.0274058
383 -0.00267608
384 0.0109877
385 -0.00225296
386 -0.0214247
387 -0.0355441
388 -0.0287192
389 0.00140628
390 0.000240428
391 0.000712809
392 0.00531809
393 0.00395538
394 0.00125287
395 -0.014535
396 0.00559046
397 0.000326341
398 0.0139528
399 -0.0121872
400 -0.00150684
401 0.000436242
402 0.0214196
403 -0.00565514
404 -0.00215901
405 -0.00350526
406 0.013061
407 0.007679
408 0.00201928
409 -0.00128205
410 0.0742421
411 0.00064397
412 0.000585476
413 5.21977e-05
414 0.00949457
415 0.00156588
416 -0.000218128
417 -0.00739045
418 -0.000115641
419 -0.0598781
420 0.000229002
421 0.00661936
422 0.0366379
423 0.00492848
424 0.0050039
425 0.000325113
426 2.47442e-05
427 -0.00450474
428 -0.00348195
429 -5.0654e-05
430 0.000117764
431 0.00705286
432 -0.00619402
433 0.00236065
434 0.0211491
435 0.00613039
436 -0.00873745
437 -0.00275679
438 -8.34484e-05
439 0.00189334
440 0.000628605
441 -0.00275185
442 0.00190191
443 0.00509318
444 0.00150559
445 0.00271342
446 -0.00500143
447 0.00994123
448 0.00268502
449 0.00533553
450 0.000193727
451 -0.00415989
452 -0.00583795
453 -0.00265446
454 0.00132266
455 -0.0602827
456 -0.0530371
457 0.0055075
458 -0.00617657
459 0.0105017
460 0.0300993
461 -0.00382667
462 0.0148886
463 0.00798014
464 0
465 -0.00132066
466 -0.000532158
467 -4.83089e-06
468 0.0362333
469 0.0103593
470 0.0242807
471 -0.0105409
472 0.0406721
473 0
474 0.0282111
475 0.00220484
476 0
477 -0.00685526
478 0.010601
479 0.000513903
480 3.06264e-05
481 -0.0160179
482 -0.00699747
483 0.00701037
484 0.0708037
485 0.01227
486 0
487 0.0993311
488 0.0830641
489 -0.0137947
490 0.0110578
491 0.0117663
492 -0.00297541
493 4.83555e-06
494 -0.0153803
495 0.00490434
496 0.0185571
497 0.0343815
498 0.046681
499 0.0558043
500 0.000292978
501 0.0173039
502 -0.00825606
503 0.00951721
504 0.0217679
505 0.0676242
506 0.0372459
507 0.0312452
508 0.00154866
509 -0.00173466
510 -0.00193027
511 0.0350272
512 0.016619
513 0.0140664
514 0.00242773
515 0.00969547
516 0.0140183
517 0.0130815
518 -0.015488
519 -0.0134402
520 0.000467779
521 -0.0023344
522 0.0001586
523 0.00292989
524 -0.000631725
525 0.001928
526 0.000735571
527 0.000890645
528 0.00418576
529 0.000395048
530 0.00478476
531 0.000348914
532 0.000466221
533 -0.00130284
534 -0.000375071
535 0.000879348
536 0.00146212
537 0.00220476
538 -0.000879352
539 0.000220223
540 -0.000100736
541 0.00346826
542 0.000984875
543 0.00165515
544 1.0299e-05
545 -0.00796186
546 0.000756123
547 -7.3389e-05
548 -0.020055
549 -0.00219
550 0.0158677
551 0.00648467
552 0.00133175
553 -5.85333e-05
554 0.00669338
555 0.00269011
556 0.00149853
557 0.0011497
558 0.000514006
559 0.00277245
560 0.0029544
561 0.000853424
562 0.00246857
563 -3.42242e-05
564 0.00110927
565 0.00225001
566 0.0113342
567 0.0209144
568 -0.000683488
569 0.000722913
570 -0.000123483
571 0.0003175
572 0.00126328
573 0.000174023
574 0.00143233
575 0.000111444
576 -0.00114095
577 0.000364395
578 0.00117856
579 0.000494974
580 -7.7343e-05
581 0.000379324
582 -0.000643615
583 0.00102464
584 0.0143752
585 0.00774404
586 0.000188334
587 0.000541097
588 0.00887027
589 0.00191079
590 0.000353497
591 0.000297264
592 0.0012308
593 9.73342e-05
594 -0.000342335
595 0.000559847
596 -0.00115136
597 0.000158505
598 0.000162467
599 -1.11112e-06
600 0.000172073
601 0.000136668
602 0.000300646
603 0.000209455
604 0.000210817
605 1.61429e-06
606 0.000638319
607 0.000138166
608 0.000424573
609 0.000182778
610 0.000581627
611 -0.000331742
612 0.000147147
613 0.00192573
614 0.000107474
615 0.00016652
616 9.65249e-05
617 0.00512019
618 0.00154343
619 0.000263272
620 -0.000236139
621 -2.15791e-05
622 0.00162919
623 0.00196216
624 1.19146e-05
625 0.000983676
626 0.000883987
627 7.59327e-05
628 0.00131049
629 -9.55116e-05
630 0.00233571
631 0.000521064
632 0.00784681
633 0.01145
634 0.00741348
635 0.00406897
636 -1.04952e-05
637 0.000755521
638 0.00161628
639 0.000200168
640 5.4016e-05
641 -0.000266727
642 0.00124614
643 0.00950904
644 0.00582379
645 0.006311
646 0.00065592
647 0.00055771
648 0.00121179
649 9.71262e-05
650 -0.00349609
651 0.0231127
652 0.00188533
653 0.000351861
654 0.0028838
655 0.000928355
656 0.00345068
657 0.00651733
658 0.00169018
659 0.000105415
660 7.48067e-07
661 -0.000553333
662 0.00164659
663 0.00198736
664 0.00200037
665 -0.000141518
666 0.00174734
667 -0.00072923
668 0.00173958
669 0.00214931
670 -0.00153172
671 -0.000441532
672 0.00154485
673 0.00360373
674 -0.00504257
675 -0.00381978
676 1.84605e-06
677 -0.000834233
678 0.000149247
679 -0.000949493
680 -0.000212998
681 -2.60004e-07
682 0.000665518
683 0.00100513
684 0.00574427
685 0.00970077
686 -0.00268838
687 -0.00288678
688 0.00397138
689 0.00114809
690 7.35934e-05
691 0.00862474
692 0.000434622
693 0.00356018
694 -1.22162e-05
695 0.00881784
696 0.000391487
697 -2.20534e-05
698 0.00160274
699 0.00102773
700 0.00719023
701 0.000712923
702 0.00102619
703 -0.000435999
704 0.00668696
705 0.00379202
706 0.000596582
707 -1.03513e-05
708 4.62873e-06
709 0.00288526
710 0.000195738
711 0.000996113
712 0.000520741
713 0.00129874
714 0.00223104
715 4.6379e-06
716 0.000149647
717 0.00297226
718 0.000104077
719 0.00027153
720 -4.94677e-05
721 -0.000699899
722 7.56766e-05
723 -0.00229235
724 0.00069709
725 0.00069952
726 0.00141461
727 0.00343675
728 0.00356215
729 0.00258433
730 -0.00175662
731 0.00208747
732 0.00118545
733 -0.00270558
734 1.6615e-05
735 0.000444926
736 0.00148334
737 0.000831631
738 -0.000388661
739 0.00543145
740 0.000565392
741 0.000249455
742 -0.000150974
743 0.00111746
744 0.000260641
745 -7.44253e-05
746 0.00525009
747 0.00424997
748 0.000119745
749 -0.00173279
750 -0.00287267
751 6.89205e-05
752 0.000471186
753 0.00211568
754 0.000532777
755 0.00055539
756 0.00103464
757 0.00264812
758 0.00199189
759 0.000141963
760 0.00151345
761 0.00931876
762 0.00456773
763 -0.000144299
764 0.000177296
765 -5.97406e-05
766 4.18753e-05
767 0.000743558
768 -0.000559682
769 0.000837247
770 0.000367141
771 0.000214296
772 0.000522097
773 0.000652617
774 0.000281715
775 0.00189774
776 0.000376804
777 0.000301076
778 5.7989e-05
779 0.00242763
780 -0.000754728
781 -0.00472733
782 -0.000624211
783 -0.00137739
784 -7.88561e-05
785 0.000176197
786 9.19127e-05
787 1.84487e-05
788 -1.25516e-05
789 -0.000165433
790 0.000166834
791 -0.00422495
792 -0.00236579
793 5.83809e-05
794 0.000138098
795 0.0028874
796 0.000768826
797 0.000552405
798 0.00340736
799 -0.000930955
800 0.00178
801 0.000129927
802 0.000377124
803 0.00183184
804 0.00113966
805 0.00114479
806 2.79172e-05
807 6.35743e-05
808 0.000649293
809 0.000784323
810 0.000925014
811 -3.02105e-05
812 0.00146186
813 0.00746013
814 0.000155939
815 0.000183594
816 0.000176491
817 0.000404664
818 -2.2785e-05
819 0.000790942
820 0.00422945
821 -0.000561735
822 0.000958849
823 0.00179736
824 6.47911e-05
825 4.64854e-05
826 0.000286798
827 0.00165766
828 -0.00298686
829 7.80327e-05
830 -0.00198575
831 0.000162677
832 0.000570438
833 -0.000847177
834 0.00121125
835 0.000181211
836 0.000237071
837 0.000961251
838 4.24508e-05
839 -2.68224e-08
840 0.0023514
841 -3.94577e-05
842 -0.000403445
843 0.00120493
844 0.00111205
845 -0.000132058
846 -0.000104698
847 0.000929863
848 0.00188603
849 0.00220098
850 3.65227e-05
851 0.000366947
852 0.00282499
853 0.000484686
854 -0.00209298
855 0.000927106
856 0.000931224
857 0.000642986
858 3.40463e-05
859 4.34716e-05
860 0.00104528
861 0.00176106
862 0.000469032
863 0.00046654
864 0.000609793
865 0.0021573
866 0.00123517
867 0.000583031
868 0.00167262
869 3.01929e-06
870 0.00388237
871 0.000729807
872 -0.00222464
873 0.000136192
874 0.000664115
875 0.000119455
876 -0.00331051
877 -0.000393789
878 0.00107893
879 0.000938833
880 0.00316205
881 -0.000540188
882 0.000506929
883 0.00192101
884 0.000165545
885 0.000874768
886 0.00723204
887 0.00123989
888 0.00103327
889 0.000603806
890 7.796e-05
891 0.00131655
892 0.000208971
893 0.000915682
894 0.000684726
895 0.000723771
896 0.000235998
897 0.00188484
898 0.000618429
899 0.00279081
900 0.00132076
901 0.000859236
902 0.000512587
903 -0.000330067
904 0.000107064
905 0.000628301
906 0.000331864
907 0.000634865
908 0.000312346
909 0.000675092
910 0.0024432
911 0.00663621
912 0.00150633
913 0.00202633
914 8.25535e-05
915 0.00109877
916 0.00100682
917 -1.36923e-05
918 0.00142526
919 -0.015522
920 9.84106e-05
921 -0.0033337
922 0.00152412
923 0.00262426
924 0.0010173
925 0.000246506
926 0.00166857
927 0.00320139
928 0.00219945
929 0.00423931
930 0.00102777
931 -0.000116356
932 -0.000526186
933 0.0005789
934 0.00150461
935 0.000431057
936 4.2285e-05
937 0.00078426
938 -2.05341e-05
939 0.000225465
940 -0.000577355
941 -0.000174029
942 0.00215409
943 0.00351647
944 -0.000222808
945 0.000191867
946 7.15752e-05
947 0.000202339
948 0.000803661
949 0.00108034
950 0.000140733
951 0.000412177
952 0.000434545
953 0.000125164
954 0.00205722
955 0.000680795
956 0.000445397
957 0.00119052
958 0.00171057
959 -0.000360911
960 -0.000468611
961 0.00626984
962 0.00101169
963 0.00447676
964 8.46563e-05
965 0.00012371
966 0.00026637
967 0.000199444
968 0.000417047
969 3.07626e-05
970 0.00120483
971 0.000679905
972 -0.00587869
973 0.00282109
974 0.0021096
975 0.000652766
976 0.00266769
977 -0.00226565
978 0.00038867
979 -9.11867e-05
980 0.000300039
981 0.00117713
982 0.00108541
983 0.00201178
984 0.000826769
985 0.00213162
986 0.00015656
987 5.64262e-05
988 2.94088e-05
989 0.00181403
990 0.000509666
991 0.000147961
992 0.00157521
993 0.00280389
994 0.00111633
995 0.0025715
996 -0.0111216
997 -0.013775
998 0.00140911
999 0.00195246
1000 0.000110684
1001 0.000976125
1002 0.00388561
1003 0.00120134
1004 0.000828717
1005 -0.00489162
1006 -0.00354643
1007 0.000915361
1008 0.00118911
1009 0.00325034
1010 0.00132315
1011 0.00226009
1012 0.000632747
1013 0.000590498
1014 0.000371809
1015 0.000293676
1016 0.0019
1017 -5.52985e-05
1018 -0.000277977
1019 0.00141595
1020 0.000389746
1021 -3.34737e-05
1022 0.00215342
1023 0.000579311
1024 0.00155099
1025 0.000159034
1026 0.00114179
1027 0.00223238
1028 0.00127785
1029 4.73397e-05
1030 0.000180752
1031 0.000301313
1032 0.000313447
1033 0.000813586
1034 -0.000452807
1035 0.000994559
1036 -2.54844e-05
1037 0.000212061
1038 0.00165548
1039 0.000790589
1040 0.00294262
1041 1.50366e-05
1042 0.000202065
1043 -3.75573e-05
1044 -0.000611849
1045 0.000222255
1046 0.000359887
1047 0.000467089
1048 -0.000119836
1049 0.000374647
1050 0.000142483
1051 0.000145029
1052 0.00381569
1053 0.00114105
1054 0.00619395
1055 0.00107997
1056 0.000255151
1057 0.000594277
1058 0.0014349
1059 0.000174511
1060 0.000559179
1061 0.000107437
1062 -0.00207729
1063 -3.40036e-05
1064 -0.000201277
1065 0.000217775
1066 -0.000666815
1067 -0.000479419
1068 0.000566207
1069 1.03495e-06
1070 1.45617e-06
1071 1.00575e-05
1072 2.48573e-07
1073 -3.05295e-06
1074 0.000227102
1075 2.70257e-05
1076 6.52764e-05
1077 0.000740331
1078 4.86041e-06
1079 0.000291138
1080 -0.00478668
1081 -0.000546247
1082 0.000695443
1083 -1.68997e-05
1084 5.93832e-05
1085 0.000944268
1086 5.6452e-05
1087 1.32077e-06
1088 0.00109394
1089 0.00127421
1090 0.000455986
1091 -3.37862e-06
1092 0.002294
1093 -0.00024227
1094 0.00018478
1095 0.000230172
1096 0.000224955
1097 0.000171502
1098 1.40323e-05
1099 5.13694e-05
1100 -5.75051e-05
1101 -8.55604e-05
1102 0.000437994
1103 0.00165107
1104 2.65238e-05
1105 0.000267022
1106 -0.000104968
1107 0.000610748
1108 -0.00286277
1109 -0.000709184
1110 2.70264e-05
1111 2.08104e-05
1112 -6.47729e-05
1113 -0.000112032
1114 0.000303324
1115 0.000380515
1116 0.000138127
1117 0.000304693
1118 0.000865051
1119 8.0744e-06
1120 6.82614e-05
1121 0.000323063
1122 -0.00010594
1123 0.000669608
1124 -0.00193084
1125 -3.41549e-05
1126 0.000270447
1127 0.00059288
1128 0.000864273
1129 0.000114303
1130 0.00118264
1131 0.0001935
1132 0.000120075
1133 0.000348129
1134 2.53177e-06
1135 0.000807147
1136 6.47983e-08
1137 6.47983e-08
1138 0.000747681
1139 0.000302917
1140 0.000312785
1141 0.000600358
1142 4.77776e-05
1143 0.00431234
1144 0.000842614
1145 5.04968e-05
1146 1.96767e-07
1147 -0.000455939
1148 -0.000212785
1149 -8.74947e-05
1150 7.87976e-05
1151 0.00244009
1152 0.000577611
1153 0.00271427
1154 -0.000706047
1155 0.00385036
1156 -0.000261837
1157 0.000663896
1158 -0.000138354
1159 0.000122684
1160 -0.000420797
1161 -6.32094e-05
1162 -0.000161455
1163 0.000428246
1164 -0.00031006
1165 0.000497076
1166 9.96897e-05
1167 -0.0001816
1168 -0.00187265
1169 0.00103378
1170 0.000392089
1171 -0.000815138
1172 0.000264015
1173 -2.43436e-05
1174 8.69946e-05
1175 0.00170716
1176 0.00300196
1177 -0.000433887
1178 0.00152453
1179 2.99845e-07
1180 5.24594e-05
1181 0.000459118
1182 0.000290193
1183 0.000323027
1184 9.3658e-06
1185 2.82677e-05
1186 0.000208594
1187 0.00102658
1188 0.000871437
1189 0.000138128
1190 -7.88021e-06
1191 0.000337791
1192 5.19801e-05
1193 3.68294e-05
1194 6.48962e-05
1195 0.000831722
1196 -0.000175628
1197 0.000604379
1198 3.59584e-05
1199 0.000177991
1200 0.000540301
1201 0.000266292
1202 -1.9634e-06
1203 6.04265e-06
1204 -0.001142
1205 -0.000619367
1206 0.000239005
1207 0.000181197
1208 0.00132898
1209 5.06079e-05
1210 -9.35497e-05
1211 5.981e-05
1212 0.00031011
1213 0.000882434
1214 4.37854e-05
1215 0.00028829
1216 0.00075363
1217 0.000180832
1218 -0.000191215
1219 0.00122676
1220 -0.000240655
1221 -0.000492754
1222 0.000584284
1223 0.000113094
1224 -0.000249257
1225 0.00482772
1226 -0.00024155
1227 -0.00128082
1228 0.000435909
1229 0.000332558
1230 0.000312397
1231 0.00289667
1232 -4.32227e-07
1233 -3.42523e-05
1234 6.683e-07
1235 0.000485161
1236 -0.000291748
1237 -9.41102e-09
1238 6.7474e-08
1239 3.79578e-07
1240 5.08885e-05
1241 1.18171e-07
1242 -9.91159e-06
1243 -1.36904e-05
1244 3.18192e-06
1245 2.84352e-06
1246 0.000153479
1247 3.64136e-05
1248 0.000151219
1249 8.40105e-05
1250 -5.48107e-06
1251 -1.40316e-05
1252 0.00270413
1253 4.02952e-07
1254 0.000240201
1255 -0.000212871
1256 0.000721697
1257 0.000239999
1258 7.25785e-05
1259 -1.73234e-05
1260 0.000261608
1261 1.1642e-06
1262 3.71297e-06
1263 0.00010513
1264 0.000239664
1265 0.000199901
1266 4.76131e-05
1267 2.91631e-05
1268 7.45944e-05
1269 0.000166223
1270 4.30493e-06
1271 0.000671249
1272 0.000793026
1273 5.69622e-07
1274 0.00052911
1275 0.0013039
1276 0.00102737
1277 0.000607357
1278 0.000296087
1279 0.000238991
1280 0.000355095
1281 0.000563258
1282 0.000418252
1283 0.00117888
1284 0.000516248
1285 0.000114051
1286 9.92764e-06
1287 -0.00017648
1288 5.34702e-07
1289 -0.000561179
1290 6.08951e-05
1291 0.000498933
1292 0.000543546
1293 0.000290941
1294 0.000253187
1295 2.32926e-05
1296 9.15867e-07
1297 0.00788255
1298 0.0101929
1299 0.000173487
1300 0.000234888
1301 0.000492986
1302 -0.000153375
1303 1.087e-07
1304 -2.06816e-08
1305 0.000106825
1306 0.000224686
1307 -2.9226e-05
1308 0.000168784
1309 6.05086e-07
1310 0.000666301
1311 -8.88651e-06
1312 -0.00024492
1313 6.80643e-05
1314 9.35036e-05
1315 -0.000275018
1316 1.11487e-05
1317 6.2224e-05
1318 -0.000408219
1319 0.000925215
1320 0.000374536
1321 0.00222264
1322 0.00184182
1323 0.00199387
1324 0.000108637
1325 -7.37978e-07
1326 -7.87659e-05
1327 0.000268933
1328 3.01846e-06
1329 -6.98546e-05
1330 1.02519e-05
1331 0.000136969
1332 4.37726e-06
1333 -4.41634e-05
1334 2.58352e-06
1335 0.000437318
1336 0.00169604
1337 -0.000121936
1338 3.49674e-06
1339 5.22783e-05
1340 7.92524e-06
1341 0.000325266
1342 -1.12696e-06
1343 0.00523736
1344 -0.000278665
1345 -5.96419e-05
1346 -0.00197895
1347 0.000842503
1348 0.00173731
1349 -0.000199768
1350 -3.2618e-07
1351 5.7066e-05
1352 0.000417712
1353 0.00243143
1354 0.000230528
1355 -0.000246111
1356 0.000277915
1357 9.53626e-05
1358 0.000218991
1359 0.000289921
1360 0.00026674
1361 0.00024518
1362 8.84915e-07
1363 0.000239957
1364 0.000179839
1365 0.000119752
1366 0.000135143
1367 0.000149708
1368 6.04335e-05
1369 0.000233827
1370 0.000222878
1371 0.000347964
1372 0.000195819
1373 -6.30428e-06
1374 1.60374e-06
1375 0.00120766
1376 5.6147e-05
1377 0.000409102
1378 0.00025465
1379 0.00039813
1380 0.000648275
1381 3.0681e-14
1382 5.78444e-05
1383 0.000682138
1384 0.0035397
1385 0.0658438
1386 0.000120164
1387 -2.23365e-05
1388 0.00033287
1389 -0.00015457
1390 0.000697444
1391 0.000318168
1392 0.000219352
1393 6.33112e-05
1394 6.24857e-07
1395 2.44007e-05
1396 9.92778e-05
1397 0.000258861
1398 1.02406e-05
1399 7.10479e-07
1400 -0.000226239
1401 4.51534e-05
1402 9.87566e-05
1403 5.66407e-05
1404 2.62036e-05
1405 6.38727e-05
1406 0.00062226
1407 -0.000167698
1408 -0.00013283
1409 9.16268e-05
1410 0.00111894
1411 0.000728239
1412 0.000223986
1413 -0.000468584
1414 0.000352
1415 -0.000423892
1416 0.000331496
1417 0.000487919
1418 -0.000110508
1419 -0.00036065
1420 -8.94501e-05
1421 -0.000200016
1422 0.000483152
1423 0.000114164
1424 0.000520282
1425 0.000329336
1426 0.000273127
1427 -0.000759095
1428 9.30712e-05
1429 -0.000125835
1430 0.000466394
1431 0.000382938
1432 0.00028356
1433 3.07014e-06
1434 8.56525e-05
1435 0.000500139
1436 0.000542718
1437 5.40444e-05
1438 -0.000109479
1439 -0.000711107
1440 0.000547323
1441 1.23288e-05
1442 7.67226e-06
1443 0.000490004
1444 -0.000107804
1445 -0.000382417
1446 -0.00661575
1447 -0.0107357
1448 0.00124848
1449 -9.76487e-05
1450 8.99445e-05
1451 -3.56253e-05
1452 2.42668e-06
1453 0.000349167
1454 0.000154596
1455 -0.00321904
1456 -3.35109e-06
1457 -7.36598e-05
1458 0.00260646
1459 0.00376723
1460 0.000265882
1461 9.74629e-05
1462 0.000572707
1463 0.000258011
1464 0.00059621
1465 -9.35299e-05
1466 3.4667e-06
1467 -7.0772e-05
1468 0.000442049
1469 -0.00204195
1470 0.00179822
1471 -0.000413158
1472 -4.13515e-06
1473 0.0011814
1474 3.99615e-05
1475 0.000224832
1476 0.00518302
1477 1.30406e-05
1478 8.1978e-05
1479 0.00113691
1480 0.00146946
1481 0.000231086
1482 0.000149877
1483 0.000707773
1484 0.000660196
1485 8.89663e-05
1486 0.00191932
1487 -0.000144382
1488 -1.82214e-05
1489 6.98695e-05
1490 0.000215887
1491 0.000449887
1492 0.00103186
1493 0.000378932
1494 0.000962702
1495 0.00120146
1496 2.6655e-07
1497 -0.000311399
1498 0.000220959
1499 2.39751e-05
1500 0.00117777
1501 0.000282
1502 8.80201e-06
1503 -8.87552e-05
1504 0.000758942
1505 7.96893e-05
1506 5.57347e-07
1507 1.90962e-06
1508 0.00178859
1509 0.0001888
1510 -0.00034872
1511 -6.86535e-05
1512 2.23543e-05
1513 -2.96962e-06
1514 -0.00011446
1515 0.000373101
1516 1.37876e-05
1517 -0.000202304
1518 0.00193155
1519 0.00161965
1520 -0.000186594
1521 0.000275283
1522 0.000231565
1523 0.00102665
1524 -5.08726e-06
1525 0.00150374
1526 0.00093694
1527 8.54552e-08
1528 -1.88603e-05
1529 6.77178e-05
1530 0.00138377
1531 -0.000780416
1532 0.00226779
1533 0.000344256
1534 0.000131351
1535 0.000175235
1536 0.000324708
1537 0.000415092
1538 6.70169e-05
1539 0.000323352
1540 0.000256771
1541 -0.00188005
1542 0.0046187
1543 -3.25272e-05
1544 -0.00127506
1545 0.000962853
1546 -0.000158804
1547 0.000546223
1548 0.0023818
1549 0.000453417
1550 0.00298695
1551 1.13131e-06
1552 0.000780001
1553 -4.86556e-06
1554 0.000353386
1555 0.000123543
1556 4.42632e-05
1557 -0.000388106
1558 -8.01173e-05
1559 8.93755e-05
1560 5.82721e-05
1561 4.986e-05
1562 9.47316e-06
1563 0.0010469
1564 0.00174274
1565 0.00027073
1566 -0.0029727
1567 -0.00157824
1568 -0.00155021
1569 0.00164891
1570 0.00121331
1571 0.00137661
1572 -0.00227653
1573 0.000444558
1574 -0.000599323
1575 0.00116825
1576 -6.52409e-05
1577 8.09477e-07
1578 0.000258595
1579 0.000468837
1580 5.56547e-05
1581 -9.89998e-08
1582 0.000380183
1583 -8.5109e-05
1584 0.000120489
1585 0.00013678
1586 -0.000412871
1587 -5.70979e-05
1588 0.00103883
1589 0.000456822
1590 0.000397366
1591 -0.000449961
1592 2.69372e-05
1593 -1.22799e-05
1594 -0.000163717
1595 0.00391245
1596 -0.000220146
1597 4.4054e-05
1598 3.16899e-05
1599 -1.91426e-05
1600 -4.37659e-05
1601 0.000259073
1602 0.0003508
1603 0.000142461
1604 -2.38543e-05
1605 0.000266649
1606 -0.000360464
1607 -0.00195525
1608 2.71829e-07
1609 8.92183e-05
1610 0.000820638
1611 -3.58435e-06
1612 0.00213982
1613 -1.1587e-05
1614 4.65036e-07
1615 -2.35856e-06
1616 0.000396304
1617 -6.28065e-06
1618 0.000247976
1619 0.000353629
1620 0.000306823
1621 -6.37734e-05
1622 7.55528e-06
1623 0.000217681
1624 1.31356e-05
1625 0.00149931
1626 0.00219121
1627 0.000710716
1628 0.00062407
1629 7.51069e-05
1630 6.70425e-05
1631 0.000403896
1632 0.000135957
1633 -6.25978e-05
1634 0.000362863
1635 0.000111163
1636 1.98977e-06
1637 0.000489862
1638 0.000223395
1639 1.14718e-05
1640 1.12479e-05
1641 -0.000442115
1642 -0.000551857
1643 -0.000440767
1644 0.00126945
1645 9.99459e-05
1646 0.000326334
1647 7.40969e-05
1648 2.99764e-05
1649 3.65817e-05
1650 3.79491e-05
1651 0.000323515
1652 0.00325565
1653 0.000491843
1654 0.00133279
1655 -0.000406718
1656 -0.00035641
1657 0.00052081
1658 0.000390293
1659 0.000197001
1660 7.24903e-05
1661 0.000293369
1662 -6.62288e-05
1663 5.8544e-06
1664 0.00031981
1665 -0.000275562
1666 0.00309796
1667 -0.000735875
1668 0.00024304
1669 1.43407e-05
1670 0.00186983
1671 0.00141942
1672 0.000696255
1673 0.000285847
1674 0.000226162
1675 0.00174935
1676 -0.000160675
1677 5.36071e-06
1678 2.0961e-05
1679 0.00259875
1680 0.000742335
1681 6.06533e-06
1682 0.000727311
1683 0.000149984
1684 3.82998e-15
1685 0.000150081
1686 0.00057854
1687 0.000373858
1688 0.000115356
1689 1.06069e-05
1690 -0.000987443
1691 -0.00184086
1692 -0.00025018
1693 -7.13931e-05
1694 0.000421988
1695 8.39201e-05
1696 0.000174527
1697 -0.000124166
1698 9.28418e-05
1699 3.66053e-07
1700 0.000711652
1701 0.000668951
1702 0.000182901
1703 5.17949e-05
1704 -2.40406e-07
1705 0.000300687
1706 0.000780377
1707 0.000427724
1708 0.000174381
1709 5.60599e-05
1710 7.4811e-05
1711 5.9416e-05
1712 -7.91607e-06
1713 0.000135304
1714 0.000206808
1715 0.000322718
1716 -2.9543e-07
1717 5.85722e-05
1718 8.52787e-05
1719 0.000884277
1720 -1.60514e-05
1721 0.000129663
1722 0.000631145
1723 6.32059e-05
1724 8.77379e-05
1725 3.79618e-09
1726 0.000115247
1727 0.000500411
1728 0.000342151
1729 0.00107977
1730 -8.46396e-07
1731 -1.99415e-05
1732 -2.42859e-05
1733 0.00385045
1734 0.00201712
1735 -0.00117006
1736 0.000256306
1737 9.64018e-05
1738 0.00101782
1739 0.000198046
1740 -0.000487775
1741 0.000209979
1742 0.000313229
1743 1.54395e-05
1744 0.000949045
1745 0.000483206
1746 0.000543944
1747 0.000169928
1748 0.000520513
1749 0.000665702
1750 7.23337e-05
1751 0.000332658
1752 0.000714254
1753 0.000980077
1754 0.000462578
1755 0.00113595
1756 0.00948477
1757 0.000714356
1758 7.605e-05
1759 0.000229288
1760 2.40549e-05
1761 0.000300921
1762 6.11742e-07
1763 0.00208616
1764 -0.00140654
1765 0.000401257
1766 0.000239747
1767 0.00158147
1768 0.000717975
1769 0.00145512
1770 0.000431776
1771 0.000270015
1772 6.06613e-05
1773 -7.63234e-06
1774 0.000145019
1775 0.000177612
1776 0.000223689
1777 2.88828e-05
1778 0.000195567
1779 -9.07618e-07
1780 0.00231382
1781 0.000106242
1782 9.41263e-05
1783 0.000576766
1784 0.00174135
1785 0.000145274
1786 -6.35476e-05
1787 0.000141651
1788 6.47355e-06
1789 0.00139633
1790 -0.00148631
1791 0.000768149
1792 0.000275666
1793 0.00289533
1794 -0.000358383
1795 0.00226996
1796 0.000162678
1797 -2.35274e-05
1798 0.000275206
1799 0.000325109
1800 0.000310914
1801 1.79688e-05
1802 1.40101e-14
1803 -2.51079e-05
1804 0.00349064
1805 0.00123401
1806 4.21087e-07
1807 -0.000161651
1808 1.27566e-06
1809 -1.37417e-06
1810 -0.000393691
1811 0.00251702
1812 0.00014287
1813 2.24623e-05
1814 0.000317173
1815 0.000247873
1816 0.000887597
1817 0.000758594
1818 0.000683557
1819 2.70575e-05
1820 0.000577674
1821 0.00254215
1822 8.45196e-05
1823 0.000426194
1824 0.000180628
1825 7.40933e-05
1826 0.00129364
1827 -0.000844716
1828 3.18246e-07
1829 -0.000822574
1830 0.000340593
1831 -4.31162e-05
1832 0.000760443
1833 0.00146915
1834 0.000113652
1835 0.000191028
1836 -0.000166521
1837 0.000715742
1838 0.00140047
1839 0.000938633
1840 3.93552e-05
1841 -0.00080008
1842 0.00029529
1843 0.000212527
1844 0.000304417
1845 0.000180258
1846 0.000964926
1847 -0.00011528
1848 0.000337969
1849 0.00125197
1850 5.89575e-05
1851 0.000538379
1852 0.000427091
1853 0.000686177
1854 0.000257262
1855 -1.04404e-05
1856 8.6046e-05
1857 0.000219387
1858 0.000896747
1859 -0.0002701
1860 0.000765998
1861 0.00042639
1862 -0.000308446
1863 0.000117829
1864 0.00102849
1865 0.000315013
1866 0.000245923
1867 0.000100703
1868 3.98748e-05
1869 8.0179e-05
1870 0.000276609
1871 0.000246315
1872 0.000385936
1873 3.22185e-05
1874 -1.3192e-05
1875 0.000139738
1876 0.00169257
1877 0.000433019
1878 0.000343967
1879 0.00018309
1880 3.24291e-05
1881 -0.000154685
1882 0.000346767
1883 0.000185572
1884 -8.26666e-06
1885 4.63118e-05
1886 1.32533e-05
1887 -0.000176931
1888 -0.000454203
1889 8.54781e-06
1890 0.00175924
1891 -2.46258e-07
1892 0.00103362
1893 -5.10416e-05
1894 0.00118729
1895 -3.90603e-05
1896 0.000559072
1897 0.00014928
1898 0.000400895
1899 0.00173999
1900 0.00155989
1901 1.99514e-05
1902 0.000144705
1903 -0.000431605
1904 0.000851735
1905 -0.000161588
1906 0.00215648
1907 0.000634698
1908 0.00235129
1909 -0.0015124
1910 0.00090963
1911 0.00061233
1912 0.00163637
1913 9.57242e-05
1914 0.00032171
1915 5.51053e-05
1916 -0.000387421
1917 0.000671325
1918 0.000561111
1919 0.00167056
1920 0.00140571
1921 0.000768552
1922 7.28169e-05
1923 0.000127269
1924 5.4185e-05
1925 -0.000207072
1926 0.000380267
1927 0.000222878
1928 0.00259809
1929 0.000501354
1930 0.00120722
1931 -0.000213211
1932 1.23162e-05
1933 -0.000253064
1934 0.000230685
1935 0.0012197
1936 0.000193309
1937 -0.000104527
1938 0.000155947
1939 0.000335274
1940 5.83622e-05
1941 3.80988e-05
1942 0.000812276
1943 0.000157237
1944 0.000114623
1945 4.44536e-05
1946 -0.00286073
1947 0.000431023
1948 0.000250486
1949 -0.000277483
1950 0.000781165
1951 0.000660086
1952 0.000105056
1953 0.000131547
1954 -5.09887e-05
1955 0.000477747
1956 0.000546543
1957 0.00181635
1958 6.72887e-05
1959 0.000513856
1960 0.000243287
1961 1.06595e-05
1962 0
1963 -0.000634888
1964 -0.000612331
1965 0.00183932
1966 0.000693769
1967 3.41838e-05
1968 0.00116182
1969 8.20451e-05
1970 -0.000108222
1971 0.000252515
1972 -0.00117056
1973 0.000939168
1974 -0.000117399
1975 -4.01754e-08
1976 -7.69451e-06
1977 -0.000330229
1978 0.000526555
1979 0.000805197
1980 0.0044342
1981 0.000136099
1982 0.000464787
1983 -0.00124073
1984 0.00112774
1985 -8.45611e-05
1986 0.00118811
1987 0.00244559
1988 -2.88586e-05
1989 -4.47731e-05
1990 0.0042765
1991 0.000144678
1992 -9.83363e-05
1993 0.000583667
1994 0.00143302
1995 0.000459299
1996 2.49951e-05
1997 -7.55037e-05
1998 0.000497697
1999 0.000613222
2000 8.68612e-05
2001 0.00026169
2002 0.00354153
2003 -0.000719149
2004 1.09211e-06
2005 0.00010036
2006 1.5143e-08
2007 -0.00526075
2008 -0.00297527
2009 -7.72098e-06
2010 0.00199762
2011 -0.000597324
2012 -0.000542608
2013 -0.000398721
2014 5.85805e-05
2015 0.00013801
2016 0.000776347
2017 -3.53514e-05
2018 4.07868e-05
2019 -0.00591299
2020 0.000524841
2021 0.000530456
2022 0.000255687
2023 -0.000296949
2024 1.41469e-05
2025 -0.000448845
2026 -4.27133e-06
2027 0.000361514
2028 0.000420481
2029 0.000412154
2030 0.00124326
2031 -0.000320726
2032 0.000100867
2033 -2.81597e-05
2034 9.23209e-06
2035 -0.000274094
2036 0.000152519
2037 0.000611802
2038 0.000529698
2039 0.000506224
2040 0.000281667
2041 0.000763002
2042 0.00285063
2043 -0.000186866
2044 6.43754e-05
2045 -4.77057e-05
2046 0.000135413
2047 0.00108274
2048 0.00149564
2049 -0.000150623
2050 0.000599618
2051 -6.88403e-05
2052 -1.24835e-14
2053 0.000167139
2054 0.000121461
2055 4.57873e-05
2056 5.60171e-05
2057 0.00204815
2058 -0.000619633
2059 0.00183193
2060 -6.95906e-05
2061 0.000469397
2062 -3.18949e-05
2063 1.93921e-05
2064 0.000212743
2065 0.000341415
2066 0.000328093
2067 0.000115206
2068 0.000227549
2069 -2.69084e-05
2070 1.28577e-05
2071 0.000252151
2072 0.00037465
2073 0.0069284
2074 -2.33695e-06
2075 0.000172152
2076 2.12822e-06
2077 3.49264e-05
2078 -1.46611e-06
2079 0.00220841
2080 0.000456836
2081 -5.93122e-05
2082 0.000352916
2083 0.000182884
2084 0.00056004
2085 0.000204735
2086 0.00119686
2087 -7.44124e-07
2088 0.00023109
2089 -0.0112859
2090 -0.0121045
2091 0.00182733
2092 0.00061702
2093 0.000353618
2094 0.000176451
2095 2.88009e-05
2096 3.46707e-05
2097 0.000615442
2098 -0.000590011
2099 0.000614689
2100 3.06378e-06
2101 0.00225268
2102 0.00184923
2103 0.00268293
2104 -0.000348419
2105 -8.55934e-06
2106 0.000314493
2107 0.00366613
2108 0.000330808
2109 -0.00109744
2110 0
2111 -0.000739919
2112 -0.00105221
2113 2.92509e-05
2114 0.00108658
2115 0.000218475
2116 0.000346353
2117 -0.0133043
2118 0.000952984
2119 0.000248362
2120 0.0033936
2121 0.000107413
2122 0.000129571
2123 0.000819089
2124 0.00170398
2125 0.00108117
2126 0
2127 0.00174435
2128 6.33981e-05
2129 0.00271793
2130 3.80089e-05
2131 0.000888962
2132 -9.48756e-06
2133 0.00015665
2134 -2.10328e-06
2135 0.000168063
2136 0.000131408
2137 -0.00108301
2138 -3.27757e-05
2139 -0.00376023
2140 0.000298291
2141 0.00103697
2142 7.67461e-05
2143 0.00216325
2144 0.000150146
2145 0.000163508
2146 -0.000146392
2147 0.00028293
2148 -0.000208922
2149 0.00320783
2150 0.000835986
2151 2.74086e-06
2152 0.000239557
2153 0.000419227
2154 0.00073211
2155 -0.000110167
2156 0.000126707
2157 1.14518e-05
2158 0.000496503
2159 0.000229135
2160 0.00161527
2161 0.000346855
2162 0.00544732
2163 0.0014367
2164 5.8863e-05
2165 0.000266011
2166 4.49202e-05
2167 0.000460648
2168 6.37286e-05
2169 1.76902e-06
2170 0.00151863
2171 -0.000109738
2172 1.07702e-06
2173 0.00028647
2174 -0.00175947
2175 3.51458e-05
2176 0.000174596
2177 0.000630605
2178 0.000157088
2179 6.69681e-06
2180 8.79036e-05
2181 0.000283567
2182 0.000320689
2183 0.000155549
2184 2.51535e-05
2185 0.000225726
2186 0.000477086
2187 -0.000107531
2188 0.0011469
2189 0.00478276
2190 0.000587656
2191 0.00251912
2192 -0.000715829
2193 0.000224387
2194 0.00163661
2195 -0.000400639
2196 0.000439304
2197 0.000554744
2198 0.00209606
2199 0.000536121
2200 0.000572923
2201 0.000860945
2202 8.27244e-05
2203 0.00390867
2204 8.80516e-05
2205 0.000836006
2206 0.000849885
2207 0.000211276
2208 8.89042e-05
2209 0.000820251
2210 0.000205463
2211 0.00239381
2212 0.000118955
2213 0.00018552
2214 0.000361881
2215 0.00181261
2216 0.000653122
2217 0.00426512
2218 0.00283071
2219 0.000490229
2220 0.000962968
2221 4.81526e-05
2222 0.00049866
2223 2.03494e-05
2224 0.000805064
2225 0.00102899
2226 0.000139811
2227 0.00105117
2228 1.9577e-05
2229 2.60309e-05
2230 0.000974106
2231 0.00012781
2232 0.000330058
2233 -0.00052533
2234 0.00289581
2235 -1.72729e-05
2236 0.0001349
2237 0.000192265
2238 0.000255136
2239 0.000407539
2240 0.00023598
2241 -1.43062e-05
2242 -9.38284e-05
2243 0.00127945
2244 0.000450859
2245 0.000188352
2246 -8.23672e-05
2247 3.79603e-06
2248 0.0054972
2249 0.000628373
2250 2.802e-06
2251 -0.0110866
2252 0.000518813
2253 0.000352412
2254 0.000627717
2255 0.000571686
2256 0.000657968
2257 0.00159459
2258 1.76505e-05
2259 -0.00688625
2260 -0.00918164
2261 -0.00022209
2262 0.000229009
2263 -2.27398e-05
2264 2.86919e-05
2265 0.000257673
2266 0.000304741
2267 0.000161902
2268 0.000318151
2269 0.00079021
2270 0.000809309
2271 0.00035016
2272 -6.19793e-05
2273 0.00116754
2274 0.00192113
2275 0.000263414
2276 0.00228505
2277 0.00120178
2278 0.000491715
2279 -0.000114048
2280 0.00297551
2281 -0.00457087
2282 -0.000351346
2283 0.000193125
2284 0.0003972
2285 2.69848e-05
2286 3.83741e-05
2287 3.41098e-05
2288 0.000395298
2289 0.000324686
2290 0.000196924
2291 0.000533084
2292 2.14258e-05
2293 1.05697e-05
2294 0.00015348
2295 0.000604663
2296 0.000626197
2297 0.000951508
2298 0.00101281
2299 7.5368e-05
2300 0.000473708
2301 -2.10775e-06
2302 0.00120136
2303 0.00680348
2304 0.00017532
2305 0.00167119
2306 -0.000228109
2307 0.000241676
2308 -0.00832594
2309 0.000354559
2310 0.00033394
2311 -0.00319263
2312 -0.00261826
2313 0.000282399
2314 0.000852673
2315 4.2003e-05
2316 2.81248e-05
2317 0.000218657
2318 -4.02928e-05
2319 0.000103249
2320 0.00130765
2321 -9.96522e-05
2322 9.26074e-05
2323 0.00018819
2324 0.000450309
2325 1.71081e-06
2326 0.000531759
2327 0.000565867
2328 -0.00906859
2329 -0.00939582
2330 -0.000808267
2331 0.0239374
2332 0.000248439
2333 0.000304079
2334 6.23469e-05
2335 7.82962e-05
2336 5.39288e-05
2337 -0.000115301
2338 0.000774868
2339 -7.3607e-05
2340 0.000622432
2341 0
2342 6.4295e-05
2343 0.000286627
2344 0.00043269
2345 -0.0074436
2346 -0.015332
2347 0.000302096
2348 0.000216142
2349 -0.0171758
2350 -0.000213172
2351 0.000210863
2352 -0.0012967
2353 -0.000414968
2354 -0.00133819
2355 0.00115855
2356 5.86371e-05
2357 -0.000548049
2358 0.000964233
2359 0.00149036
2360 3.68597e-05
2361 0.00015253
2362 -3.31847e-05
2363 0.00025352
2364 0.00315119
2365 8.19958e-05
2366 0.000223309
2367 0.000907162
2368 0.00146899
2369 0.00668649
2370 0.000381361
2371 0.000420446
2372 0.000354711
2373 0.00223286
2374 0.000540235
2375 4.78838e-05
2376 0.000957749
2377 0.000157889
2378 -1.58333e-05
2379 -3.62282e-07
2380 0.000133062
2381 0.000258236
2382 0.000988867
2383 0.00147146
2384 4.64144e-05
2385 0.000604609
2386 0.00156369
2387 0.00104084
2388 -1.96368e-06
2389 -8.25332e-07
2390 0.00120013
2391 0.00042886
2392 0.00126163
2393 0.000260911
2394 0.00109846
2395 3.94729e-06
2396 0.00244843
2397 -1.1068e-07
2398 0.000213093
2399 0.000370882
2400 0.00204569
2401 0.00029388
2402 0.000411045
2403 0.00013331
2404 0.000912735
2405 0.000821749
2406 3.66085e-05
2407 0.00116763
2408 0.000249621
2409 0.00184107
2410 0.000639327
2411 0.000443916
2412 0.000203081
2413 -9.97142e-07
2414 1.22575e-06
2415 -7.02241e-06
2416 -1.37116e-05
2417 0.000126135
2418 8.25798e-06
2419 -7.22211e-05
2420 0.000225379
2421 0.000870155
2422 -0.000143051
2423 0.000216287
2424 0.00222315
2425 2.12672e-05
2426 -2.03034e-05
2427 6.07785e-05
2428 0.00268431
2429 0.00117098
2430 -3.58696e-05
2431 0.000436336
2432 0
2433 0.00210204
2434 -3.14796e-07
2435 0.000842497
2436 -2.10028e-06
2437 0.00161135
2438 0.00137959
2439 0.000347113
2440 0.0043905
2441 4.7565e-05
2442 5.3147e-05
2443 0.000171121
2444 -2.60815e-07
2445 0.00626151
2446 0.00191971
2447 -0.000181644
2448 0.00163115
2449 0.00141119
2450 0.00189675
2451 0.00139124
2452 -0.000106533
2453 0.000190838
2454 0.000115984
2455 -0.000157175
2456 5.5848e-05
2457 -0.000110375
2458 0.000636306
2459 0.00219438
2460 0.000107254
2461 -9.01914e-06
2462 0.0014582
2463 -2.14667e-07
2464 0.00228238
2465 -0.000132249
2466 -0.000339635
2467 0.000168917
2468 -0.000304439
2469 0.00145642
2470 0.00012693
2471 9.16695e-05
2472 0.000315835
2473 0.00152351
2474 -0.000162011
2475 -0.000243227
2476 0.000172735
2477 8.20124e-05
2478 -2.63708e-05
2479 8.4215e-05
2480 -0.000101463
2481 -2.23917e-05
2482 0.00017165
2483 0.000120536
2484 6.68893e-05
2485 0.000348464
2486 0.000422101
2487 0.000333756
2488 0.00912082
2489 -7.30745e-05
2490 -1.93838e-06
2491 -0.00424916
2492 -8.73422e-05
2493 0.00107489
2494 0.000155529
2495 0.000348263
2496 0.00192481
2497 8.33237e-05
2498 0.000288414
2499 -1.38736e-05
2500 0.000334294
2501 0.00121137
2502 0.00129276
2503 0.000424618
2504 0.00641417
2505 0.000241113
2506 0
2507 0.000347438
2508 0.000464864
2509 -0.00315142
2510 -0.0107053
2511 0.000721209
2512 0.000598049
2513 0.00132244
2514 -7.22056e-05
2515 0.00029322
2516 6.7613e-05
2517 0.00147467
2518 -0.000189109
2519 -0.000321823
2520 0.000139013
2521 0.00052306
2522 0.000532204
2523 0.000487422
2524 -0.000567252
2525 0.000468299
2526 0.00635154
2527 6.15041e-05
2528 0.00269889
2529 0.00137353
2530 0.00284366
2531 -0.000692378
2532 0.000463858
2533 0.000110307
2534 0.00520892
2535 0.000238305
2536 0.000129243
2537 0.00151712
2538 0.000795371
2539 -0.000180522
2540 0.00719795
2541 -0.00288115
2542 0.000277208
2543 0.000661924
2544 7.75176e-05
2545 -0.000533005
2546 -0.000298532
2547 1.46911e-05
2548 0.00166822
2549 -8.74112e-06
2550 -0.00467142
2551 -0.0115684
2552 -5.23378e-05
2553 0.000701261
2554 -0.000370668
2555 -0.000602439
2556 -0.00170952
2557 0.00178563
2558 9.78673e-05
2559 0.0010264
2560 0.00078471
2561 9.94889e-07
2562 5.13015e-05
2563 2.04355e-05
2564 -0.00221622
2565 -0.000500547
2566 0.012036
2567 0.00487482
2568 0.00359917
2569 -0.0024544
2570 0.00236742
2571 -0.0018299
2572 0.00878994
2573 0.00631816
2574 0.000420384
2575 8.33558e-05
2576 0.00240051
2577 1.31064e-06
2578 3.89229e-05
2579 0.00175402
2580 0.00101531
2581 0.0012974
2582 7.2797e-05
2583 -7.85229e-06
2584 0.000474197
2585 4.95178e-05
2586 -0.000267726
2587 0.00145506
2588 4.94172e-05
2589 0.00187551
2590 0.00284845
2591 0.00142017
2592 0.00112945
2593 0.00350906
2594 0.000232621
2595 0.00227432
2596 8.32725e-05
2597 2.68711e-05
2598 0.000314505
2599 0.00813339
2600 6.78056e-05
2601 0.000998216
2602 3.01149e-05
2603 -1.76275e-05
2604 0.00371635
2605 -0.000104856
2606 0.0204628
2607 0.000504094
2608 -0.000485904
2609 0.000468527
2610 0.000726207
2611 0.000630068
2612 -0.000769014
2613 0.00204955
2614 0.000516645
2615 -2.00305e-05
2616 0.00279227
2617 0.00204384
2618 0.00019647
2619 0.000117118
2620 7.38457e-05
2621 9.60489e-05
2622 0.000555622
2623 0.00355666
2624 0.00129218
2625 -5.88902e-05
2626 0.000624867
2627 0.00266417
2628 0.000854641
2629 0.000105133
2630 -0.000851651
2631 -1.17024e-06
2632 0.000961345
2633 0.00163415
2634 0.000337366
2635 -0.00125828
2636 2.88073e-05
2637 0.0012004
2638 0.000343098
2639 -0.000620536
2640 -0.00014551
2641 0.005443
2642 0.00112255
2643 0.000151739
2644 0.000327467
2645 -8.24679e-05
2646 0.000222738
2647 0.000311061
2648 -0.00135434
2649 3.60069e-05
2650 -0.000209421
2651 0.000942857
2652 0.00439671
2653 5.48701e-05
2654 0.00046885
2655 0.000306387
2656 0.00259182
2657 0.000430726
2658 -3.40166e-06
2659 0.000685366
2660 0.000741257
2661 0.000654927
2662 0.000865214
2663 7.70773e-06
2664 0.00101344
2665 0.000355534
2666 1.0575e-05
2667 0.00033373
2668 0.00226861
2669 -0.00189553
2670 0.00469424
2671 0.000102178
2672 -0.000632028
2673 -0.00170574
2674 -1.4492e-07
2675 0.00247545
2676 0.000198815
2677 0.00128413
2678 0.000975586
2679 -0.00044802
2680 0.00231647
2681 0.00534643
2682 -0.00466392
2683 -0.000804933
2684 -0.00266353
2685 0.000925035
2686 0.000171906
2687 0.000292099
2688 1.75793e-05
2689 0.00734813
2690 0.000337989
2691 0.0138312
2692 0.000367178
2693 0.00173772
2694 -0.00132966
2695 -7.598e-05
2696 0.0011359
2697 0.000783352
2698 0.000413084
2699 9.71251e-05
2700 0.000755461
2701 0.00214794
2702 0.000244907
2703 0.000240217
2704 0.000958885
2705 4.82873e-05
2706 -0.000918784
2707 -0.000967377
2708 0.000731458
2709 -0.000206264
2710 -0.000266718
2711 0.00124443
2712 0.000776854
2713 -0.00241913
2714 0.000936972
2715 0.00496576
2716 0.00131712
2717 0.000242909
2718 -0.00054691
2719 0.000340721
2720 -0.000268309
2721 0.0016947
2722 3.11856e-06
2723 3.0957e-05
2724 8.07621e-05
2725 0.000204727
2726 0.0012638
2727 0.00114768
2728 -2.75602e-05
2729 0.000825555
2730 2.89185e-05
2731 0.00167468
2732 -0.0128643
2733 -0.00971419
2734 -0.00147504
2735 0.0532945
2736 0.0576635
2737 0.0287742
2738 0.0649194
2739 0.00570597
2740 0.00564903
2741 0.0253792
2742 0.0267208
2743 0.00179206
2744 0.0143292
2745 0.00984045
2746 0.0132869
2747 0.0818072
2748 0.0674277
2749 0.0263245
2750 0.00777593
2751 0.012374
2752 0.00740839
2753 0.201801
2754 0.040764
2755 0.0346341
2756 0.0714953
2757 0.0581838
2758 0.0477695
2759 0.00576695
2760 -0
2761 0.0183668
2762 0.113954
2763 0.0200207
2764 -0
2765 0.0679269
2766 0.0139055
2767 0.616938
2768 0.0294044
2769 0.0571165
2770 0.011108
2771 0.072427
2772 0.0127038
2773 0.00167196
2774 0.0144206
2775 0.00517491
2776 0.0125126
2777 0.00826985
2778 0.0898028
2779 0.00282851
2780 0.0509203
2781 0.00495121
2782 0.0316645
2783 0.0911346
2784 0.0241113
2785 0.00943295
2786 0.00373522
2787 0.00867829
2788 0.0131014
2789 0.00889019
2790 0.00641355
2791 0.0516747
2792 0.0190102
2793 0.017952
2794 0.0403422
2795 0.0704371
2796 0.00288661
2797 0.00153985
2798 0.0797954
2799 0.0163481
2800 0.000247051
2801 -1.32367e-05
2802 0.0533833
2803 0.0192324
2804 0.00313003
2805 0.0120232
2806 0.209956
2807 0.0337283
2808 0.000387113
2809 9.83136e-06
2810 0.0279341
2811 0.0153407
2812 0.00378988
2813 0.00197226
2814 8.38009e-05
2815 0.0348082
2816 0.0001788
2817 0.0358723
2818 0.0894566
2819 0.00409427
2820 0.00552074
2821 0.000363178
2822 0.000627558
2823 0.0160448
2824 0.00902345
2825 0.00049533
2826 3.23337e-05
2827 0.0410908
2828 0.0178188
2829 0.0185924
2830 0.0464207
2831 0.0169998
2832 0.0167096
2833 6.40229e-05
2834 0.0103349
2835 0.0401497
2836 0.000321304
2837 0.0183883
2838 0.0069755
2839 0.040168
2840 0.00379307
2841 0.0165569
2842 0.0194226
2843 0.0168681
2844 0.00181478
2845 0.0195476
2846 0.00773631
2847 0.0137896
2848 0.0161612
2849 0.0083608
2850 0.00524212
2851 0.035005
2852 0.0280315
2853 0.0238648
2854 0.0324665
2855 0.0660193
2856 0.116099
2857 0.0141448
2858 0.0381893
2859 0.0102223
2860 -0
2861 0.0184451
2862 0.00849379
2863 4.90091e-07
2864 0.0430743
2865 0.0859555
2866 0.0605048
2867 0.0220039
2868 0.142661
2869 0
2870 0.0706607
2871 0.0241441
2872 -0
2873 0.0402504
2874 0.0456553
2875 0.00587993
2876 2.95165e-06
2877 0.225764
2878 0.0395463
2879 0.275803
2880 0.155742
2881 0.428946
2882 -0
2883 0.225061
2884 0.250099
2885 0.0436249
2886 0.0540854
2887 0.0444882
2888 0.0136413
2889 -4.90562e-07
2890 0.0396885
2891 0.0127937
2892 0.0846902
2893 0.076206
2894 0.362335
2895 0.219753
2896 0.0380169
2897 0.0642268
2898 0.0152634
2899 0.0163693
2900 0.0332386
2901 0.510611
2902 0.145789
2903 0.121699
2904 0.00394303
2905 0.0096445
2906 0.031956
2907 0.186295
2908 0.181384
2909 0.070113
2910 0.00659531
2911 0.0221144
2912 0.130837
2913 0.0290785
2914 0.045842
2915 0.0203589
2916 0.000449221
2917 0.00513611
2918 -2.9182e-06
2919 0.00131282
2920 0.00284235
2921 9.84117e-05
2922 0.000325731
2923 0.000939395
2924 0.00683719
2925 0.00316845
2926 0.000785919
2927 0.00710188
2928 0.000325054
2929 0.00259521
2930 0.00143172
2931 0.00139122
2932 0.000457446
2933 0.000416327
2934 0.0180018
2935 7.27353e-05
2936 6.79417e-05
2937 0.00992711
2938 0.000311072
2939 0.00500681
2940 0.000240601
2941 0.00271435
2942 0.00215055
2943 0.000334844
2944 0.035973
2945 0.0100382
2946 0.0334576
2947 0.0108443
2948 0.000516349
2949 2.57504e-05
2950 0.0228718
2951 0.000426285
2952 0.0132224
2953 0.00267666
2954 -1.34685e-05
2955 0.00188963
2956 0.00254393
2957 8.62777e-05
2958 -6.2354e-05
2959 1.9908e-05
2960 3.86308e-05
2961 0.00744434
2962 0.00544753
2963 0.0102748
2964 0.0012638
2965 0.00159072
2966 6.01221e-05
2967 0.000293844
2968 0.00466472
2969 8.59692e-05
2970 0.00220534
2971 -1.25593e-05
2972 0.00482233
2973 0.00926288
2974 0.00740926
2975 0.000564674
2976 0.000544298
2977 -1.88255e-05
2978 0.000101638
2979 -4.49266e-06
2980 0.00647459
2981 0.0067316
2982 0.000126507
2983 0.00201453
2984 0.0165536
2985 0.0071237
2986 0.000166079
2987 -3.78257e-05
2988 0.00104224
2989 4.65585e-05
2990 0.00095247
2991 0.000583963
2992 0.000918644
2993 2.11761e-05
2994 8.49946e-05
2995 5.22482e-06
2996 3.39417e-05
2997 8.82842e-05
2998 2.41157e-05
2999 0.00016522
3000 0.000204788
3001 1.47019e-05
3002 0.00159597
3003 0.00066907
3004 0.00242721
3005 0.000319783
3006 0.00048292
3007 0.000481016
3008 6.31512e-05
3009 0.00229618
3010 9.80523e-05
3011 0.000128824
3012 1.08631e-05
3013 0.0233997
3014 0.00159379
3015 0.000269608
3016 0.000750993
3017 9.50155e-05
3018 0.00101075
3019 0.00253144
3020 -3.40741e-05
3021 2.23811e-05
3022 0.00184323
3023 0.000136689
3024 0.00048142
3025 9.89602e-05
3026 0.00130206
3027 0.00155698
3028 0.0167197
3029 0.0389284
3030 0.00667304
3031 0.00105472
3032 3.54478e-05
3033 -5.93392e-05
3034 0.00471767
3035 0.000251562
3036 5.53166e-06
3037 0.000424285
3038 0.00388719
3039 0.0136507
3040 0.0119318
3041 0.00752626
3042 0.00488816
3043 0.00060669
3044 0.000707188
3045 1.56552e-05
3046 0.0028382
3047 0.0473797
3048 0.00032001
3049 0.000110178
3050 0.0155143
3051 0.00220264
3052 0.00975994
3053 0.0135342
3054 0.000453226
3055 0.000882532
3056 0.000541633
3057 0.0109289
3058 0.00530798
3059 0.00451554
3060 0.000794164
3061 0.000298831
3062 0.00402475
3063 0.00216184
3064 0.004442
3065 0.00435936
3066 0.00127304
3067 0.00343838
3068 0.0091749
3069 0.0175325
3070 -0.000305859
3071 0.0170228
3072 0.00136428
3073 0.00245413
3074 5.17042e-06
3075 0.00162047
3076 0.000110997
3077 -1.08645e-06
3078 0.000895118
3079 -9.90858e-05
3080 0.0121899
3081 0.00624663
3082 0.0207159
3083 0.0212216
3084 0.0101955
3085 -0.000116413
3086 6.36412e-05
3087 0.0105698
3088 0.00169152
3089 0.0185854
3090 3.15414e-05
3091 0.00172372
3092 7.08565e-05
3093 0.00013196
3094 0.00104168
3095 0.0030294
3096 0.0131581
3097 0.000147179
3098 0.000125277
3099 0.00151396
3100 0.0218177
3101 0.00909714
3102 0.00414377
3103 0.00531438
3104 8.34895e-07
3105 0.00216994
3106 0.00108104
3107 -8.66096e-05
3108 0.000939681
3109 -7.48623e-05
3110 8.26635e-05
3111 -1.72369e-05
3112 0.000108713
3113 -0.000419569
3114 0.000297544
3115 0.000568708
3116 0.000188158
3117 0.00222943
3118 0.000920914
3119 0.00198116
3120 0.000387988
3121 0.000823712
3122 0.00459627
3123 -0.000605337
3124 0.00511701
3125 0.000735162
3126 0.0015294
3127 0.000497006
3128 -5.99331e-05
3129 0.00311868
3130 1.31699e-05
3131 -7.85475e-06
3132 0.000596109
3133 0.00901027
3134 0.00267883
3135 0.0215918
3136 0.000360683
3137 0.00821751
3138 2.91472e-05
3139 0.00785824
3140 0.000373424
3141 0.00210093
3142 0.000907376
3143 0.00142105
3144 -1.03503e-05
3145 0.00265523
3146 0.00453571
3147 0.000125059
3148 -0.000125136
3149 0.00587013
3150 0.00169546
3151 0.000655052
3152 0.00191078
3153 0.000200029
3154 0.0131259
3155 9.25197e-05
3156 -0.000171756
3157 0.0227326
3158 0.026354
3159 -0.00015902
3160 0.000243961
3161 0.000173091
3162 3.67658e-05
3163 0.000874564
3164 0.00239665
3165 0.00200394
3166 0.000708359
3167 9.88985e-05
3168 0.000887261
3169 -9.05464e-05
3170 -1.20236e-05
3171 0.00184967
3172 8.94655e-05
3173 0.000975796
3174 0.00470004
3175 -0.000221257
3176 2.97249e-05
3177 0.00338698
3178 0.00192655
3179 0.000227385
3180 0.000284224
3181 0.000566467
3182 -1.33908e-05
3183 0.000246085
3184 4.13254e-05
3185 0.000328934
3186 0.000158726
3187 0.0094577
3188 0.00129853
3189 2.49309e-05
3190 2.22325e-05
3191 0.00216169
3192 0.000123743
3193 0.000765795
3194 0.000828848
3195 0.00405142
3196 0.000376376
3197 -3.34167e-06
3198 -1.5641e-05
3199 0.00234432
3200 0.000552145
3201 0.00376783
3202 1.82626e-05
3203 4.10731e-05
3204 0.000564171
3205 0.000233003
3206 0.00036874
3207 0.00368052
3208 0.00117386
3209 0.00772043
3210 0.000163637
3211 6.25569e-05
3212 0.000364263
3213 0.00199189
3214 0.00104538
3215 3.26831e-05
3216 0.00124305
3217 0.016941
3218 0.00142328
3219 -0.000235768
3220 0.000628147
3221 -0.000142252
3222 0.000449397
3223 0.00841116
3224 0.00483669
3225 0.000580918
3226 0.00356671
3227 2.40542e-05
3228 -5.97913e-05
3229 0.00253377
3230 0.00139923
3231 0.0011227
3232 0.00181594
3233 0.0019167
3234 0.000991668
3235 2.55814e-06
3236 -4.25814e-05
3237 0.000123198
3238 0.000342462
3239 0.000135738
3240 0.00950348
3241 0.000232354
3242 0.000223413
3243 6.89921e-05
3244 0.00716569
3245 0.00829059
3246 4.57901e-07
3247 0.00251426
3248 -0.000222317
3249 0.00261477
3250 0.012618
3251 0.00612353
3252 0.000375965
3253 0.00158414
3254 4.16076e-05
3255 4.04211e-06
3256 0.00064793
3257 0.00564158
3258 0.000242816
3259 -0.000163369
3260 -0.000163283
3261 0.000686243
3262 0.00244454
3263 0.00177855
3264 0.000122887
3265 -8.94557e-06
3266 0.000662036
3267 2.65565e-05
3268 0.00475863
3269 0.00064386
3270 3.39931e-05
3271 0.000996866
3272 0.00508633
3273 0.00181636
3274 -0.000272026
3275 -8.58799e-05
3276 0.00243593
3277 0.0159387
3278 -7.90282e-05
3279 0.00481957
3280 -3.99682e-06
3281 2.7872e-05
3282 0.00721786
3283 0.00358002
3284 0.00212206
3285 0.0049375
3286 6.91311e-05
3287 0.000216841
3288 0.00113462
3289 0.00172734
3290 -0.00012973
3291 0.000687106
3292 0.000391447
3293 0.00291048
3294 -0.000191349
3295 -0.000413032
3296 0.00679673
3297 0.00328833
3298 0.00874556
3299 0.000169686
3300 5.13923e-06
3301 -6.01695e-05
3302 0.000683092
3303 3.36426e-05
3304 5.48054e-05
3305 0.000187363
3306 0.000827869
3307 -0.000179657
3308 1.79908e-05
3309 0.00128934
3310 -3.17549e-05
3311 0.00154149
3312 -2.8934e-05
3313 0.000538607
3314 -7.04328e-05
3315 0.0206884
3316 6.92383e-06
3317 0.0159696
3318 -0.000270967
3319 -0.000367894
3320 -0.000315883
3321 -3.34284e-05
3322 -7.49876e-05
3323 -0.000300813
3324 0.00732672
3325 0.00676277
3326 0.000664871
3327 0.00133231
3328 0.00231698
3329 0.00271216
3330 0.00377157
3331 0.00217863
3332 5.01578e-05
3333 0.00227269
3334 5.38518e-06
3335 7.86193e-06
3336 0.000333166
3337 0.000154767
3338 0.00339342
3339 0.00637355
3340 0.00536078
3341 0.0012803
3342 0.000111867
3343 9.45278e-05
3344 0.000987173
3345 0.00156748
3346 0.000380341
3347 0.000795374
3348 0.000209459
3349 0.000111554
3350 -0.000138642
3351 -7.39722e-05
3352 -0.000141416
3353 0.00102155
3354 0.00927847
3355 0.000107746
3356 0.0051996
3357 0.000696571
3358 2.11064e-05
3359 0.00293358
3360 0.000422866
3361 0.000405324
3362 0.000439934
3363 0.000203864
3364 4.53246e-05
3365 8.78722e-06
3366 -7.00158e-05
3367 0.00076509
3368 0.00264184
3369 0.0109552
3370 0.004533
3371 0.000612306
3372 0.0137198
3373 0.0022387
3374 2.92992e-05
3375 0.000223664
3376 4.0947e-05
3377 0.00951757
3378 -0.00016297
3379 0.00498855
3380 -0.000155546
3381 0.000465597
3382 9.09903e-06
3383 0.00122137
3384 8.16542e-05
3385 2.95254e-05
3386 0.00069874
3387 0.000475093
3388 -0.000263349
3389 0.00260194
3390 -0.000219295
3391 -0.000411751
3392 0.0170288
3393 0.0145236
3394 -8.0106e-05
3395 -1.70232e-05
3396 0.000117176
3397 0.000757005
3398 0.00343854
3399 0.00425951
3400 9.38535e-05
3401 0.0113721
3402 0.0135206
3403 0.00285743
3404 -7.28445e-05
3405 -0.000445078
3406 0.0040174
3407 0.00680496
3408 0.00106673
3409 0.000995679
3410 -2.12744e-06
3411 0.00432737
3412 0.00867888
3413 0.000458945
3414 0.00170958
3415 0.00123643
3416 2.94848e-05
3417 1.13e-05
3418 0.00281041
3419 0.00367473
3420 -9.08574e-05
3421 0.00105232
3422 0.00233214
3423 0.0185813
3424 0.0030804
3425 -2.57865e-05
3426 3.84938e-06
3427 -7.70715e-06
3428 0.000212374
3429 0.000115761
3430 0.00183565
3431 0.00304531
3432 8.83805e-05
3433 0.000219329
3434 0.00430126
3435 3.85321e-05
3436 0.00665079
3437 5.15711e-05
3438 5.00358e-05
3439 0.000102629
3440 0.000605968
3441 2.6133e-05
3442 0.00110511
3443 0.0012593
3444 0.00368825
3445 -7.27765e-05
3446 -3.92743e-05
3447 8.05031e-06
3448 0.0187579
3449 0.00357593
3450 0.0234627
3451 0.000548167
3452 0.000429967
3453 -0.00019175
3454 -0.000305712
3455 0.000213304
3456 0.000267963
3457 -3.4982e-05
3458 0.0129379
3459 5.45311e-05
3460 0.000158485
3461 0.000692745
3462 0.000145384
3463 0.000124517
3464 -2.84108e-05
3465 -3.92744e-06
3466 1.19999e-06
3467 1.13376e-07
3468 -1.02504e-06
3469 2.46215e-06
3470 0.000121428
3471 8.47456e-05
3472 0.000321075
3473 0.000573987
3474 1.47877e-05
3475 0.00031692
3476 0.0137149
3477 0.0010704
3478 0.00129322
3479 2.24017e-05
3480 6.8435e-06
3481 3.42048e-05
3482 0.000129218
3483 -4.74249e-06
3484 0.000862402
3485 0.000400737
3486 -9.85857e-06
3487 1.17422e-06
3488 0.00664832
3489 0.000687549
3490 0.000194783
3491 0.000407923
3492 0.000378195
3493 -6.72409e-06
3494 9.22586e-06
3495 0.00229056
3496 0.00147832
3497 0.000437403
3498 0.000163133
3499 8.24957e-05
3500 6.31655e-06
3501 0.00061128
3502 0.00133962
3503 0.000239207
3504 0.0141179
3505 0.00225844
3506 3.38564e-06
3507 1.62556e-06
3508 0.00027369
3509 0.000146884
3510 0.00553515
3511 0.00132148
3512 2.16928e-05
3513 0.000429231
3514 -4.73499e-05
3515 5.22752e-05
3516 3.00484e-06
3517 -3.61596e-05
3518 0.000321153
3519 0.000440169
3520 0.0154351
3521 -5.89194e-06
3522 2.5908e-05
3523 3.78867e-05
3524 -4.57424e-06
3525 0.000170533
3526 0.00230252
3527 2.38942e-05
3528 1.75316e-05
3529 1.74796e-05
3530 -8.5279e-06
3531 -7.518e-05
3532 -2.54998e-07
3533 -2.54998e-07
3534 4.11331e-05
3535 0.00096991
3536 0.000121503
3537 1.10217e-05
3538 7.93638e-05
3539 0.0122206
3540 0.00122401
3541 -5.40978e-07
3542 -1.12079e-07
3543 0.000735006
3544 0.000311924
3545 0.00302653
3546 0.00483622
3547 0.000907908
3548 0.00233719
3549 0.000259771
3550 -4.69329e-05
3551 7.14795e-05
3552 -4.89875e-06
3553 0.000148003
3554 5.23457e-06
3555 3.45134e-05
3556 0.00060593
3557 0.00026986
3558 0.000715386
3559 0.000857918
3560 0.000258522
3561 4.89352e-05
3562 1.24423e-05
3563 0.000613667
3564 0.00262714
3565 0.00292787
3566 0.000153759
3567 0.000731403
3568 1.54309e-05
3569 4.82267e-05
3570 -9.87197e-06
3571 0.00588745
3572 -0.000128836
3573 5.82823e-05
3574 0.00399013
3575 -7.29835e-07
3576 1.8363e-06
3577 0.00152589
3578 0.000655734
3579 0.00019728
3580 3.22528e-05
3581 0.000115484
3582 0.000231516
3583 0.00204502
3584 0.00165783
3585 1.75071e-05
3586 3.0235e-06
3587 -1.438e-05
3588 -1.89576e-05
3589 0.00025013
3590 0.000326939
3591 0.000209822
3592 0.000292895
3593 0.000239301
3594 4.602e-05
3595 0.00158263
3596 0.00120138
3597 0.00253101
3598 3.84532e-07
3599 7.63702e-06
3600 0.000507097
3601 0.00129217
3602 2.89991e-05
3603 -3.9941e-06
3604 0.00201269
3605 4.23428e-06
3606 0.00027963
3607 0.000890772
3608 0.00050434
3609 0.000627418
3610 0.000601263
3611 0.000471827
3612 0.000240994
3613 0.000296819
3614 0.000272976
3615 0.00212754
3616 0.00141029
3617 0.00116687
3618 0.00184206
3619 0.0015482
3620 0.0013603
3621 0.00521415
3622 3.00862e-06
3623 0.0019174
3624 -1.94954e-05
3625 3.56225e-05
3626 -2.66821e-06
3627 0.00203695
3628 1.79076e-06
3629 3.41821e-05
3630 -2.31628e-06
3631 -7.62186e-06
3632 0.000856783
3633 -7.84708e-09
3634 -1.25474e-08
3635 -9.21111e-07
3636 8.52132e-05
3637 -5.22333e-07
3638 2.98119e-05
3639 1.93841e-05
3640 -1.92267e-06
3641 -2.23353e-06
3642 5.33308e-05
3643 -2.15846e-05
3644 -7.08765e-05
3645 9.79069e-05
3646 1.01596e-06
3647 7.24679e-06
3648 0.000409772
3649 -2.2062e-06
3650 0.000216053
3651 5.75774e-05
3652 5.99683e-05
3653 0.000554355
3654 0.000158708
3655 -3.34591e-05
3656 -5.53158e-05
3657 -7.89226e-07
3658 1.2496e-07
3659 0.000578817
3660 0.000814771
3661 0.000451331
3662 3.82742e-05
3663 2.32697e-05
3664 -2.16913e-08
3665 2.17019e-05
3666 1.44818e-06
3667 0.00061903
3668 0.00126518
3669 -1.51987e-07
3670 0.000608989
3671 0.00216158
3672 0.000240451
3673 0.00121772
3674 0.000417496
3675 0.000883321
3676 0.00170211
3677 0.000869924
3678 0.00303802
3679 0.00720571
3680 0.00116642
3681 0.00369928
3682 2.57487e-05
3683 1.29138e-05
3684 1.20209e-07
3685 0.000857996
3686 1.46654e-05
3687 0.0027081
3688 0.00157949
3689 0.000248541
3690 0.000390599
3691 -3.49894e-06
3692 -6.91007e-07
3693 0.0179842
3694 0.0204749
3695 -2.2808e-05
3696 0.00158775
3697 0.000133951
3698 0.000343441
3699 -5.9402e-07
3700 1.34092e-08
3701 0.00328748
3702 0.000725436
3703 -2.11338e-05
3704 3.34034e-05
3705 -5.88202e-07
3706 -1.97758e-06
3707 1.58157e-05
3708 0.000390638
3709 0.000152248
3710 0.000322424
3711 0.000609524
3712 0.00020841
3713 0.000126987
3714 0.00100257
3715 0.00235125
3716 0.00129085
3717 0.00147088
3718 0.00641395
3719 -0.000385335
3720 -1.66958e-05
3721 -5.71232e-07
3722 9.94944e-05
3723 -5.83224e-05
3724 -1.69552e-06
3725 0.000159061
3726 -4.10202e-06
3727 -1.8315e-05
3728 -2.38692e-06
3729 6.11562e-05
3730 -4.45199e-06
3731 -7.55356e-05
3732 0.000322419
3733 8.92838e-05
3734 0.000602134
3735 0.000376626
3736 6.04539e-06
3737 5.14876e-05
3738 2.96866e-07
3739 0.00159582
3740 0.000255592
3741 0.00106055
3742 0.00273199
3743 0.000103856
3744 0.000865534
3745 7.47898e-06
3746 -3.09336e-07
3747 1.54873e-05
3748 0.000815379
3749 0.0070724
3750 0.000374223
3751 0.000786792
3752 3.36154e-05
3753 1.19232e-05
3754 5.00416e-05
3755 6.15857e-05
3756 6.52507e-07
3757 4.45765e-06
3758 -7.8089e-09
3759 4.68386e-05
3760 -1.63178e-05
3761 2.14563e-05
3762 -3.2016e-06
3763 -6.54885e-06
3764 9.21885e-05
3765 0.000847032
3766 0.000934731
3767 0.00308071
3768 -1.75458e-05
3769 -2.22779e-05
3770 3.56677e-07
3771 0.0032905
3772 -5.73278e-05
3773 0.000227742
3774 0.000762545
3775 2.93638e-05
3776 -0.000174165
3777 -5.99897e-07
3778 8.42372e-05
3779 0.00178627
3780 0.00407314
3781 0.0854234
3782 1.5402e-05
3783 1.31757e-05
3784 -1.18045e-05
3785 0.00230634
3786 0.000290947
3787 0.000352106
3788 2.71605e-05
3789 -2.4648e-06
3790 -8.81642e-07
3791 0.00103727
3792 0.000224338
3793 0.00016456
3794 4.02383e-05
3795 6.40195e-07
3796 0.000455882
3797 0.000584781
3798 0.000374462
3799 0.000160047
3800 4.89837e-05
3801 -2.49579e-05
3802 6.21382e-05
3803 6.29922e-05
3804 6.27964e-05
3805 6.58131e-05
3806 0.00026192
3807 -0.000611485
3808 -1.99639e-05
3809 0.00207352
3810 0.000790546
3811 0.0036149
3812 0.0013424
3813 0.00246722
3814 0.00233061
3815 0.00299716
3816 0.00159874
3817 0.00159879
3818 -7.44181e-05
3819 0.000424163
3820 0.00039541
3821 0.000514989
3822 0.000317867
3823 0.00298358
3824 0.000784421
3825 0.00123209
3826 0.000136643
3827 0.00078907
3828 0.000588266
3829 -9.99547e-07
3830 8.82809e-05
3831 -0.000446555
3832 0.00191069
3833 5.34864e-05
3834 0.000456624
3835 0.00359123
3836 0.00331552
3837 2.17865e-05
3838 4.34015e-07
3839 -6.35949e-05
3840 0.000226851
3841 0.00041456
3842 0.00976893
3843 0.0164867
3844 3.54472e-05
3845 -7.48564e-05
3846 1.19802e-05
3847 0.000108043
3848 -9.21305e-08
3849 0.00118049
3850 0.00159012
3851 0.00408936
3852 3.35537e-05
3853 8.18115e-05
3854 -0.00073168
3855 0.00819891
3856 -1.07642e-05
3857 -1.1553e-05
3858 2.75431e-05
3859 2.65358e-05
3860 3.07385e-05
3861 0.000184962
3862 -2.1865e-07
3863 0.000426942
3864 0.00202355
3865 0.00310663
3866 4.37486e-05
3867 9.92056e-05
3868 -7.0381e-07
3869 0.000452467
3870 0.000145188
3871 3.90232e-06
3872 0.00545319
3873 -5.97324e-07
3874 4.57882e-05
3875 0.00381564
3876 0.000662364
3877 0.000243771
3878 0.00135531
3879 -4.7526e-05
3880 0.000166713
3881 3.86486e-05
3882 0.000154616
3883 5.96367e-05
3884 0.000291965
3885 2.86458e-05
3886 1.88833e-05
3887 0.000244191
3888 -0.00017009
3889 2.09986e-05
3890 0.000757397
3891 0.00112977
3892 -1.15531e-06
3893 0.000398515
3894 -2.67526e-05
3895 3.12173e-05
3896 0.000606116
3897 0.0011419
3898 0.000202172
3899 0.000165018
3900 -6.90124e-06
3901 2.44029e-05
3902 -1.41378e-06
3903 -5.90915e-06
3904 0.00215705
3905 0.00025921
3906 0.000394161
3907 8.93251e-06
3908 -1.97178e-06
3909 1.20534e-06
3910 0.000245958
3911 0.000260452
3912 0.000304356
3913 0.001111
3914 0.00136319
3915 0.00193882
3916 0.0028729
3917 0.000501832
3918 0.000123453
3919 3.07383e-05
3920 4.61517e-05
3921 9.76463e-05
3922 -4.92008e-05
3923 -7.35468e-07
3924 6.61614e-06
3925 1.30864e-05
3926 0.00288418
3927 0.000912718
3928 1.68382e-05
3929 3.83759e-06
3930 0.000533789
3931 0.000868513
3932 0.000130718
3933 2.55462e-05
3934 1.06132e-05
3935 1.71391e-05
3936 0.00180914
3937 0.00229441
3938 0.00190765
3939 9.03505e-05
3940 0.00176806
3941 7.52284e-05
3942 9.45354e-06
3943 0.000715554
3944 0.00235923
3945 0.00196147
3946 0.000548674
3947 -2.62661e-06
3948 4.79734e-05
3949 2.39165e-06
3950 0.000371947
3951 0.000448934
3952 5.40857e-05
3953 0.000350711
3954 0.000597244
3955 0.00102769
3956 0.000244789
3957 6.84692e-05
3958 8.30759e-06
3959 -8.33087e-05
3960 -0.000114348
3961 0.00122523
3962 0.00385433
3963 0.00150987
3964 0.00108146
3965 0.00159579
3966 0.000708436
3967 0.00135022
3968 0.00732573
3969 2.26906e-05
3970 0.000913414
3971 0.000192034
3972 -7.71508e-06
3973 -1.64823e-06
3974 -1.39287e-05
3975 -5.57174e-05
3976 -9.93165e-06
3977 -1.76779e-07
3978 8.68698e-05
3979 0.000414461
3980 -1.41513e-05
3981 -2.61315e-05
3982 0.000776145
3983 0.000190796
3984 -0.000262035
3985 0.000930496
3986 0.000327194
3987 0.00051727
3988 0.000201044
3989 1.97122e-05
3990 0.000339467
3991 1.72895e-05
3992 -0.000330137
3993 2.41815e-06
3994 6.9293e-05
3995 0.000201415
3996 0.00010438
3997 0.000369767
3998 0.000675721
3999 7.30612e-06
4000 0.000146791
4001 0.000269124
4002 0.000343649
4003 0.00188979
4004 1.31305e-07
4005 0.000297709
4006 0.0050189
4007 0.00392078
4008 0.00292853
4009 0.000899076
4010 -9.513e-07
4011 3.30185e-05
4012 7.34568e-05
4013 0.00201426
4014 0.00371769
4015 0.000205693
4016 6.44828e-05
4017 1.01894e-05
4018 5.88927e-05
4019 0.000147183
4020 5.06411e-05
4021 0.00369626
4022 0.00489312
4023 5.56523e-05
4024 3.72898e-05
4025 0.000188253
4026 0.000219711
4027 0.000448354
4028 0.000287212
4029 6.55662e-05
4030 0.000706786
4031 0.000903226
4032 2.10094e-08
4033 0.00170397
4034 -2.58682e-05
4035 -2.23363e-07
4036 1.12302e-05
4037 0.000428179
4038 0.000562554
4039 0.00015341
4040 -1.53968e-05
4041 0.000211657
4042 0.00154909
4043 0.00023175
4044 4.29621e-05
4045 5.21442e-05
4046 -8.9817e-06
4047 7.96607e-06
4048 0.00963501
4049 0.00088198
4050 0.000935631
4051 -0.000429634
4052 0.00394666
4053 0.000111881
4054 0.00056407
4055 0.00109698
4056 6.48203e-06
4057 3.69361e-05
4058 9.49482e-05
4059 7.40435e-06
4060 0.000336974
4061 0.000418153
4062 0.000681945
4063 0.00325617
4064 0.000658437
4065 -2.77104e-05
4066 0.018057
4067 0.00891978
4068 0.0020124
4069 0.00092192
4070 3.41755e-05
4071 2.03295e-05
4072 0.00103488
4073 2.32284e-06
4074 8.1419e-06
4075 0.00112487
4076 0.000350182
4077 4.61081e-06
4078 0.00115771
4079 8.32477e-06
4080 -2.35426e-09
4081 0.00155914
4082 0.00174463
4083 0.000620152
4084 6.64328e-05
4085 2.50198e-05
4086 0.00518334
4087 0.00766978
4088 0.00109638
4089 0.000791488
4090 -6.69191e-06
4091 -3.131e-05
4092 3.21484e-06
4093 0.000111203
4094 5.47698e-06
4095 -3.65643e-07
4096 0.00115715
4097 0.00101789
4098 3.00295e-05
4099 5.17621e-07
4100 -1.07108e-07
4101 1.20681e-05
4102 0.00193309
4103 -1.51712e-05
4104 0.000596887
4105 0.000134196
4106 0.000109044
4107 9.06816e-05
4108 1.44328e-06
4109 0.000167102
4110 0.000323895
4111 4.80071e-05
4112 5.60083e-07
4113 0.000199788
4114 0.000277514
4115 0.000132761
4116 -4.83682e-05
4117 0.00448498
4118 0.00679
4119 0.000939584
4120 0.00197958
4121 -4.43308e-07
4122 0.000621226
4123 -9.3857e-05
4124 0.00012167
4125 -7.68512e-05
4126 5.35497e-07
4127 0.000195417
4128 4.57542e-05
4129 0.00160727
4130 0.00085914
4131 0.0250482
4132 0.002022
4133 0.00192878
4134 0.000984651
4135 0.000352518
4136 0.000378124
4137 0.000146862
4138 0.000518397
4139 1.01456e-06
4140 0.00515482
4141 0.000831776
4142 0.000255122
4143 0.000460111
4144 0.00045505
4145 0.000339507
4146 0.00010117
4147 0.000388178
4148 0.00861476
4149 0.0024782
4150 0.00115575
4151 0.00102609
4152 0.0121304
4153 0.00130248
4154 -0.000273707
4155 -8.11475e-06
4156 0.000285754
4157 0.000216285
4158 5.9688e-05
4159 3.96502e-05
4160 0.00193898
4161 9.55509e-05
4162 0.000254313
4163 0.00390978
4164 0.000483084
4165 5.79451e-05
4166 0.000559093
4167 0.000415367
4168 0.000236702
4169 1.73761e-06
4170 -3.57558e-05
4171 0.00107003
4172 -0.000370051
4173 0.00045448
4174 0.0010698
4175 4.67333e-06
4176 0.00649256
4177 0.000130172
4178 8.10373e-05
4179 0.00169013
4180 0.00533524
4181 -1.3442e-05
4182 1.74224e-05
4183 0.000148598
4184 3.52527e-05
4185 0.000858689
4186 0.00155504
4187 0.000647236
4188 -6.31031e-05
4189 0.0121193
4190 0.00114389
4191 0.0168272
4192 0.000294496
4193 0.000949048
4194 1.79363e-06
4195 -5.58297e-05
4196 -4.16547e-06
4197 1.41577e-05
4198 -9.28876e-08
4199 -2.01753e-05
4200 0.0124364
4201 0.00495005
4202 -5.7977e-07
4203 0.000203393
4204 -2.34815e-07
4205 3.02879e-07
4206 0.000305369
4207 0.00042511
4208 0.000503396
4209 2.1053e-06
4210 0.00159321
4211 0.00159623
4212 0.00399444
4213 -6.80847e-05
4214 -5.73427e-05
4215 -2.4587e-06
4216 0.00105233
4217 0.000207941
4218 -8.72542e-05
4219 6.18115e-07
4220 0.000563505
4221 0.000355612
4222 0.000373963
4223 0.000242276
4224 -2.27756e-06
4225 0.00152494
4226 9.55293e-05
4227 -9.41565e-05
4228 0.00349203
4229 0.00801218
4230 0.00486271
4231 0.000132558
4232 0.000111525
4233 0.00230737
4234 0.00451614
4235 0.000515638
4236 0.000223088
4237 0.00279828
4238 0.0014418
4239 0.000549009
4240 -3.0202e-05
4241 3.55137e-05
4242 0.000805488
4243 -8.60709e-05
4244 0.00858009
4245 0.00499154
4246 -1.34879e-05
4247 2.95534e-05
4248 0.00144913
4249 0.00171857
4250 0.000433572
4251 0.00143722
4252 6.82709e-08
4253 1.22625e-05
4254 0.00230019
4255 0.00127975
4256 1.63973e-05
4257 1.48596e-05
4258 0.000330118
4259 0.000200648
4260 -8.13112e-05
4261 0.000495423
4262 0.00047902
4263 2.22941e-05
4264 9.31503e-06
4265 7.00258e-05
4266 0.000296541
4267 0.00111614
4268 0.00104999
4269 1.83197e-06
4270 1.47921e-05
4271 0.0013448
4272 0.00314453
4273 0.000867063
4274 0.001398
4275 3.35312e-06
4276 5.7059e-06
4277 0.000469516
4278 0.00172451
4279 8.18666e-05
4280 2.33927e-06
4281 0.000232206
4282 5.38715e-05
4283 0.00156339
4284 0.000958282
4285 5.10974e-06
4286 0.000103772
4287 1.63676e-07
4288 9.58445e-05
4289 -1.22899e-05
4290 -6.9689e-07
4291 6.38559e-05
4292 0.00167565
4293 -8.95957e-06
4294 -9.16939e-06
4295 -3.37273e-05
4296 -8.0869e-05
4297 9.1527e-06
4298 0.000202302
4299 0.00225033
4300 0.000488503
4301 0.00272548
4302 0.00174666
4303 0.000515313
4304 0.00212956
4305 0.000317884
4306 0.0100917
4307 0.00629567
4308 0.00573578
4309 -9.71633e-06
4310 -3.13821e-05
4311 1.2274e-05
4312 0.000427462
4313 0.00195811
4314 0.00186117
4315 0.000319221
4316 0.00150163
4317 -0.000204223
4318 0.00032459
4319 0.000547241
4320 -0.000282046
4321 0.000298752
4322 0.00078423
4323 0.00103809
4324 0.0118444
4325 0.000426607
4326 0.000217547
4327 -1.59428e-05
4328 0.000195709
4329 0.000241046
4330 3.66564e-06
4331 0.00938036
4332 0.000222707
4333 0.000158385
4334 -7.57101e-06
4335 -3.53245e-05
4336 0.000616352
4337 5.6071e-05
4338 -0.000506045
4339 0.000448701
4340 0.00022382
4341 0.000115655
4342 0.0210533
4343 0.00657974
4344 0.00919865
4345 0.000559161
4346 0.000925288
4347 0.00017695
4348 1.26606e-05
4349 1.80698e-05
4350 0.00115936
4351 4.04648e-05
4352 0.000806385
4353 0.00394328
4354 0.000918007
4355 0.00165878
4356 0.000743122
4357 2.3008e-05
4358 0
4359 0.000566114
4360 0.00250576
4361 0.00100466
4362 0.000889118
4363 5.84064e-06
4364 0.00136188
4365 1.49588e-05
4366 0.000131092
4367 0.00302944
4368 0.00675927
4369 1.12617e-05
4370 -9.94244e-06
4371 0.00012813
4372 0.000475245
4373 0.0019211
4374 0.0011478
4375 0.0020614
4376 0.0020212
4377 2.58978e-05
4378 7.96331e-05
4379 0.00323751
4380 0.000204413
4381 -1.15495e-05
4382 0.00268416
4383 0.000616641
4384 0.000148092
4385 0.000153584
4386 0.0330251
4387 0.000331369
4388 1.82509e-05
4389 3.33424e-05
4390 0.00265128
4391 0.000646497
4392 4.83344e-05
4393 8.72162e-05
4394 0.000217965
4395 0.000120554
4396 0.00168888
4397 0.00108845
4398 0.000415555
4399 0.000677981
4400 -6.13421e-06
4401 7.77502e-05
4402 -1.03214e-08
4403 0.0168094
4404 0.00836487
4405 1.98734e-06
4406 0.00011381
4407 0.000346793
4408 0.000587229
4409 0.000832396
4410 7.89551e-06
4411 9.59993e-06
4412 0.00231394
4413 0.000148986
4414 0.000108257
4415 0.00782104
4416 0.000556603
4417 -2.3762e-05
4418 -1.09871e-05
4419 0.0011713
4420 0.000380034
4421 0.000397178
4422 0.000318292
4423 0.00133886
4424 8.35674e-05
4425 0.000515373
4426 0.00335542
4427 0.000307048
4428 0.000497897
4429 0.000255188
4430 0.000515814
4431 0.00387779
4432 0.00431991
4433 0.00168625
4434 0.000796565
4435 0.000166361
4436 0.000547622
4437 0.00106049
4438 0.00012204
4439 -0.00015969
4440 7.94437e-06
4441 0.000335811
4442 0.0015103
4443 0.000992579
4444 0.000529625
4445 -0.00016805
4446 0.000138489
4447 -0.000112103
4448 2.04715e-10
4449 1.56499e-05
4450 -1.52829e-05
4451 -3.75431e-06
4452 1.25054e-05
4453 0.000530076
4454 0.000229057
4455 0.000104678
4456 -5.84036e-05
4457 0.000764212
4458 0.000552146
4459 1.88299e-06
4460 2.07268e-05
4461 0.000619064
4462 0.00212319
4463 0.000123206
4464 0.000613057
4465 0.000617086
4466 0.000235306
4467 0.000205255
4468 0.00133598
4469 0.0170519
4470 1.3135e-06
4471 0.0106014
4472 0.000117969
4473 0.000746425
4474 1.5256e-06
4475 0.00625539
4476 0.000911448
4477 0.000491872
4478 0.00202783
4479 0.00315178
4480 2.43832e-05
4481 0.00053426
4482 0.00345817
4483 6.34401e-07
4484 0.000312724
4485 0.0249598
4486 0.025574
4487 0.00355375
4488 -1.36876e-05
4489 -0.000291246
4490 0.000236573
4491 -1.18054e-05
4492 4.10057e-05
4493 0.0039964
4494 0.000530339
4495 0.00105523
4496 -3.07746e-07
4497 0.0058087
4498 0.00227412
4499 0.0082973
4500 0.000176628
4501 0.000200055
4502 0.00427417
4503 0.0081918
4504 0.000273337
4505 0.0161563
4506 -0
4507 0.0609278
4508 0.0189692
4509 0.000146011
4510 0.00127787
4511 9.96578e-05
4512 0.00010576
4513 0.00497896
4514 0.00376524
4515 0.000936865
4516 0.0135542
4517 -9.421e-06
4518 3.99194e-05
4519 0.000310113
4520 0.00445558
4521 0.00260711
4522 -0
4523 0.00556422
4524 -6.25074e-06
4525 0.00548002
4526 0.000126072
4527 0.000842839
4528 3.74028e-07
4529 7.83035e-05
4530 6.33466e-06
4531 0.0007052
4532 0.000298606
4533 0.000271684
4534 9.42337e-05
4535 0.00210165
4536 0.000971623
4537 0.0027674
4538 0.00323957
4539 0.0021218
4540 6.23061e-05
4541 0.000115392
4542 0.000303665
4543 0.000146871
4544 1.18671e-05
4545 0.0154921
4546 0.000435146
4547 5.90675e-07
4548 0.000401201
4549 0.00198871
4550 0.000308148
4551 0.00132364
4552 2.38978e-05
4553 0.000215865
4554 0.00480851
4555 0.00374885
4556 0.00243098
4557 -6.59854e-05
4558 0.00196483
4559 0.00271766
4560 -9.5278e-06
4561 0.000329325
4562 -1.62207e-06
4563 0.00095916
4564 7.793e-05
4565 -6.12147e-10
4566 3.15105e-05
4567 0.000728886
4568 4.90417e-07
4569 0.000745211
4570 0.0012576
4571 1.93798e-05
4572 0.000506731
4573 0.00330171
4574 0.000868374
4575 4.76027e-06
4576 0.00114738
4577 3.90857e-05
4578 0.00063813
4579 7.24244e-05
4580 6.81415e-06
4581 -1.8781e-05
4582 0.000702873
4583 0.00315484
4584 0.000822612
4585 0.00126527
4586 -0.000229518
4587 0.00342358
4588 0.00602446
4589 5.89355e-05
4590 -0.000135411
4591 0.0262488
4592 -6.07583e-05
4593 -1.8202e-05
4594 0.00199676
4595 0.000866233
4596 0.000934644
4597 0.00333687
4598 -4.49125e-05
4599 0.0109435
4600 0.00386919
4601 0.00112026
4602 0.00151866
4603 2.294e-05
4604 -6.87077e-06
4605 2.9621e-05
4606 7.78212e-05
4607 0.00212447
4608 -8.2456e-06
4609 0.00739975
4610 0.0114419
4611 0.00344274
4612 0.00147987
4613 0.00286726
4614 0.000156668
4615 0.000818495
4616 8.54322e-05
4617 1.12836e-05
4618 0.00618457
4619 0.000434855
4620 0.000519288
4621 -8.42487e-06
4622 0.000960391
4623 0.00278117
4624 0.000391835
4625 0.000625553
4626 0.000509006
4627 2.73392e-05
4628 0.000582712
4629 0.000304113
4630 0.00840443
4631 1.79597e-07
4632 -6.56297e-06
4633 0.00018924
4634 -4.33972e-05
4635 -2.88788e-06
4636 0.000157312
4637 6.92763e-05
4638 2.36838e-06
4639 0.000739164
4640 -7.48335e-06
4641 3.32535e-05
4642 0.000405699
4643 4.45215e-06
4644 0.0191873
4645 0.00159042
4646 -5.41188e-08
4647 0.0120122
4648 1.50197e-05
4649 7.87962e-05
4650 0.000124522
4651 0.00109369
4652 0.00067942
4653 0.00149604
4654 2.4578e-05
4655 0.0202556
4656 0.018565
4657 0.000244466
4658 0.000981936
4659 6.90227e-06
4660 -5.57879e-06
4661 0.000184768
4662 0.000844201
4663 0.000209843
4664 0.00115572
4665 0.000725174
4666 0.00133575
4667 8.65484e-05
4668 0.00117585
4669 0.0025525
4670 0.00549264
4671 0.000578467
4672 0.00909874
4673 0.00420957
4674 -8.51077e-05
4675 2.3357e-05
4676 0.00733452
4677 0.00890816
4678 0.000187111
4679 -7.35113e-05
4680 -1.62425e-05
4681 0.000413242
4682 3.04715e-05
4683 1.05988e-05
4684 0.000206706
4685 0.000892681
4686 0.00020504
4687 -3.36436e-05
4688 3.35743e-05
4689 9.76805e-06
4690 9.05923e-05
4691 0.000255172
4692 0.000810427
4693 -0.000363857
4694 0.00212189
4695 0.000476399
4696 0.00139919
4697 8.35128e-07
4698 0.0038204
4699 0.0147619
4700 0.00021352
4701 0.00700197
4702 4.67562e-05
4703 0.000113124
4704 0.0310518
4705 0.00524673
4706 -3.08448e-06
4707 0.0207074
4708 0.0145801
4709 0.000275855
4710 0.00109572
4711 8.6067e-05
4712 2.58787e-05
4713 0.000746228
4714 0.00020858
4715 -3.18357e-06
4716 0.00447353
4717 0.000430698
4718 0.000490966
4719 0.000925198
4720 -3.00982e-07
4721 1.85221e-06
4722 0.000676991
4723 0.00192144
4724 0.00347528
4725 0.00303825
4726 0.0108672
4727 0.0117281
4728 0.0112607
4729 -1.77278e-05
4730 -5.76564e-06
4731 0.000171154
4732 0.000618111
4733 0.00336873
4734 0.000468006
4735 0.00244046
4736 0.00186746
4737 -0
4738 0.000269294
4739 0.0018132
4740 0.0010815
4741 0.0218609
4742 0.0450698
4743 0.000590397
4744 0.000483514
4745 -0.000158593
4746 0.000240389
4747 7.02751e-05
4748 0.000468046
4749 8.50954e-05
4750 0.00020568
4751 -0.000103705
4752 0.000209731
4753 0.000288121
4754 0.00191333
4755 0.00399079
4756 -2.00929e-06
4757 -3.5359e-07
4758 8.91064e-06
4759 0.000212655
4760 0.00643332
4761 0.000189303
4762 0.000466195
4763 6.01814e-05
4764 0.00158801
4765 0.00612677
4766 0.000133441
4767 -3.35879e-05
4768 -6.80117e-05
4769 0.00748885
4770 0.00294018
4771 5.14431e-05
4772 0.000977539
4773 0.00480862
4774 0.000195882
4775 1.87702e-07
4776 0.000141344
4777 -4.76605e-05
4778 0.00134078
4779 0.00250096
4780 0.000126708
4781 -9.78737e-05
4782 0.00214072
4783 0.00242115
4784 9.55511e-06
4785 3.13924e-07
4786 0.00148928
4787 0.000473448
4788 -0.000192227
4789 2.34678e-05
4790 0.00134007
4791 6.44156e-07
4792 0.0087172
4793 1.21153e-06
4794 0.000245016
4795 0.00167866
4796 -0.000332327
4797 -3.1431e-05
4798 0.000895944
4799 8.39454e-05
4800 0.00422482
4801 0.00269393
4802 0.00237955
4803 -8.12861e-05
4804 0.00119236
4805 0.00723678
4806 0.00199116
4807 0.000824208
4808 0.000110922
4809 1.80382e-06
4810 -1.20052e-06
4811 8.26957e-05
4812 6.5923e-05
4813 3.78057e-05
4814 3.19712e-05
4815 0.00013643
4816 0.000678714
4817 0.00125161
4818 0.000334039
4819 1.64959e-05
4820 0.0054439
4821 3.61637e-06
4822 1.82107e-05
4823 2.2808e-05
4824 0.0072236
4825 0.00324223
4826 4.11451e-05
4827 0.000156725
4828 -0
4829 0.00718408
4830 3.0308e-07
4831 0.00099349
4832 2.36389e-07
4833 0.00251666
4834 0.00212935
4835 0.00108242
4836 0.00896459
4837 4.18662e-05
4838 5.03138e-05
4839 0.000431286
4840 6.2478e-05
4841 -0.000709566
4842 0.00150889
4843 0.000728201
4844 0.00132117
4845 0.000877953
4846 -0.000193771
4847 0.000842862
4848 0.000121637
4849 0.000315527
4850 2.40227e-05
4851 0.000436643
4852 1.42623e-05
4853 0.00126059
4854 -8.16529e-05
4855 0.00572065
4856 0.000176962
4857 2.1639e-05
4858 0.00310711
4859 8.56865e-07
4860 0.00848281
4861 0.000191908
4862 0.000664006
4863 0.00048767
4864 -4.04311e-05
4865 0.00729388
4866 0.000160936
4867 0.000540788
4868 0.000901552
4869 0.00387932
4870 0.000701273
4871 0.00134163
4872 0.000427232
4873 0.000223863
4874 0.00164265
4875 0.000322153
4876 0.000407036
4877 3.65553e-05
4878 0.000306915
4879 0.00238708
4880 7.66137e-05
4881 0.00334799
4882 0.0012524
4883 0.00306859
4884 0.00238974
4885 8.42426e-05
4886 2.38638e-08
4887 0.0082511
4888 0.000144124
4889 0.00285285
4890 -2.59014e-05
4891 0.00055556
4892 0.000175477
4893 0.000325189
4894 0.000576343
4895 0.000816821
4896 0.000815788
4897 0.0034176
4898 0.00326787
4899 0.000429617
4900 0.0144323
4901 0.000444624
4902 -0
4903 0.000128178
4904 0.000126568
4905 0.0119321
4906 0.0255079
4907 0.000846185
4908 0.00128798
4909 0.000360022
4910 0.000130442
4911 0.000564358
4912 0.00134129
4913 0.00279579
4914 5.03551e-05
4915 0.000163989
4916 8.23857e-06
4917 -7.34472e-05
4918 -7.07608e-05
4919 0.000180392
4920 0.00048497
4921 0.00292314
4922 0.00963484
4923 0.000188482
4924 0.0037144
4925 0.00676226
4926 0.00757349
4927 6.7605e-05
4928 1.79525e-05
4929 0.000544459
4930 0.00282233
4931 0.000362612
4932 -1.30114e-05
4933 0.00576739
4934 0.0015684
4935 0.00180248
4936 0.0340824
4937 0.00139907
4938 0.00029084
4939 0.000109861
4940 9.85998e-05
4941 8.84577e-05
4942 3.85835e-05
4943 2.21906e-05
4944 0.00647248
4945 0.00240679
4946 0.0101953
4947 0.0218217
4948 0.000468965
4949 0.000312133
4950 0.000452244
4951 0.00265801
4952 0.000313981
4953 0.00137628
4954 6.13068e-05
4955 -4.12185e-05
4956 -2.68506e-05
4957 1.40501e-06
4958 2.51591e-05
4959 4.21951e-05
4960 -0.000116163
4961 0.0225509
4962 0.0600858
4963 0.00947842
4964 0.00163769
4965 0.00305146
4966 0.00129052
4967 0.00106301
4968 0.0258051
4969 0.0128677
4970 0.00084389
4971 0.000199326
4972 0.00728152
4973 3.52632e-06
4974 8.86411e-06
4975 0.00131426
4976 0.00402869
4977 0.00386687
4978 0.00299147
4979 1.16752e-05
4980 9.86002e-06
4981 4.9401e-05
4982 0.000388159
4983 0.00412794
4984 6.41739e-05
4985 0.00631466
4986 0.00559067
4987 0.000690117
4988 0.000933301
4989 0.00813687
4990 -3.49954e-06
4991 0.00154866
4992 0.000158715
4993 2.43204e-05
4994 0.000301874
4995 0.0148554
4996 0.000234652
4997 9.21999e-05
4998 5.05239e-05
4999 0.00167532
5000 0.0125657
5001 0.000598941
5002 0.0430771
5003 -4.80433e-05
5004 0.00498885
5005 0.00149101
5006 0.000196693
5007 0.00221725
5008 0.000364698
5009 0.000224808
5010 0.00581477
5011 0.00113786
5012 0.00456987
5013 0.00184434
5014 0.000188501
5015 1.37182e-05
5016 4.65408e-05
5017 0.00028109
5018 0.000304706
5019 0.00863272
5020 0.0208647
5021 5.38066e-06
5022 0.0343202
5023 0.00280762
5024 0.00172093
5025 4.15745e-05
5026 0.000132491
5027 2.24099e-05
5028 0.000986188
5029 0.00395182
5030 0.000627256
5031 0.00232849
5032 5.94863e-05
5033 0.00337539
5034 0.000675668
5035 0.0028882
5036 3.27116e-06
5037 0.0147303
5038 0.000352186
5039 0.00072989
5040 0.000380319
5041 0.000324111
5042 5.89923e-05
5043 0.000627295
5044 0.00153468
5045 8.70598e-05
5046 0.00102463
5047 0.000788912
5048 0.00798605
5049 0.00342075
5050 0.00357935
5051 5.06962e-05
5052 0.00476438
5053 0.000908933
5054 1.34449e-06
5055 6.2029e-06
5056 0.00132044
5057 0.000988307
5058 3.57788e-07
5059 1.88729e-07
5060 0.000561672
5061 0.00152043
5062 0.00269347
5063 0.000875128
5064 0.0014737
5065 0.00042583
5066 0.00956416
5067 0.000212024
5068 0.021106
5069 0.000397505
5070 2.55886e-06
5071 0.011815
5072 0.000161814
5073 0.0030955
5074 -2.54817e-05
5075 0.000167334
5076 0.00394315
5077 0.0176409
5078 0.00143682
5079 0.00150233
5080 0.00529741
5081 2.18168e-05
5082 0.000447552
5083 0.000456371
5084 1.69909e-05
5085 0.00726436
5086 -2.68136e-06
5087 0.0343889
5088 0.000839062
5089 0.000787162
5090 0.000791836
5091 0.00352672
5092 0.000174703
5093 0.00400109
5094 -1.23841e-05
5095 0.000202635
5096 0.000113077
5097 0.00330559
5098 0.0001158
5099 1.14628e-06
5100 0.00366268
5101 4.41947e-05
5102 0.000169165
5103 0.00146172
5104 0.000163335
5105 0.000478709
5106 0.000194331
5107 0.0011993
5108 0.00206291
5109 0.0076727
5110 0.00112506
5111 0.0155379
5112 0.000132648
5113 -3.07632e-05
5114 0.000865268
5115 5.26555e-05
5116 0.000318732
5117 0.00130768
5118 -1.78877e-07
5119 2.86714e-05
5120 6.59066e-05
5121 0.000590258
5122 9.47769e-05
5123 0.0016381
5124 0.000177002
5125 0.00248277
5126 0.00204376
5127 0.0060805
5128 0.013911
5129 0.0267585
5130 0.00239819
5131 0.101092
5132 0.0853661
5133 0.0628431
5134 0.0724733
5135 0.00136599
5136 0.00136267
5137 0.0105238
5138 0.0116407
5139 0.00124006
5140 0.00827389
