type vector
size 5141
values
0 0.000161058
1 -0.000320375
2 -0.000485937
3 -0.000664217
4 -0.0020377
5 -0.000144094
6 3.80054e-05
7 0.000174716
8 8.84444e-07
9 0.000130497
10 7.21071e-05
11 0.000147967
12 1.21506e-05
13 5.20895e-06
14 -2.08052e-05
15 -0.00056943
16 -1.70628e-06
17 -1.20547e-05
18 0.000181957
19 0.000105436
20 -5.53572e-06
21 -3.40694e-05
22 6.73424e-06
23 0.000248289
24 0.000735622
25 0.000322366
26 4.19157e-05
27 6.72178e-06
28 0.000311314
29 -0.000169749
30 -0.000246231
31 -7.05578e-05
32 -0.000184572
33 -0.000945134
34 0.000244717
35 0.000267951
36 1.28169e-05
37 4.81792e-06
38 9.03941e-07
39 3.92862e-08
40 1.16308e-05
41 8.25675e-07
42 -1.80987e-07
43 1.98468e-06
44 -0.000182198
45 8.07078e-06
46 1.96165e-08
47 2.32295e-05
48 1.25273e-05
49 -2.6935e-07
50 8.40913e-06
51 6.9301e-07
52 2.06787e-06
53 -3.00376e-07
54 1.19795e-05
55 2.18622e-05
56 5.12328e-08
57 0.000109205
58 2.00523e-06
59 -4.39011e-07
60 3.3617e-05
61 6.08166e-05
62 2.08789e-05
63 -1.52024e-06
64 9.76237e-06
65 5.87394e-07
66 0.000106503
67 -1.08334e-07
68 1.60982e-05
69 1.42651e-05
70 7.53575e-07
71 1.22943e-05
72 7.80762e-06
73 6.24001e-05
74 9.63473e-06
75 1.23287e-05
76 2.63481e-05
77 4.51874e-06
78 -8.6295e-07
79 2.68478e-05
80 3.99454e-05
81 5.09868e-06
82 1.91562e-06
83 2.87602e-07
84 -1.09417e-06
85 1.28753e-07
86 -1.26987e-07
87 6.07108e-06
88 -7.80451e-08
89 1.19518e-06
90 8.938e-06
91 2.49319e-06
92 1.16567e-05
93 -3.16127e-07
94 7.98058e-07
95 1.58829e-06
96 4.59062e-07
97 7.92909e-07
98 1.38999e-07
99 3.69903e-07
100 1.02673e-07
101 5.14081e-06
102 7.94746e-06
103 1.42174e-05
104 3.68035e-06
105 6.55065e-06
106 3.91556e-06
107 5.50934e-06
108 8.29257e-08
109 1.8074e-05
110 2.53204e-06
111 7.38116e-06
112 7.88631e-06
113 1.42542e-05
114 2.78683e-06
115 7.00202e-09
116 3.43707e-06
117 8.57694e-09
118 8.08325e-08
119 1.03064e-05
120 -6.7804e-07
121 2.77375e-06
122 -2.48639e-08
123 -3.844e-07
124 7.27526e-07
125 -1.91931e-06
126 -8.39106e-06
127 -1.51347e-05
128 2.06593e-06
129 -2.85364e-06
130 3.81067e-06
131 -2.36516e-06
132 1.21516e-06
133 3.59274e-06
134 -5.95014e-07
135 6.34615e-06
136 -9.50211e-07
137 9.75649e-06
138 3.81426e-07
139 -2.745e-06
140 -2.37402e-06
141 1.22793e-06
142 1.0726e-07
143 1.65359e-07
144 1.84779e-07
145 1.74473e-06
146 -4.96935e-07
147 2.99129e-06
148 8.74307e-07
149 1.74655e-06
150 8.15709e-07
151 3.54341e-07
152 -1.25222e-05
153 1.37234e-06
154 -1.86517e-07
155 7.28067e-05
156 4.03954e-06
157 5.47335e-06
158 -6.67975e-07
159 -1.39797e-06
160 3.08119e-06
161 7.49623e-06
162 8.64085e-06
163 2.1242e-06
164 8.12466e-08
165 5.13926e-06
166 -1.10677e-06
167 8.04958e-07
168 2.6812e-06
169 3.29885e-06
170 1.49539e-05
171 1.63555e-06
172 2.62725e-07
173 -1.19407e-07
174 5.80974e-07
175 -7.10037e-08
176 1.91829e-06
177 -3.28144e-06
178 6.63385e-06
179 1.31073e-08
180 -2.82422e-07
181 -4.79053e-07
182 1.1439e-06
183 3.18267e-06
184 4.08329e-07
185 6.57503e-06
186 -4.24436e-07
187 6.86072e-07
188 1.81827e-07
189 4.86869e-06
190 -1.33707e-06
191 6.8169e-07
192 3.93098e-06
193 -3.62435e-06
194 3.0168e-06
195 -9.68855e-07
196 1.47574e-05
197 5.99805e-07
198 4.82049e-06
199 -8.72939e-07
200 8.03199e-08
201 2.05871e-06
202 -1.74925e-07
203 1.61287e-06
204 -6.81011e-07
205 2.49305e-06
206 -3.85518e-06
207 4.18685e-06
208 1.0686e-05
209 5.82794e-05
210 -1.69979e-07
211 -3.44334e-06
212 3.5043e-06
213 -1.8775e-08
214 1.65449e-06
215 3.37235e-05
216 5.27247e-06
217 -2.79546e-06
218 3.54529e-05
219 8.48901e-06
220 3.95896e-08
221 1.91134e-06
222 1.36561e-07
223 1.20189e-05
224 1.23343e-05
225 -1.62967e-05
226 2.73814e-05
227 5.98717e-06
228 1.69993e-06
229 2.52818e-06
230 1.22631e-05
231 7.55629e-06
232 2.10352e-06
233 1.65531e-05
234 7.45202e-06
235 7.70461e-05
236 -7.4191e-07
237 3.05009e-05
238 1.17596e-05
239 3.29441e-06
240 -7.69304e-07
241 0.000123855
242 7.14727e-06
243 1.38726e-05
244 3.11521e-07
245 2.79598e-06
246 4.64295e-07
247 2.88593e-06
248 -1.70081e-08
249 7.22334e-05
250 2.09127e-05
251 1.10515e-05
252 -1.69733e-05
253 -3.84788e-06
254 2.02861e-05
255 9.4171e-05
256 1.08364e-06
257 2.10303e-06
258 -1.5447e-08
259 5.1533e-06
260 -6.42219e-06
261 1.2597e-06
262 -9.48789e-06
263 3.31628e-07
264 -9.38169e-08
265 4.45158e-06
266 1.94494e-05
267 1.05871e-06
268 2.00072e-05
269 2.53641e-06
270 1.51552e-06
271 -1.3286e-06
272 1.30055e-05
273 4.42304e-06
274 2.64263e-06
275 -3.30381e-07
276 -2.24153e-07
277 -2.51559e-06
278 8.40018e-06
279 8.78215e-06
280 1.00543e-06
281 -2.82339e-07
282 -1.32224e-07
283 -1.62848e-05
284 -3.98758e-07
285 5.09751e-06
286 4.61302e-05
287 8.89164e-06
288 1.87144e-05
289 1.3497e-05
290 2.57406e-05
291 3.61682e-06
292 3.87213e-05
293 5.34358e-06
294 6.35961e-08
295 -1.22257e-07
296 2.70408e-07
297 6.94825e-07
298 -1.16252e-07
299 1.88006e-05
300 3.45326e-07
301 2.59329e-08
302 8.01685e-07
303 9.89962e-07
304 -5.98093e-06
305 1.92631e-05
306 5.48138e-06
307 2.68266e-06
308 -4.52354e-08
309 3.25376e-05
310 5.39648e-05
311 9.37735e-06
312 9.85673e-06
313 0.000256473
314 0.00020773
315 4.61302e-07
316 3.31721e-05
317 4.55748e-06
318 -2.62645e-06
319 7.28385e-05
320 4.61017e-07
321 2.33509e-06
322 2.46958e-09
323 4.56813e-05
324 0.00016627
325 1.22945e-07
326 2.24668e-06
327 3.55158e-05
328 7.31725e-07
329 2.29174e-06
330 4.0161e-06
331 1.45669e-06
332 4.91728e-06
333 -1.80352e-07
334 1.11182e-06
335 3.17257e-05
336 6.52947e-07
337 8.30188e-06
338 6.51273e-05
339 7.84901e-08
340 1.28494e-07
341 0.000155054
342 8.57369e-06
343 -2.65929e-08
344 2.42206e-06
345 5.35459e-05
346 -6.92555e-07
347 -3.50849e-05
348 1.51478e-05
349 -5.77726e-05
350 2.94157e-05
351 -0.000210795
352 8.30906e-05
353 0.00016485
354 2.61967e-05
355 0.000620999
356 0.000417264
357 -7.50385e-05
358 0.0001648
359 0.000146422
360 -9.94907e-05
361 0.000543116
362 -0.00156835
363 0.000335637
364 0
365 -0.000183727
366 0.000441211
367 0.000180325
368 9.51051e-06
369 -3.16155e-05
370 1.26964e-05
371 -0.00481181
372 0.000218587
373 0.000339318
374 4.28857e-05
375 -0.000214677
376 0.000528159
377 -2.24857e-05
378 -3.82849e-06
379 -9.92274e-06
380 7.24263e-06
381 -1.08366e-05
382 0.000254014
383 -0.000102353
384 0.000163613
385 -4.29836e-05
386 -0.000163787
387 -0.000479845
388 -0.000316301
389 -3.74739e-06
390 -3.87466e-05
391 2.61924e-05
392 3.7892e-05
393 -3.19016e-05
394 1.63398e-05
395 2.05671e-05
396 0.000203798
397 4.66131e-05
398 7.61649e-05
399 -0.000115452
400 -3.35681e-08
401 -1.12275e-06
402 0.000119502
403 -2.78525e-05
404 -4.47505e-06
405 -7.12418e-06
406 2.61327e-05
407 -2.04345e-05
408 -7.60796e-07
409 7.66168e-06
410 0.000562
411 6.35358e-06
412 1.17441e-05
413 2.54502e-07
414 1.14835e-05
415 -1.20816e-05
416 1.75204e-05
417 -1.8084e-05
418 -1.62461e-06
419 -0.000624326
420 5.15703e-05
421 -4.91262e-05
422 -0.000178157
423 -0.000238163
424 -3.97389e-05
425 -6.95795e-06
426 -8.07799e-08
427 -6.09154e-05
428 -3.69806e-05
429 2.63282e-05
430 5.15786e-05
431 3.22577e-05
432 -4.1571e-05
433 0.000179899
434 0.000174863
435 -2.61435e-05
436 0.000214118
437 -1.37513e-05
438 -1.1471e-06
439 6.91207e-06
440 -5.52982e-06
441 -7.06845e-06
442 2.20944e-06
443 8.25946e-05
444 -1.00177e-05
445 -1.57798e-05
446 -5.56228e-05
447 8.70345e-05
448 4.66341e-05
449 -7.47397e-05
450 1.26562e-06
451 5.21525e-05
452 -2.6266e-05
453 3.32529e-05
454 0.000245904
455 -0.00044185
456 -0.000359336
457 0.000323867
458 -2.40262e-05
459 8.05418e-05
460 0.000596713
461 -0.000123006
462 -9.77594e-05
463 1.4033e-05
464 0
465 0.000120815
466 -4.3265e-05
467 -4.85138e-06
468 -0.000526963
469 -1.19512e-05
470 0.000356434
471 -8.87208e-05
472 0.000256685
473 0
474 0.000494251
475 2.5517e-06
476 0
477 1.81489e-05
478 -0.000354279
479 -8.41319e-05
480 3.022e-05
481 -0.000236429
482 -1.43658e-05
483 -0.000332964
484 0.000658507
485 0.000363502
486 0
487 0.00107516
488 0.000704647
489 -0.000155821
490 0.000107404
491 0.000130769
492 6.56372e-05
493 1.44653e-05
494 -0.000172452
495 0.000139732
496 0.000247057
497 0.000417508
498 5.29752e-05
499 0.0031608
500 0.000371302
501 0.000210244
502 -7.51161e-05
503 0.000615503
504 0.000377088
505 0.00570569
506 0.000226966
507 0.000169768
508 -7.43614e-05
509 -1.95559e-05
510 0.000123664
511 0.00011793
512 9.5762e-05
513 9.7076e-06
514 0.000290175
515 0.000139944
516 -0.000117543
517 0.00024451
518 -0.000178609
519 -0.000132806
520 1.27363e-06
521 -8.22308e-05
522 5.78091e-05
523 2.06953e-05
524 -8.51313e-06
525 1.17181e-05
526 3.01e-05
527 1.28618e-05
528 -2.43783e-05
529 4.14622e-06
530 3.60186e-05
531 -1.93359e-05
532 4.79467e-06
533 -4.71241e-07
534 -1.42136e-06
535 -1.22662e-06
536 8.17276e-06
537 1.61122e-05
538 -6.0835e-05
539 -1.12979e-05
540 1.87694e-06
541 -2.78955e-05
542 3.60978e-06
543 6.09984e-05
544 8.73836e-06
545 -2.57254e-05
546 -2.83197e-06
547 -1.02948e-07
548 -0.000294859
549 -0.000108039
550 0.000354911
551 9.16765e-05
552 5.94051e-05
553 3.78024e-07
554 4.3535e-07
555 1.80582e-06
556 0.000123153
557 1.41844e-05
558 4.66027e-05
559 1.99513e-05
560 1.51866e-05
561 1.7485e-07
562 0.000113103
563 -5.41636e-08
564 3.55752e-06
565 -1.87634e-05
566 5.39357e-05
567 0.000146929
568 -7.64304e-07
569 1.34845e-07
570 8.73903e-06
571 3.34847e-06
572 -1.76426e-05
573 2.38074e-05
574 7.25138e-06
575 1.43679e-05
576 7.52606e-06
577 7.37068e-05
578 5.91966e-05
579 5.78976e-06
580 -1.43235e-05
581 -2.80918e-06
582 -1.38559e-06
583 1.18096e-05
584 0.000114806
585 5.59659e-05
586 3.17302e-06
587 -1.93529e-07
588 3.00467e-05
589 -3.56732e-05
590 3.97496e-05
591 2.83629e-06
592 1.53018e-05
593 3.25862e-08
594 3.44539e-05
595 3.49431e-06
596 7.10745e-05
597 1.81761e-07
598 1.82583e-08
599 2.21998e-09
600 1.1634e-08
601 2.52137e-07
602 5.21996e-06
603 3.14436e-06
604 2.3651e-07
605 6.43062e-07
606 6.42666e-06
607 2.45237e-06
608 8.69593e-06
609 1.93531e-06
610 5.95759e-06
611 2.71967e-05
612 6.23137e-06
613 7.32056e-06
614 1.35636e-06
615 -6.50815e-08
616 1.76791e-06
617 4.06496e-05
618 1.04621e-05
619 2.90715e-07
620 -1.32963e-06
621 -8.70828e-07
622 5.48038e-07
623 4.58725e-06
624 7.23125e-09
625 1.50334e-06
626 2.73461e-05
627 1.24887e-05
628 3.58398e-06
629 1.44089e-05
630 4.34031e-07
631 4.72494e-06
632 3.09861e-05
633 0.000154444
634 7.25225e-05
635 4.55797e-05
636 -4.9752e-08
637 1.06248e-05
638 -1.19159e-06
639 2.49896e-06
640 3.66503e-05
641 1.1849e-05
642 -6.98347e-05
643 3.34491e-05
644 3.24834e-05
645 4.98715e-05
646 1.20744e-05
647 4.89141e-05
648 3.80824e-06
649 -6.00927e-09
650 1.0496e-05
651 0.000474139
652 1.45624e-05
653 5.49421e-08
654 0.000268868
655 -1.11834e-05
656 4.48815e-05
657 -6.00169e-05
658 5.13483e-07
659 -4.40169e-07
660 -2.00595e-06
661 -0.000106887
662 7.95631e-06
663 6.05552e-05
664 2.20751e-05
665 7.03646e-07
666 3.42543e-06
667 -8.91596e-07
668 1.45517e-05
669 -3.58088e-05
670 -5.16664e-06
671 1.25002e-05
672 4.13549e-05
673 7.20632e-05
674 -6.56389e-05
675 2.25934e-05
676 1.70438e-08
677 -4.11597e-06
678 8.06602e-08
679 -1.21979e-06
680 6.854e-05
681 9.09842e-09
682 5.23367e-05
683 8.43962e-06
684 3.13804e-05
685 4.47427e-05
686 -4.01855e-05
687 -1.06354e-05
688 4.55408e-05
689 3.40865e-06
690 9.86503e-07
691 5.51083e-05
692 4.02026e-07
693 0.000783905
694 -1.38897e-07
695 5.09671e-05
696 8.53609e-08
697 -2.54745e-07
698 9.57105e-07
699 8.95993e-05
700 2.53641e-06
701 1.96886e-06
702 3.83841e-06
703 -1.14313e-06
704 3.4387e-05
705 1.77598e-05
706 -3.39869e-07
707 2.75167e-05
708 1.86923e-06
709 1.22395e-05
710 5.21768e-07
711 -1.90313e-06
712 2.91159e-05
713 9.34498e-06
714 5.09967e-06
715 5.03755e-08
716 5.22547e-08
717 0.000136575
718 1.0216e-05
719 1.44778e-06
720 2.72288e-08
721 2.52172e-05
722 -1.03301e-07
723 6.44698e-05
724 1.92602e-06
725 4.2189e-05
726 7.85104e-07
727 0.0001503
728 3.1152e-06
729 6.82607e-07
730 3.09542e-05
731 2.62917e-06
732 3.61828e-06
733 6.53867e-06
734 1.10881e-08
735 2.19486e-07
736 1.72653e-06
737 5.88822e-06
738 -1.40612e-07
739 6.47459e-06
740 4.71071e-06
741 -4.69577e-05
742 2.40041e-06
743 -3.22824e-06
744 6.23963e-08
745 -3.15962e-07
746 5.1441e-05
747 0.000217977
748 1.19374e-06
749 -1.72982e-05
750 -7.16912e-05
751 9.91828e-07
752 4.30988e-06
753 4.71725e-06
754 2.93586e-07
755 5.8067e-06
756 1.9066e-05
757 1.86259e-05
758 3.46192e-05
759 -7.92351e-08
760 1.49878e-05
761 -1.2474e-05
762 4.86144e-05
763 -3.74082e-06
764 3.67007e-06
765 -6.57606e-07
766 1.18259e-07
767 1.3936e-06
768 1.63516e-05
769 -2.35478e-06
770 3.33757e-07
771 3.25201e-05
772 2.41652e-07
773 -1.23697e-06
774 5.31863e-07
775 7.66377e-07
776 1.14951e-06
777 1.29974e-05
778 3.97611e-08
779 0.000112267
780 3.53961e-05
781 -1.02927e-05
782 -8.01189e-06
783 -2.88358e-06
784 -1.49692e-07
785 4.56638e-07
786 4.70738e-06
787 -1.20134e-05
788 -1.25862e-07
789 -7.61423e-07
790 9.62635e-08
791 5.9936e-05
792 1.56112e-05
793 4.8871e-07
794 -1.66235e-07
795 2.04886e-05
796 5.36142e-06
797 1.04539e-05
798 3.59699e-06
799 1.37319e-05
800 1.2685e-05
801 3.3083e-07
802 1.53726e-07
803 1.96075e-06
804 1.84398e-05
805 8.8811e-06
806 3.94838e-08
807 -1.46703e-07
808 1.34385e-06
809 -1.19349e-06
810 9.64461e-06
811 -1.75441e-07
812 2.98033e-05
813 2.78613e-05
814 1.21155e-05
815 6.38984e-08
816 3.47446e-07
817 3.61542e-07
818 1.30792e-06
819 -2.8543e-07
820 8.57584e-06
821 -2.64634e-05
822 -1.35364e-05
823 4.00313e-06
824 -3.23225e-07
825 6.1389e-07
826 -1.1907e-07
827 9.44711e-06
828 -2.66991e-05
829 3.7894e-06
830 -2.67261e-06
831 9.18824e-08
832 3.95894e-06
833 -3.51615e-06
834 -1.27171e-05
835 6.3759e-06
836 -1.35059e-05
837 1.45529e-06
838 5.62606e-06
839 -1.82197e-08
840 1.47815e-05
841 -7.41034e-08
842 8.72651e-06
843 3.00017e-06
844 2.49092e-05
845 1.42305e-06
846 -3.03121e-06
847 3.65923e-06
848 6.82918e-07
849 7.81712e-06
850 1.89818e-08
851 -1.53721e-06
852 3.45072e-05
853 1.74931e-07
854 3.57058e-06
855 4.89318e-06
856 1.44645e-06
857 3.22287e-06
858 1.22683e-06
859 2.2112e-06
860 3.80536e-05
861 5.17556e-06
862 1.52952e-06
863 -2.39491e-06
864 3.44337e-06
865 1.16884e-05
866 4.14087e-06
867 7.89258e-09
868 9.21057e-06
869 3.11549e-09
870 9.65e-06
871 2.18191e-06
872 -1.78285e-07
873 1.9494e-06
874 1.79518e-06
875 1.36248e-05
876 -1.76691e-05
877 5.2826e-06
878 2.18575e-05
879 2.82272e-06
880 6.35093e-06
881 2.37574e-05
882 3.72642e-06
883 2.93862e-06
884 2.22918e-07
885 1.24838e-06
886 4.14082e-05
887 4.55545e-06
888 4.40143e-06
889 5.27492e-06
890 3.73428e-08
891 1.18895e-06
892 -2.60235e-07
893 3.3059e-06
894 2.74295e-06
895 7.56354e-07
896 -2.09517e-06
897 7.04737e-06
898 2.80314e-07
899 2.09877e-05
900 4.26576e-06
901 8.75151e-07
902 -5.81706e-06
903 -9.01642e-07
904 5.1458e-07
905 1.46407e-06
906 3.03234e-06
907 4.01889e-06
908 -1.90795e-06
909 4.93084e-06
910 2.16707e-05
911 5.50078e-05
912 1.19772e-05
913 4.26923e-07
914 2.44864e-07
915 9.932e-07
916 2.23549e-06
917 -1.62567e-07
918 1.24216e-05
919 -8.70794e-05
920 6.69912e-07
921 2.6091e-05
922 2.33897e-05
923 3.76318e-05
924 1.31963e-05
925 1.32388e-06
926 2.4875e-05
927 2.64821e-05
928 3.2826e-06
929 1.99407e-05
930 4.93517e-06
931 -3.23636e-06
932 -1.87442e-06
933 2.3418e-07
934 -6.35876e-07
935 4.55763e-06
936 -6.42309e-07
937 6.94966e-06
938 -6.59432e-08
939 -6.9638e-08
940 -2.78001e-07
941 -1.20278e-06
942 1.35596e-05
943 1.81576e-07
944 8.00309e-07
945 1.29195e-06
946 7.93855e-10
947 3.90958e-07
948 4.22103e-07
949 4.50195e-07
950 2.70938e-07
951 7.71064e-07
952 1.21991e-06
953 9.57632e-08
954 2.40186e-06
955 3.45675e-06
956 1.13353e-06
957 4.40032e-06
958 2.41666e-06
959 -7.94398e-06
960 -4.33027e-06
961 5.10104e-05
962 1.95224e-05
963 1.51839e-05
964 2.25936e-07
965 4.16633e-06
966 3.31229e-06
967 -9.05139e-07
968 6.67733e-07
969 6.11658e-07
970 1.0856e-05
971 6.89897e-07
972 -9.80705e-06
973 9.20527e-06
974 7.76391e-07
975 -6.40545e-07
976 8.06991e-07
977 -2.39592e-06
978 2.11227e-06
979 -5.44058e-06
980 1.13916e-06
981 4.18734e-06
982 5.47547e-06
983 -5.95814e-07
984 2.34286e-06
985 4.76004e-06
986 3.3172e-07
987 7.59346e-07
988 -1.68539e-08
989 4.79136e-06
990 2.06361e-05
991 9.32334e-08
992 4.13102e-06
993 1.94668e-06
994 2.42611e-06
995 7.60078e-06
996 -7.47232e-05
997 -0.000118022
998 2.51628e-06
999 3.97787e-06
1000 1.41037e-05
1001 7.9539e-06
1002 1.19624e-05
1003 -2.57185e-07
1004 9.29205e-07
1005 -1.52782e-05
1006 -1.52132e-05
1007 2.04599e-05
1008 9.67213e-06
1009 1.29947e-05
1010 1.10363e-07
1011 4.0931e-06
1012 2.8584e-06
1013 8.57099e-07
1014 1.57436e-06
1015 3.1405e-05
1016 4.37754e-05
1017 -1.33403e-06
1018 5.84227e-06
1019 2.59147e-06
1020 1.25318e-05
1021 7.92438e-07
1022 1.23707e-06
1023 -5.63286e-07
1024 2.28177e-06
1025 -8.9595e-09
1026 2.50255e-06
1027 -2.49659e-06
1028 1.05116e-05
1029 -2.39524e-06
1030 4.00844e-07
1031 1.77797e-05
1032 -2.93541e-07
1033 2.18557e-06
1034 1.71754e-06
1035 -2.51092e-06
1036 1.22895e-07
1037 7.53513e-07
1038 6.18139e-06
1039 3.73716e-07
1040 2.71563e-06
1041 5.63266e-05
1042 3.90875e-07
1043 4.13266e-07
1044 -4.14202e-06
1045 4.11742e-06
1046 2.95178e-07
1047 1.56816e-06
1048 -2.73843e-06
1049 -5.50539e-08
1050 8.54557e-07
1051 -1.37797e-07
1052 -3.84338e-06
1053 4.29564e-06
1054 2.39366e-05
1055 6.17045e-06
1056 1.23862e-07
1057 7.97571e-05
1058 8.00211e-06
1059 1.76852e-07
1060 2.75994e-06
1061 -1.63986e-06
1062 -1.26297e-05
1063 -2.48745e-07
1064 -1.43563e-06
1065 4.34335e-07
1066 -2.09218e-06
1067 -7.48896e-07
1068 3.22817e-06
1069 5.84199e-09
1070 -1.86236e-08
1071 -2.94404e-07
1072 -1.16508e-08
1073 -5.95512e-07
1074 -7.12475e-07
1075 2.75136e-06
1076 5.40003e-07
1077 -4.26663e-06
1078 -2.38733e-06
1079 -1.11761e-06
1080 -2.32125e-05
1081 -8.76635e-06
1082 1.59605e-06
1083 -1.4729e-06
1084 5.58763e-07
1085 1.05784e-06
1086 -4.43955e-07
1087 -1.32132e-09
1088 1.25878e-06
1089 -2.604e-08
1090 1.51047e-06
1091 1.01232e-06
1092 -1.44031e-06
1093 -1.39361e-06
1094 2.0975e-06
1095 -1.02915e-06
1096 -1.0812e-06
1097 -6.99961e-07
1098 5.10064e-08
1099 3.49323e-06
1100 5.13972e-07
1101 -1.78775e-06
1102 5.98934e-07
1103 2.44917e-06
1104 -3.25064e-08
1105 -1.11896e-07
1106 -2.54457e-06
1107 -1.00618e-06
1108 1.63144e-05
1109 -6.02016e-06
1110 -1.52452e-07
1111 1.09383e-08
1112 -1.32138e-08
1113 -1.15608e-06
1114 2.26931e-05
1115 4.2581e-06
1116 1.11049e-07
1117 7.11777e-07
1118 -1.30927e-06
1119 -2.9614e-07
1120 5.83714e-08
1121 2.8197e-07
1122 3.32197e-06
1123 1.36933e-05
1124 1.04489e-06
1125 6.17093e-07
1126 1.79003e-06
1127 1.01027e-06
1128 -1.51464e-06
1129 -1.6895e-06
1130 2.38359e-06
1131 -7.79139e-07
1132 4.78295e-09
1133 3.02501e-07
1134 -2.76744e-08
1135 1.4737e-06
1136 1.4049e-07
1137 1.4049e-07
1138 -2.66875e-07
1139 -1.78071e-06
1140 2.9498e-06
1141 -5.48365e-07
1142 2.55457e-06
1143 1.39594e-06
1144 8.35352e-07
1145 -7.7032e-09
1146 2.11029e-07
1147 2.54529e-06
1148 4.42939e-07
1149 1.09981e-05
1150 1.46415e-05
1151 1.66959e-06
1152 8.45404e-08
1153 1.37845e-06
1154 4.93437e-07
1155 9.0914e-07
1156 6.7854e-06
1157 -3.03157e-06
1158 -8.17977e-07
1159 7.08788e-08
1160 -5.33775e-09
1161 -1.75088e-06
1162 -6.83293e-07
1163 -1.45684e-07
1164 -2.44802e-06
1165 3.52017e-09
1166 -1.20268e-08
1167 4.28689e-06
1168 1.40297e-05
1169 1.90619e-06
1170 -7.42056e-07
1171 2.79249e-07
1172 1.88434e-06
1173 -1.47041e-06
1174 1.20874e-07
1175 5.07635e-07
1176 3.66247e-07
1177 1.91367e-07
1178 1.08712e-06
1179 -3.69561e-08
1180 6.7168e-07
1181 2.30175e-06
1182 5.46119e-06
1183 -8.53888e-07
1184 -1.27738e-06
1185 2.21167e-07
1186 3.10209e-07
1187 3.86067e-06
1188 -4.2875e-06
1189 -3.54536e-06
1190 1.35204e-07
1191 -7.41805e-07
1192 8.76992e-07
1193 -1.04782e-06
1194 -2.94741e-07
1195 6.19771e-07
1196 3.31886e-07
1197 8.19601e-07
1198 -1.78765e-06
1199 -8.87789e-07
1200 -1.3876e-06
1201 2.10334e-06
1202 2.21308e-05
1203 -6.22019e-05
1204 -2.24306e-06
1205 -9.91908e-06
1206 1.55406e-06
1207 1.02583e-06
1208 3.20026e-06
1209 -1.82379e-07
1210 -1.77301e-07
1211 1.68621e-08
1212 -1.34912e-06
1213 8.00927e-07
1214 1.90471e-08
1215 1.65995e-07
1216 4.50897e-08
1217 1.61388e-06
1218 -1.2579e-06
1219 1.43533e-05
1220 -2.61985e-06
1221 -2.20585e-06
1222 3.80042e-06
1223 -2.4708e-06
1224 7.97174e-07
1225 3.72133e-06
1226 -9.12592e-07
1227 -1.08812e-05
1228 2.23955e-06
1229 -3.42639e-06
1230 2.52554e-07
1231 3.30865e-06
1232 2.83738e-07
1233 5.30437e-07
1234 -2.6639e-07
1235 5.97042e-09
1236 -2.04587e-07
1237 8.41841e-07
1238 -8.47299e-08
1239 1.8093e-07
1240 -1.50792e-08
1241 2.19638e-07
1242 1.47812e-06
1243 -3.64541e-06
1244 4.40706e-07
1245 3.74047e-08
1246 4.26606e-07
1247 1.0838e-06
1248 -3.71957e-07
1249 -2.57147e-06
1250 -9.73926e-07
1251 3.37151e-06
1252 1.53793e-06
1253 1.34333e-08
1254 -4.54273e-07
1255 -1.187e-06
1256 2.30802e-06
1257 -1.24382e-06
1258 8.07512e-07
1259 4.16585e-07
1260 2.06215e-07
1261 6.14083e-07
1262 -4.9594e-08
1263 2.30602e-07
1264 5.31719e-06
1265 -2.92392e-06
1266 -1.69162e-08
1267 7.30485e-08
1268 1.3987e-06
1269 6.20422e-08
1270 4.45909e-08
1271 3.57606e-07
1272 -2.01071e-06
1273 2.52828e-07
1274 -8.84405e-07
1275 -1.62911e-06
1276 5.30175e-06
1277 3.46743e-06
1278 -4.48121e-07
1279 1.46115e-06
1280 -1.46989e-06
1281 -1.20409e-06
1282 -1.59442e-06
1283 -6.01891e-06
1284 -1.57388e-06
1285 8.16291e-06
1286 8.19896e-07
1287 4.84412e-07
1288 4.49957e-07
1289 -2.11983e-06
1290 5.58778e-07
1291 -3.45745e-06
1292 5.45594e-06
1293 -6.14466e-07
1294 -2.33386e-06
1295 1.806e-07
1296 1.02285e-06
1297 3.17037e-05
1298 7.94939e-06
1299 -1.84373e-08
1300 4.91639e-07
1301 3.81298e-06
1302 -5.89468e-06
1303 3.23294e-07
1304 -2.26905e-08
1305 -1.22948e-06
1306 5.12681e-07
1307 -1.26064e-06
1308 2.75341e-06
1309 -6.61766e-10
1310 2.53365e-08
1311 2.23437e-06
1312 -1.38217e-06
1313 2.5851e-07
1314 -2.37685e-06
1315 -2.1802e-06
1316 -5.73567e-07
1317 2.42922e-07
1318 -3.63727e-07
1319 2.77299e-08
1320 -2.89096e-07
1321 4.52625e-06
1322 -6.77018e-07
1323 1.30378e-06
1324 5.29629e-07
1325 1.03463e-07
1326 -5.04627e-07
1327 2.54576e-06
1328 2.05884e-07
1329 -7.90924e-07
1330 5.08168e-08
1331 1.72682e-06
1332 1.07302e-06
1333 -1.92323e-07
1334 1.85466e-06
1335 3.10973e-06
1336 1.24096e-05
1337 -8.41099e-07
1338 2.8167e-07
1339 -3.05252e-07
1340 -1.22084e-07
1341 -5.33812e-07
1342 2.61377e-07
1343 -2.14673e-07
1344 -1.71941e-06
1345 1.95336e-06
1346 7.36982e-08
1347 -2.45328e-06
1348 4.67817e-06
1349 6.3438e-06
1350 -1.03904e-07
1351 6.14638e-08
1352 1.05681e-05
1353 4.62755e-05
1354 6.00604e-07
1355 1.32665e-06
1356 2.60212e-06
1357 -8.95132e-07
1358 -4.50879e-08
1359 7.76904e-08
1360 -6.33571e-08
1361 -1.77124e-07
1362 1.22981e-07
1363 2.83643e-08
1364 -1.08275e-07
1365 -3.2197e-07
1366 2.09067e-06
1367 -3.31362e-08
1368 2.42626e-06
1369 -3.42836e-06
1370 -2.80485e-06
1371 3.51897e-07
1372 -3.74518e-07
1373 -3.11399e-06
1374 4.95189e-07
1375 -3.64774e-07
1376 -1.48166e-08
1377 1.17431e-08
1378 4.93396e-08
1379 -1.09436e-06
1380 -2.49823e-06
1381 4.43724e-14
1382 -5.89898e-06
1383 -1.28995e-06
1384 4.34826e-06
1385 0.000604677
1386 1.30332e-08
1387 -3.35816e-06
1388 1.60286e-07
1389 2.63144e-07
1390 -5.93743e-07
1391 1.07139e-06
1392 -6.94281e-07
1393 2.16169e-08
1394 -7.83901e-07
1395 2.05513e-07
1396 2.54733e-07
1397 -2.85661e-06
1398 4.30061e-06
1399 5.11307e-07
1400 5.3951e-07
1401 6.41955e-06
1402 5.5891e-07
1403 5.62659e-07
1404 -4.35539e-07
1405 -1.83869e-07
1406 -3.16411e-06
1407 2.94034e-06
1408 4.25753e-06
1409 2.10305e-06
1410 -1.21709e-07
1411 4.43134e-06
1412 1.24423e-07
1413 -3.30398e-06
1414 1.88663e-06
1415 -1.45443e-06
1416 -1.6731e-06
1417 2.41655e-07
1418 -2.38791e-06
1419 -4.75365e-07
1420 6.94442e-07
1421 -1.69854e-06
1422 3.42028e-07
1423 6.1474e-07
1424 2.49951e-06
1425 -2.45831e-06
1426 1.55777e-06
1427 2.34299e-06
1428 -2.60796e-06
1429 -3.0303e-07
1430 7.87451e-06
1431 -1.78572e-06
1432 2.15153e-06
1433 -5.55269e-07
1434 -1.70044e-06
1435 1.86353e-06
1436 4.16079e-07
1437 2.0442e-06
1438 -2.21473e-06
1439 4.12431e-06
1440 3.77332e-06
1441 -3.67979e-06
1442 6.32814e-07
1443 -2.09026e-08
1444 2.0107e-06
1445 1.26741e-06
1446 -2.85378e-06
1447 -1.98552e-05
1448 -7.53987e-07
1449 3.17902e-06
1450 -1.67224e-06
1451 2.28587e-07
1452 1.0541e-07
1453 3.9831e-06
1454 7.54889e-06
1455 -2.97594e-05
1456 7.44293e-07
1457 3.51354e-07
1458 2.48951e-05
1459 1.41483e-05
1460 7.20805e-08
1461 2.13621e-06
1462 -5.18802e-07
1463 -1.471e-06
1464 3.90723e-06
1465 -5.83965e-07
1466 6.31096e-07
1467 -1.07748e-07
1468 -2.92225e-06
1469 3.16467e-06
1470 1.07869e-05
1471 3.79496e-06
1472 -8.17268e-07
1473 2.50958e-06
1474 -1.09497e-06
1475 1.40302e-07
1476 5.02057e-05
1477 -5.02484e-07
1478 -8.11131e-08
1479 -1.48559e-05
1480 1.98487e-05
1481 -2.81001e-06
1482 3.36358e-06
1483 2.72861e-07
1484 -3.6627e-06
1485 6.86517e-06
1486 1.43155e-06
1487 -2.08859e-06
1488 8.42396e-07
1489 1.96958e-06
1490 -1.34531e-06
1491 4.28502e-06
1492 -4.54998e-07
1493 -1.34084e-07
1494 2.51728e-06
1495 8.00061e-07
1496 -1.05244e-07
1497 4.88759e-07
1498 6.04904e-07
1499 1.71499e-07
1500 1.57722e-06
1501 1.96141e-06
1502 -1.37284e-06
1503 -1.12061e-06
1504 2.35561e-06
1505 1.62284e-06
1506 -1.21709e-07
1507 8.84356e-08
1508 4.09407e-06
1509 8.63261e-07
1510 1.05533e-06
1511 7.18686e-07
1512 1.06281e-06
1513 1.60131e-07
1514 2.57399e-06
1515 -4.86285e-07
1516 1.9648e-06
1517 -3.21066e-07
1518 7.14334e-06
1519 1.35655e-05
1520 9.67702e-06
1521 1.8294e-06
1522 -2.2514e-06
1523 -8.67677e-07
1524 2.61993e-06
1525 4.4456e-07
1526 6.3732e-07
1527 3.62142e-07
1528 4.92626e-07
1529 5.98238e-08
1530 -8.57905e-07
1531 1.08973e-06
1532 1.45291e-06
1533 8.20876e-06
1534 3.54379e-06
1535 7.17284e-07
1536 -8.50126e-07
1537 -1.98187e-06
1538 -1.093e-07
1539 6.04586e-08
1540 5.90117e-07
1541 -4.88725e-07
1542 1.3058e-05
1543 -3.36985e-06
1544 -2.6015e-06
1545 -8.80174e-08
1546 8.57338e-09
1547 4.21089e-07
1548 6.96853e-06
1549 1.17643e-06
1550 -2.36664e-06
1551 -1.42818e-07
1552 2.96661e-07
1553 1.27621e-06
1554 2.88255e-06
1555 -4.48414e-07
1556 8.62368e-07
1557 -1.33093e-06
1558 2.11734e-06
1559 7.78677e-07
1560 2.99722e-06
1561 2.45547e-07
1562 -1.88931e-06
1563 2.7844e-07
1564 2.11423e-07
1565 -9.61989e-07
1566 -1.79583e-05
1567 4.27774e-06
1568 6.74398e-06
1569 3.52644e-06
1570 2.33729e-06
1571 2.51228e-06
1572 4.14803e-06
1573 1.18801e-07
1574 -4.70201e-06
1575 -2.30808e-07
1576 1.37056e-06
1577 5.63868e-08
1578 -1.3082e-06
1579 1.22688e-06
1580 9.09049e-07
1581 -2.47126e-08
1582 1.01664e-06
1583 -1.80115e-06
1584 2.19765e-08
1585 -8.20934e-08
1586 -1.92735e-07
1587 4.1117e-07
1588 -4.8528e-07
1589 4.84527e-06
1590 -5.5837e-07
1591 -7.2332e-07
1592 7.77933e-07
1593 4.56774e-07
1594 1.83664e-06
1595 3.61676e-06
1596 -2.10212e-06
1597 1.96375e-06
1598 2.1387e-06
1599 1.43567e-06
1600 -2.17284e-06
1601 1.20124e-06
1602 4.43232e-07
1603 1.45756e-07
1604 2.06686e-06
1605 2.89343e-06
1606 -2.76368e-06
1607 -2.12172e-08
1608 3.06101e-07
1609 5.9156e-07
1610 -6.59859e-07
1611 -4.33574e-06
1612 5.94487e-06
1613 -4.21186e-08
1614 5.55249e-08
1615 5.42879e-06
1616 7.61465e-08
1617 1.33293e-06
1618 1.33055e-07
1619 2.28471e-06
1620 -1.04582e-06
1621 -6.82985e-07
1622 9.64055e-07
1623 1.08104e-06
1624 -9.80467e-07
1625 4.79027e-07
1626 2.0665e-05
1627 2.77843e-06
1628 3.14654e-06
1629 1.95865e-06
1630 5.27756e-07
1631 9.57031e-07
1632 -1.03362e-06
1633 -9.02846e-07
1634 9.93212e-08
1635 2.50358e-06
1636 7.23788e-07
1637 1.17356e-07
1638 -6.66996e-07
1639 -1.18538e-07
1640 -6.76151e-07
1641 -3.71828e-07
1642 7.25366e-07
1643 3.10404e-06
1644 1.77426e-06
1645 5.74407e-06
1646 3.09645e-07
1647 -2.40727e-06
1648 -5.95764e-07
1649 -8.38161e-07
1650 -6.74945e-09
1651 5.77241e-07
1652 2.52008e-06
1653 -4.08486e-06
1654 1.00742e-05
1655 5.18669e-06
1656 -2.29369e-06
1657 2.89708e-07
1658 2.01952e-06
1659 1.94512e-06
1660 -2.32456e-07
1661 -4.13672e-08
1662 1.72097e-06
1663 1.70698e-07
1664 -3.57812e-07
1665 -5.25129e-07
1666 1.98453e-06
1667 2.59093e-06
1668 2.03755e-06
1669 -4.58641e-06
1670 4.58437e-05
1671 8.43774e-06
1672 4.66206e-07
1673 2.19866e-06
1674 2.48787e-07
1675 1.1647e-06
1676 -7.88585e-08
1677 -6.08109e-08
1678 -6.37662e-07
1679 2.41042e-05
1680 1.10215e-06
1681 -8.19134e-09
1682 4.11575e-08
1683 -2.20925e-06
1684 9.90189e-15
1685 2.69932e-06
1686 4.6189e-07
1687 2.02701e-06
1688 2.91343e-06
1689 -2.67253e-06
1690 2.88869e-07
1691 -4.12433e-06
1692 -7.96289e-07
1693 3.0987e-06
1694 2.11367e-06
1695 2.17197e-06
1696 2.37213e-08
1697 -5.16697e-07
1698 2.368e-07
1699 -9.94103e-08
1700 5.89032e-06
1701 1.5864e-06
1702 -4.48552e-07
1703 -1.38691e-06
1704 -1.63892e-07
1705 2.05013e-07
1706 -3.0468e-06
1707 5.59564e-07
1708 1.04852e-06
1709 7.12321e-08
1710 3.88456e-06
1711 1.50087e-06
1712 -3.1007e-06
1713 1.08805e-06
1714 1.13982e-06
1715 2.0073e-07
1716 -7.49058e-08
1717 -1.84033e-08
1718 -4.88555e-07
1719 2.03701e-06
1720 -3.83944e-08
1721 4.85101e-06
1722 1.73595e-05
1723 -1.76086e-06
1724 1.10154e-07
1725 4.45956e-08
1726 4.2718e-07
1727 3.54354e-06
1728 4.59465e-07
1729 1.10053e-06
1730 -8.55551e-08
1731 -6.14835e-07
1732 1.95185e-07
1733 2.73192e-05
1734 1.97814e-05
1735 5.16304e-06
1736 1.87814e-06
1737 -3.01674e-07
1738 2.85149e-06
1739 2.09168e-06
1740 -3.54544e-06
1741 1.318e-07
1742 1.40346e-06
1743 -9.96624e-07
1744 5.47665e-07
1745 -2.48177e-07
1746 -6.05555e-07
1747 2.8384e-06
1748 3.35832e-06
1749 2.90168e-07
1750 -2.06545e-06
1751 -1.27736e-07
1752 -4.20464e-06
1753 7.86267e-06
1754 1.55257e-06
1755 7.26802e-07
1756 -3.91928e-09
1757 3.70077e-06
1758 -6.43035e-06
1759 -1.1367e-07
1760 -5.68525e-07
1761 -8.93454e-07
1762 3.8137e-06
1763 8.40247e-06
1764 -1.19974e-05
1765 1.69752e-07
1766 -1.18629e-06
1767 -2.8766e-06
1768 3.01789e-06
1769 6.09237e-06
1770 -4.1389e-06
1771 -2.25623e-06
1772 3.52355e-06
1773 3.06746e-06
1774 -6.98032e-06
1775 -2.88932e-07
1776 -6.45808e-07
1777 -2.66631e-06
1778 1.84429e-06
1779 -1.34139e-08
1780 5.28687e-06
1781 -3.88732e-07
1782 -1.76391e-06
1783 2.19353e-07
1784 5.25064e-06
1785 1.48532e-07
1786 -6.99207e-07
1787 2.14714e-07
1788 -1.00343e-06
1789 2.65207e-06
1790 -4.40364e-06
1791 4.73029e-06
1792 -1.24651e-06
1793 9.6312e-06
1794 2.59337e-06
1795 2.92067e-05
1796 -8.21896e-08
1797 -9.30268e-07
1798 2.38235e-06
1799 -1.63826e-06
1800 3.5108e-06
1801 -1.13374e-06
1802 4.42308e-15
1803 4.28805e-06
1804 -1.09796e-06
1805 1.86703e-07
1806 -4.26953e-07
1807 5.02666e-06
1808 2.61247e-07
1809 1.23578e-08
1810 1.37882e-07
1811 9.68522e-07
1812 1.74844e-06
1813 4.2044e-08
1814 -1.27396e-07
1815 -2.65037e-06
1816 5.97148e-06
1817 1.20684e-07
1818 1.42118e-07
1819 -6.18698e-08
1820 3.86103e-07
1821 -1.89756e-06
1822 -6.12816e-07
1823 9.17022e-07
1824 -8.67989e-07
1825 1.51382e-06
1826 2.18383e-06
1827 -1.86934e-06
1828 2.07306e-07
1829 -1.52135e-06
1830 -4.90063e-07
1831 2.98286e-06
1832 3.04422e-06
1833 4.51334e-06
1834 3.37205e-06
1835 2.74319e-06
1836 -2.62393e-06
1837 -1.95884e-06
1838 8.27505e-06
1839 7.81824e-07
1840 -1.90866e-07
1841 2.38771e-06
1842 -1.03278e-06
1843 2.4597e-06
1844 1.33432e-06
1845 1.55266e-07
1846 1.1724e-05
1847 -2.82678e-06
1848 3.78536e-08
1849 -2.75509e-08
1850 2.40243e-07
1851 2.3153e-06
1852 4.51859e-06
1853 2.37737e-06
1854 3.53146e-07
1855 -3.13417e-07
1856 -4.06427e-09
1857 2.88461e-08
1858 8.8055e-07
1859 -5.4037e-07
1860 -4.9269e-09
1861 2.53389e-07
1862 -7.3536e-08
1863 -3.70701e-06
1864 4.33447e-06
1865 -1.34882e-06
1866 2.20276e-06
1867 1.31139e-07
1868 7.91801e-08
1869 2.84222e-07
1870 2.62843e-08
1871 -3.46482e-06
1872 4.94876e-06
1873 8.63175e-07
1874 -4.66665e-06
1875 2.241e-06
1876 1.63775e-05
1877 3.97649e-06
1878 3.22711e-06
1879 -2.12877e-06
1880 -1.33809e-08
1881 6.57066e-06
1882 -5.2178e-07
1883 1.11594e-08
1884 -3.0728e-06
1885 -1.9021e-06
1886 2.40902e-06
1887 4.5854e-06
1888 3.23591e-08
1889 3.82109e-08
1890 1.13594e-06
1891 6.17826e-08
1892 7.89121e-06
1893 5.98241e-06
1894 1.00243e-06
1895 -2.64729e-07
1896 2.51529e-06
1897 9.4857e-07
1898 2.66868e-06
1899 1.97265e-06
1900 1.96987e-06
1901 4.08421e-06
1902 3.07109e-06
1903 6.44907e-06
1904 -2.87723e-06
1905 3.60163e-06
1906 6.06814e-06
1907 1.31849e-06
1908 5.82256e-06
1909 -5.21645e-06
1910 -8.87239e-06
1911 1.2786e-06
1912 -7.40713e-07
1913 6.46157e-07
1914 5.77183e-07
1915 -1.73477e-06
1916 1.17842e-06
1917 5.93461e-07
1918 -1.04519e-06
1919 2.94734e-06
1920 7.12515e-06
1921 2.21252e-06
1922 -3.39763e-06
1923 2.27945e-06
1924 -1.68013e-06
1925 5.54405e-07
1926 -1.03285e-07
1927 1.84223e-06
1928 -1.58058e-06
1929 2.72773e-06
1930 1.01895e-06
1931 2.90946e-07
1932 -6.3134e-07
1933 1.37207e-06
1934 8.72847e-08
1935 3.00645e-06
1936 -1.62812e-06
1937 -8.69778e-07
1938 8.81184e-08
1939 1.53123e-07
1940 -4.60486e-07
1941 5.00265e-07
1942 4.31474e-06
1943 -2.1867e-06
1944 5.77405e-07
1945 4.12364e-06
1946 8.24178e-06
1947 8.84735e-07
1948 3.34015e-05
1949 -1.19016e-06
1950 6.20723e-07
1951 -7.06492e-08
1952 2.97682e-07
1953 -2.46584e-08
1954 -1.20709e-06
1955 1.82691e-06
1956 1.64393e-06
1957 1.04045e-06
1958 -8.67658e-07
1959 5.52135e-06
1960 5.2169e-07
1961 4.01893e-07
1962 0
1963 5.04614e-07
1964 1.86199e-06
1965 4.15624e-06
1966 -8.69056e-07
1967 -1.0073e-07
1968 2.6781e-06
1969 -6.37191e-06
1970 1.05728e-05
1971 -1.17073e-06
1972 -2.57224e-07
1973 8.2544e-06
1974 -6.13799e-07
1975 -1.998e-07
1976 -1.31348e-06
1977 8.0709e-07
1978 -2.04528e-06
1979 1.73644e-06
1980 3.20501e-05
1981 -1.81521e-07
1982 -2.12802e-06
1983 1.10995e-06
1984 3.16608e-06
1985 -3.54595e-06
1986 6.48809e-06
1987 6.37449e-06
1988 1.11113e-07
1989 2.402e-06
1990 -1.3735e-07
1991 5.33957e-06
1992 -3.37087e-06
1993 4.02169e-07
1994 1.08783e-07
1995 1.26678e-06
1996 -5.22296e-06
1997 -4.00622e-07
1998 9.52151e-07
1999 -2.45619e-06
2000 -3.97755e-06
2001 8.89001e-06
2002 6.64718e-07
2003 -3.86295e-07
2004 8.3109e-08
2005 -1.72711e-07
2006 -7.01379e-07
2007 -2.17206e-05
2008 3.74452e-05
2009 -3.98501e-06
2010 5.13394e-06
2011 -1.69659e-06
2012 -3.67693e-06
2013 -3.66866e-06
2014 -5.94946e-08
2015 2.48162e-07
2016 8.25291e-06
2017 -9.55116e-07
2018 -2.8801e-07
2019 -4.23999e-06
2020 1.49218e-05
2021 -4.30688e-08
2022 -7.2487e-06
2023 2.21138e-06
2024 1.72978e-05
2025 3.72699e-07
2026 -2.88958e-06
2027 -2.86622e-06
2028 6.96715e-06
2029 -4.89679e-06
2030 3.49786e-06
2031 -3.31919e-06
2032 4.26227e-08
2033 2.01334e-06
2034 2.08364e-07
2035 7.9708e-06
2036 -3.74005e-06
2037 2.91159e-06
2038 7.84046e-07
2039 -1.33732e-06
2040 1.755e-06
2041 4.0611e-06
2042 2.57361e-06
2043 1.09385e-06
2044 3.8591e-07
2045 1.23329e-07
2046 -1.06458e-06
2047 2.79385e-07
2048 -6.48109e-07
2049 1.70534e-06
2050 3.55336e-06
2051 -4.63349e-06
2052 9.03153e-15
2053 6.0291e-06
2054 1.68441e-07
2055 -1.46113e-07
2056 -4.85092e-06
2057 4.68645e-06
2058 -2.99216e-06
2059 5.36991e-06
2060 -2.09299e-06
2061 6.84146e-06
2062 -5.14039e-06
2063 2.44363e-07
2064 2.27031e-06
2065 -2.89414e-07
2066 -8.2168e-07
2067 7.10395e-07
2068 1.63145e-06
2069 -1.75268e-09
2070 2.03335e-06
2071 7.90405e-06
2072 7.21522e-06
2073 1.52656e-05
2074 2.03913e-06
2075 -1.29523e-05
2076 2.77757e-06
2077 -1.25344e-05
2078 -1.7967e-06
2079 3.07076e-06
2080 1.86305e-06
2081 9.79138e-07
2082 -5.01763e-06
2083 4.50944e-06
2084 2.4454e-07
2085 3.64738e-06
2086 1.14178e-05
2087 -7.99778e-07
2088 1.34642e-05
2089 -7.25302e-05
2090 -6.60402e-05
2091 -2.16896e-05
2092 1.07039e-05
2093 4.3304e-06
2094 8.85971e-06
2095 5.48208e-06
2096 2.42734e-08
2097 -3.06996e-06
2098 5.27573e-05
2099 7.28315e-06
2100 3.01286e-06
2101 7.09376e-06
2102 2.06286e-05
2103 2.89728e-06
2104 -1.15841e-06
2105 8.7006e-08
2106 -3.30003e-06
2107 3.99031e-05
2108 2.2947e-05
2109 -1.03171e-06
2110 0
2111 -1.73891e-05
2112 2.97844e-05
2113 -2.80769e-07
2114 3.80016e-06
2115 4.79982e-06
2116 1.60544e-05
2117 0.00010924
2118 2.43084e-05
2119 2.82221e-05
2120 7.05778e-07
2121 6.55952e-06
2122 -1.63105e-07
2123 2.6827e-06
2124 2.46968e-06
2125 1.97035e-06
2126 0
2127 1.05077e-05
2128 -2.50754e-06
2129 4.2684e-06
2130 -4.97082e-08
2131 1.90498e-05
2132 0
2133 3.0963e-08
2134 3.09019e-07
2135 1.64272e-06
2136 2.3491e-06
2137 -4.43916e-06
2138 1.364e-06
2139 4.26986e-06
2140 6.14015e-07
2141 2.26318e-06
2142 7.47613e-06
2143 1.84686e-06
2144 6.67618e-07
2145 -2.23801e-06
2146 -6.0911e-07
2147 3.20528e-06
2148 -8.90818e-07
2149 1.61532e-06
2150 -2.54909e-06
2151 -2.1363e-06
2152 -8.34702e-08
2153 -6.89882e-07
2154 6.07184e-06
2155 3.20676e-07
2156 1.41814e-08
2157 7.45805e-06
2158 1.15809e-05
2159 3.11034e-05
2160 3.56486e-05
2161 7.08652e-06
2162 8.04157e-05
2163 5.23998e-06
2164 -3.47801e-07
2165 -3.53921e-06
2166 6.88945e-07
2167 -3.6562e-07
2168 4.883e-05
2169 1.80395e-06
2170 1.32636e-05
2171 2.07702e-07
2172 -7.80543e-09
2173 7.55513e-07
2174 7.45015e-05
2175 9.27828e-08
2176 1.63079e-06
2177 8.7687e-06
2178 5.02491e-07
2179 -1.1232e-07
2180 5.54519e-07
2181 1.1735e-06
2182 1.33831e-06
2183 7.56785e-08
2184 1.12268e-09
2185 8.07857e-07
2186 3.97985e-06
2187 1.95213e-05
2188 2.26919e-06
2189 1.71845e-05
2190 8.88859e-06
2191 -1.40603e-05
2192 -6.74569e-06
2193 6.55321e-07
2194 3.19769e-05
2195 4.67285e-05
2196 2.48402e-06
2197 1.22222e-05
2198 0.00015495
2199 5.11174e-06
2200 2.12037e-08
2201 5.73192e-06
2202 -1.94606e-05
2203 3.82101e-05
2204 7.58714e-07
2205 1.80886e-05
2206 5.55087e-08
2207 2.72082e-07
2208 2.49872e-06
2209 1.88813e-05
2210 2.48196e-06
2211 0.000189534
2212 -6.73903e-06
2213 -1.30356e-06
2214 8.20833e-05
2215 2.50315e-05
2216 5.37584e-06
2217 2.55386e-05
2218 6.54806e-05
2219 7.21873e-06
2220 2.23295e-05
2221 2.8779e-07
2222 5.43659e-05
2223 9.13105e-06
2224 9.05998e-06
2225 2.54173e-05
2226 -1.23998e-06
2227 6.5752e-06
2228 -4.14283e-05
2229 1.54116e-05
2230 1.39442e-05
2231 4.65918e-07
2232 2.78924e-06
2233 4.73391e-05
2234 4.95327e-05
2235 5.04329e-06
2236 -2.90422e-06
2237 9.8717e-07
2238 2.18615e-06
2239 3.50614e-07
2240 2.00598e-06
2241 -4.17299e-06
2242 3.01611e-06
2243 5.08994e-06
2244 4.91739e-07
2245 1.21037e-07
2246 6.20608e-07
2247 1.26644e-07
2248 -3.73328e-05
2249 3.44583e-06
2250 -2.06941e-06
2251 -0.000159206
2252 1.0948e-05
2253 1.06713e-06
2254 6.76532e-07
2255 4.81181e-06
2256 1.05997e-05
2257 -3.2748e-06
2258 4.51136e-09
2259 -7.3771e-05
2260 -8.65061e-05
2261 4.85102e-06
2262 5.65556e-06
2263 1.14497e-07
2264 3.64486e-07
2265 6.43243e-05
2266 5.02949e-06
2267 1.35496e-05
2268 1.03332e-06
2269 1.33398e-06
2270 2.90483e-06
2271 4.2183e-07
2272 -2.77362e-06
2273 4.76588e-06
2274 1.15089e-05
2275 6.44593e-07
2276 2.93617e-06
2277 2.22313e-07
2278 2.16566e-06
2279 -3.10232e-07
2280 1.22193e-05
2281 -5.93001e-06
2282 4.14119e-05
2283 2.42912e-07
2284 8.79346e-08
2285 1.18975e-07
2286 -1.17784e-07
2287 1.23643e-07
2288 1.35347e-06
2289 6.61431e-06
2290 9.57813e-06
2291 7.47171e-07
2292 1.58349e-06
2293 7.12483e-08
2294 4.30922e-07
2295 8.53415e-06
2296 7.82416e-07
2297 1.53003e-05
2298 2.98882e-05
2299 1.48819e-06
2300 1.34802e-06
2301 -4.69523e-07
2302 1.43725e-07
2303 2.73926e-05
2304 1.81654e-07
2305 6.87037e-06
2306 8.56749e-08
2307 2.76428e-08
2308 7.30422e-05
2309 1.98592e-05
2310 1.95438e-07
2311 4.50024e-05
2312 0.000105
2313 6.62005e-06
2314 2.18267e-06
2315 3.14521e-07
2316 -3.8626e-11
2317 1.51015e-06
2318 9.35438e-07
2319 -9.05029e-07
2320 9.5358e-06
2321 4.07235e-06
2322 -2.96745e-08
2323 3.13669e-06
2324 -4.39295e-07
2325 -3.34492e-06
2326 6.00864e-05
2327 -6.9969e-06
2328 -6.17155e-05
2329 -7.00673e-05
2330 -3.49592e-06
2331 0.000118306
2332 -7.74223e-06
2333 6.0313e-06
2334 -6.01449e-06
2335 8.02896e-05
2336 -1.04114e-05
2337 -1.64342e-05
2338 1.42709e-07
2339 -2.136e-06
2340 2.61687e-05
2341 0
2342 3.68874e-08
2343 1.72399e-06
2344 5.90578e-06
2345 1.25883e-05
2346 -0.000276533
2347 4.16735e-06
2348 4.70423e-06
2349 -0.000187365
2350 1.77244e-05
2351 3.34855e-05
2352 -4.1695e-06
2353 4.69004e-05
2354 -4.91358e-06
2355 2.25914e-05
2356 -3.11691e-06
2357 0.000103137
2358 1.44619e-06
2359 1.77157e-05
2360 4.26919e-08
2361 -5.32535e-08
2362 1.34757e-08
2363 2.23271e-07
2364 6.67384e-05
2365 2.46261e-06
2366 1.67963e-06
2367 1.92232e-06
2368 6.41743e-06
2369 1.64697e-05
2370 -1.5544e-06
2371 1.03306e-05
2372 7.17476e-06
2373 1.24946e-05
2374 5.18578e-06
2375 7.28857e-08
2376 -2.07101e-05
2377 2.42755e-05
2378 1.5414e-06
2379 -5.15629e-06
2380 3.0733e-05
2381 3.56094e-07
2382 -1.55022e-06
2383 1.5617e-05
2384 -1.67427e-07
2385 1.0928e-05
2386 7.04956e-05
2387 1.03952e-06
2388 1.48968e-08
2389 2.40331e-07
2390 6.03916e-06
2391 6.45421e-07
2392 2.31508e-05
2393 1.56159e-06
2394 9.62964e-07
2395 -9.75924e-07
2396 5.93783e-06
2397 -1.3321e-07
2398 8.14994e-06
2399 -1.22276e-07
2400 9.20321e-06
2401 4.53563e-08
2402 6.86319e-06
2403 -3.14822e-07
2404 3.04689e-07
2405 1.28053e-06
2406 -1.47296e-05
2407 3.02466e-06
2408 3.16073e-05
2409 7.12354e-07
2410 5.62783e-06
2411 5.13683e-05
2412 -6.74541e-08
2413 4.26575e-09
2414 -7.43906e-08
2415 -7.20683e-07
2416 -1.47298e-07
2417 -3.05023e-06
2418 -7.42888e-08
2419 -4.77289e-06
2420 9.47481e-07
2421 1.44205e-06
2422 8.81845e-07
2423 2.79824e-06
2424 1.91306e-05
2425 -3.57351e-06
2426 7.5591e-06
2427 1.19036e-05
2428 1.05163e-06
2429 2.46845e-05
2430 -1.48923e-07
2431 -6.75118e-07
2432 0
2433 2.54341e-06
2434 -1.31258e-07
2435 2.93372e-06
2436 2.73079e-06
2437 8.03166e-06
2438 1.71489e-05
2439 5.34912e-06
2440 6.96452e-06
2441 -1.43723e-08
2442 -1.29794e-07
2443 5.9906e-07
2444 -4.45242e-07
2445 -2.68163e-06
2446 -9.83023e-07
2447 -2.46342e-07
2448 3.77763e-06
2449 1.87416e-05
2450 8.35657e-06
2451 6.85118e-06
2452 4.69747e-08
2453 8.22616e-07
2454 1.58753e-07
2455 5.90394e-08
2456 1.28015e-06
2457 -1.99615e-06
2458 -1.36602e-07
2459 1.5479e-05
2460 -5.23421e-07
2461 7.37786e-06
2462 8.72111e-06
2463 1.22862e-09
2464 -8.32336e-07
2465 -9.60767e-06
2466 -8.21473e-07
2467 2.1292e-05
2468 -2.88725e-06
2469 1.10981e-05
2470 -1.9008e-06
2471 8.52828e-06
2472 4.56601e-05
2473 7.84304e-06
2474 -2.73617e-07
2475 -7.59269e-07
2476 3.26972e-05
2477 4.58421e-06
2478 0.000223495
2479 -1.14781e-05
2480 -4.37525e-08
2481 -6.49853e-07
2482 5.93015e-06
2483 3.25972e-05
2484 3.84533e-08
2485 -1.37581e-06
2486 -5.11364e-06
2487 -2.88341e-06
2488 0.000100603
2489 -3.74959e-06
2490 7.61169e-06
2491 1.7512e-05
2492 2.39506e-06
2493 8.32712e-06
2494 3.37117e-07
2495 4.78217e-05
2496 7.83228e-07
2497 4.94066e-05
2498 3.78962e-05
2499 1.8555e-07
2500 1.15137e-05
2501 6.34887e-06
2502 -1.49584e-06
2503 4.33833e-05
2504 9.58076e-05
2505 3.08543e-06
2506 0
2507 8.45607e-08
2508 2.65114e-07
2509 -3.33253e-05
2510 -0.00017878
2511 3.77416e-06
2512 3.57682e-06
2513 1.54575e-05
2514 9.66775e-06
2515 -3.15559e-06
2516 3.04991e-06
2517 4.76274e-05
2518 4.50822e-07
2519 1.95736e-05
2520 1.27901e-07
2521 5.4007e-06
2522 6.07331e-06
2523 4.4877e-06
2524 2.50168e-05
2525 8.00912e-06
2526 7.53123e-05
2527 5.60037e-07
2528 5.88159e-05
2529 1.94822e-06
2530 1.31457e-05
2531 0.000110138
2532 1.64725e-07
2533 -2.09475e-07
2534 9.09042e-05
2535 -4.21255e-08
2536 -2.58811e-08
2537 -1.32565e-07
2538 -8.34863e-07
2539 -9.00399e-08
2540 5.57649e-06
2541 -9.59665e-06
2542 2.13224e-06
2543 1.18363e-06
2544 1.27942e-06
2545 -8.87925e-07
2546 -6.45774e-07
2547 1.81507e-07
2548 3.34016e-05
2549 3.10122e-05
2550 1.20179e-05
2551 -2.46582e-05
2552 1.65327e-06
2553 4.53531e-06
2554 1.41902e-06
2555 -1.2419e-06
2556 -1.39126e-05
2557 1.37219e-05
2558 5.77031e-07
2559 1.26076e-06
2560 -3.14839e-07
2561 -5.77365e-08
2562 -1.98611e-10
2563 -5.51661e-07
2564 -1.59981e-05
2565 5.44373e-05
2566 0.000693672
2567 6.53764e-05
2568 4.53088e-05
2569 -1.63457e-05
2570 2.59729e-05
2571 -8.4603e-06
2572 0.000154975
2573 0.000130071
2574 5.58646e-06
2575 4.69613e-07
2576 2.63784e-06
2577 1.00833e-06
2578 -3.40038e-06
2579 5.99791e-06
2580 -1.33054e-05
2581 3.36815e-06
2582 4.15523e-06
2583 -3.35523e-07
2584 5.23037e-07
2585 2.31144e-07
2586 -6.70673e-07
2587 7.68063e-06
2588 9.66759e-07
2589 8.79226e-06
2590 4.29324e-06
2591 3.18726e-05
2592 1.82583e-06
2593 0.000126259
2594 3.99896e-08
2595 5.49425e-05
2596 1.7595e-05
2597 7.38562e-07
2598 1.06147e-07
2599 7.97706e-05
2600 1.26622e-05
2601 3.9638e-06
2602 1.93289e-07
2603 2.01198e-05
2604 4.92763e-05
2605 -2.28592e-07
2606 2.84182e-05
2607 3.66511e-05
2608 2.21606e-05
2609 7.51586e-07
2610 7.16249e-06
2611 3.41615e-06
2612 -6.04094e-06
2613 3.07347e-05
2614 4.82141e-07
2615 3.08386e-07
2616 6.88395e-05
2617 3.12208e-05
2618 4.21769e-07
2619 1.3479e-08
2620 -3.73851e-09
2621 2.37964e-07
2622 1.63759e-06
2623 8.98367e-05
2624 -1.2612e-05
2625 5.70426e-07
2626 0.000126011
2627 0.000112485
2628 3.03545e-08
2629 -2.88357e-07
2630 5.60708e-07
2631 -1.6303e-07
2632 3.7355e-06
2633 1.50476e-06
2634 9.32319e-08
2635 -4.52741e-06
2636 6.46545e-07
2637 -2.57057e-06
2638 9.47354e-06
2639 -7.69056e-06
2640 -2.45639e-06
2641 4.71356e-06
2642 1.10901e-06
2643 3.41719e-07
2644 1.40453e-05
2645 1.68995e-07
2646 6.28695e-07
2647 6.24745e-07
2648 -9.1665e-06
2649 2.11432e-07
2650 5.20214e-07
2651 -9.68755e-08
2652 2.92174e-05
2653 -5.90065e-06
2654 7.03539e-06
2655 4.99804e-05
2656 2.72556e-05
2657 -7.60631e-08
2658 1.02982e-06
2659 1.17022e-06
2660 -1.08873e-08
2661 3.1605e-07
2662 1.71895e-05
2663 9.48363e-07
2664 -1.08951e-06
2665 -6.555e-07
2666 -4.5994e-06
2667 3.19258e-06
2668 2.39902e-05
2669 -1.84859e-05
2670 2.29374e-05
2671 1.76359e-07
2672 7.82008e-05
2673 -9.63817e-06
2674 5.80568e-08
2675 -1.63748e-06
2676 2.86508e-07
2677 1.75539e-06
2678 1.46481e-06
2679 2.6323e-07
2680 2.13319e-07
2681 6.91235e-06
2682 -6.88784e-06
2683 6.61112e-06
2684 -1.37322e-05
2685 3.23752e-06
2686 6.47027e-06
2687 1.06226e-06
2688 1.94412e-07
2689 0.000135104
2690 1.4745e-06
2691 4.78188e-05
2692 1.63093e-05
2693 5.12955e-06
2694 -1.34274e-05
2695 -4.52539e-06
2696 2.42966e-05
2697 4.17093e-05
2698 -9.91768e-07
2699 -2.66083e-07
2700 -1.75665e-06
2701 1.52534e-07
2702 4.07404e-08
2703 -7.39073e-07
2704 1.76169e-05
2705 1.13327e-07
2706 6.11171e-08
2707 -1.98414e-06
2708 3.88138e-05
2709 -9.55118e-08
2710 -3.59409e-08
2711 6.89859e-06
2712 1.4522e-06
2713 -1.51586e-05
2714 4.77394e-07
2715 7.02268e-05
2716 6.26922e-08
2717 -2.13744e-06
2718 -2.86685e-06
2719 2.034e-06
2720 1.08479e-05
2721 3.89123e-05
2722 4.05214e-07
2723 3.61508e-07
2724 3.38777e-07
2725 4.54841e-06
2726 2.14135e-06
2727 2.27019e-06
2728 1.10571e-06
2729 -6.60291e-06
2730 2.31956e-06
2731 3.41859e-05
2732 -5.68776e-06
2733 -3.00029e-05
2734 -7.95813e-06
2735 0.000315993
2736 9.32509e-05
2737 0.000135853
2738 0.000882503
2739 4.35209e-06
2740 4.26885e-06
2741 0.000153191
2742 0.000154579
2743 1.34523e-07
2744 9.95499e-06
2745 1.70122e-05
2746 1.82484e-05
2747 0.000870468
2748 0.000782475
2749 0.00100854
2750 2.85482e-05
2751 0.000648412
2752 0.000800424
2753 0.00109286
2754 0.000584682
2755 0.000174094
2756 0.000260296
2757 0.000600581
2758 0.00401653
2759 0.000242365
2760 -0
2761 0.000536636
2762 0.00200134
2763 0.000210381
2764 -9.64834e-07
2765 0.000235283
2766 1.40623e-05
2767 0.0156588
2768 0.000269608
2769 0.00404756
2770 2.86357e-05
2771 0.000598744
2772 0.00101446
2773 3.17899e-05
2774 1.3133e-05
2775 1.76873e-05
2776 9.28091e-06
2777 1.70728e-05
2778 0.000714843
2779 4.72737e-05
2780 0.000159114
2781 3.82582e-05
2782 0.00012795
2783 0.000470381
2784 0.000143067
2785 2.95845e-05
2786 2.29908e-05
2787 2.19234e-05
2788 3.02206e-05
2789 3.84415e-05
2790 1.53957e-06
2791 0.00022369
2792 0.000141993
2793 3.99283e-05
2794 0.000137734
2795 0.000169007
2796 1.43256e-06
2797 2.36346e-05
2798 0.000233812
2799 3.26251e-05
2800 6.41823e-07
2801 6.77411e-07
2802 8.80821e-05
2803 3.48601e-05
2804 1.80763e-06
2805 2.03578e-05
2806 0.00124627
2807 0.000223394
2808 -1.49359e-06
2809 2.92922e-06
2810 0.00069845
2811 4.7457e-06
2812 -6.68951e-08
2813 6.48709e-06
2814 6.42071e-06
2815 0.000192549
2816 3.02227e-05
2817 0.000774492
2818 0.000898124
2819 0.00111887
2820 0.00229978
2821 1.64904e-05
2822 2.18604e-05
2823 9.83213e-05
2824 0.000187608
2825 4.45816e-05
2826 4.04564e-05
2827 5.70675e-05
2828 2.90693e-05
2829 8.31132e-05
2830 0.000218467
2831 4.45499e-05
2832 0.000403618
2833 8.67964e-05
2834 1.08057e-05
2835 5.48958e-05
2836 4.17297e-08
2837 2.0882e-05
2838 6.75207e-06
2839 0.000197926
2840 1.24506e-05
2841 9.92596e-06
2842 9.3333e-05
2843 0.000588929
2844 0.000173008
2845 0.00266432
2846 4.05569e-06
2847 0.000301582
2848 2.88734e-05
2849 3.33932e-05
2850 0.000300811
2851 0.000219953
2852 0.000183992
2853 0.00100249
2854 8.34855e-05
2855 0.000141837
2856 0.000715473
2857 0.000632406
2858 0.000439147
2859 1.05158e-05
2860 -0
2861 3.20222e-05
2862 7.18688e-05
2863 1.99563e-07
2864 0.000887018
2865 3.04234e-05
2866 0.000487713
2867 0.00013201
2868 0.000856752
2869 0
2870 0.000458967
2871 1.87031e-05
2872 -0
2873 0.000144363
2874 0.00213318
2875 0.000608084
2876 -1.0548e-06
2877 0.00195613
2878 3.91755e-05
2879 0.00260217
2880 0.0016347
2881 0.00429625
2882 -0
2883 0.00192619
2884 0.00216857
2885 0.000379409
2886 0.000163795
2887 0.000303538
2888 0.0006649
2889 -1.46749e-06
2890 0.000284496
2891 7.04575e-05
2892 0.000595746
2893 0.000349237
2894 0.0017748
2895 0.00112092
2896 0.000165058
2897 0.000327147
2898 8.82024e-05
2899 0.000336973
2900 0.000268709
2901 0.00892436
2902 0.00103167
2903 0.000870245
2904 9.25801e-06
2905 4.02018e-05
2906 0.000176085
2907 0.00117601
2908 4.56691e-05
2909 3.67439e-06
2910 3.73131e-05
2911 0.000102088
2912 0.000720315
2913 0.000122431
2914 0.000287853
2915 0.000178404
2916 8.38185e-08
2917 0.000101215
2918 1.42943e-05
2919 2.70008e-06
2920 5.65548e-05
2921 -9.36361e-07
2922 1.48904e-05
2923 5.59706e-06
2924 6.39508e-05
2925 3.05236e-05
2926 -1.81901e-06
2927 8.86885e-05
2928 4.05964e-06
2929 5.81996e-06
2930 2.13838e-06
2931 1.59365e-06
2932 1.34202e-06
2933 -7.79548e-07
2934 0.000141978
2935 4.93439e-06
2936 9.81047e-08
2937 4.7051e-05
2938 8.83579e-07
2939 8.68794e-05
2940 8.14718e-06
2941 5.30865e-05
2942 -4.71496e-07
2943 3.39521e-08
2944 0.000317872
2945 0.000179651
2946 0.000498294
2947 0.00010238
2948 6.94406e-06
2949 4.89349e-07
2950 0.00011794
2951 5.5669e-07
2952 0.0001299
2953 4.11553e-05
2954 1.70227e-05
2955 9.41992e-07
2956 4.98557e-06
2957 -1.30493e-08
2958 -1.5459e-05
2959 2.72805e-08
2960 -6.96627e-07
2961 4.01874e-05
2962 1.75411e-05
2963 3.3775e-05
2964 5.16288e-07
2965 2.37663e-07
2966 5.10703e-07
2967 1.65469e-06
2968 7.59025e-05
2969 5.12851e-06
2970 2.53459e-06
2971 -1.71246e-07
2972 5.92876e-06
2973 7.23559e-05
2974 5.39203e-05
2975 1.75309e-05
2976 1.85172e-05
2977 7.42836e-06
2978 4.66374e-07
2979 -1.74697e-06
2980 2.6384e-05
2981 4.56303e-05
2982 3.93101e-06
2983 1.32893e-06
2984 0.000146598
2985 6.80866e-05
2986 1.29082e-05
2987 1.59251e-05
2988 3.18458e-06
2989 3.58899e-08
2990 2.62727e-06
2991 2.19e-05
2992 7.94442e-05
2993 4.49188e-07
2994 4.13316e-09
2995 -8.66331e-09
2996 1.72023e-09
2997 -2.51355e-08
2998 3.78276e-06
2999 1.92185e-06
3000 8.89096e-07
3001 6.51951e-07
3002 5.08021e-05
3003 3.24136e-07
3004 2.7433e-05
3005 5.89996e-06
3006 6.21301e-06
3007 7.22351e-06
3008 3.63653e-06
3009 1.17227e-05
3010 2.19865e-07
3011 -8.34855e-08
3012 3.74339e-06
3013 7.5918e-05
3014 1.73892e-06
3015 1.42105e-05
3016 2.30674e-06
3017 1.36602e-06
3018 9.18506e-08
3019 9.08493e-06
3020 1.56028e-09
3021 -2.00853e-07
3022 4.29837e-05
3023 1.03408e-05
3024 1.32029e-05
3025 -1.59915e-06
3026 5.40024e-07
3027 1.60218e-06
3028 3.75422e-05
3029 0.000306143
3030 1.17222e-05
3031 1.1236e-05
3032 7.70331e-08
3033 -1.8921e-06
3034 3.28101e-05
3035 -3.59176e-07
3036 7.24563e-06
3037 3.0112e-06
3038 4.80596e-05
3039 2.71103e-05
3040 4.66145e-05
3041 1.05016e-05
3042 1.85007e-05
3043 3.43714e-06
3044 1.16216e-06
3045 1.46629e-07
3046 3.37707e-05
3047 0.000474245
3048 -7.61019e-07
3049 -7.8487e-09
3050 0.000234534
3051 2.69964e-05
3052 9.10993e-05
3053 8.03295e-05
3054 1.38705e-06
3055 8.47196e-07
3056 1.56022e-05
3057 0.000241973
3058 3.87442e-05
3059 2.30958e-05
3060 3.2422e-05
3061 -8.29443e-08
3062 2.67628e-08
3063 7.02479e-07
3064 1.06108e-05
3065 6.49128e-05
3066 3.40673e-06
3067 5.98424e-06
3068 2.76693e-05
3069 6.63429e-05
3070 4.39597e-05
3071 8.59428e-05
3072 7.2872e-07
3073 5.52943e-06
3074 -1.82363e-08
3075 1.01244e-06
3076 -5.65313e-06
3077 -3.15403e-09
3078 2.00137e-05
3079 -1.36258e-06
3080 1.81673e-05
3081 1.15852e-05
3082 0.00014421
3083 6.26243e-05
3084 9.90905e-05
3085 1.92223e-05
3086 -2.7405e-07
3087 4.1588e-05
3088 1.4669e-07
3089 0.000284483
3090 -3.96759e-08
3091 3.14522e-05
3092 2.89525e-07
3093 -4.09399e-07
3094 5.74346e-07
3095 0.000194126
3096 8.88124e-06
3097 -4.02106e-07
3098 1.81986e-08
3099 9.28502e-07
3100 5.9665e-05
3101 2.9117e-05
3102 1.99999e-05
3103 -9.04063e-07
3104 6.04925e-08
3105 -5.84357e-07
3106 -6.86981e-08
3107 8.36546e-06
3108 5.36656e-05
3109 -2.50683e-06
3110 -6.92655e-07
3111 -4.94988e-08
3112 -1.80001e-08
3113 -2.87378e-05
3114 1.80811e-05
3115 1.056e-05
3116 -1.17096e-07
3117 1.81692e-05
3118 1.74542e-07
3119 8.67201e-05
3120 6.58507e-06
3121 0.0001197
3122 1.32122e-06
3123 -5.11179e-05
3124 2.63248e-05
3125 1.53079e-06
3126 5.38489e-05
3127 2.71769e-07
3128 -6.46022e-07
3129 1.41005e-05
3130 -2.80542e-09
3131 -2.38524e-08
3132 1.44338e-07
3133 6.011e-06
3134 7.1245e-06
3135 2.51162e-05
3136 1.30506e-05
3137 8.95049e-05
3138 2.47225e-07
3139 1.40001e-05
3140 9.54532e-08
3141 1.29573e-06
3142 1.18461e-06
3143 -6.8266e-06
3144 -2.10138e-07
3145 1.40158e-05
3146 7.77289e-05
3147 8.89458e-07
3148 -7.84727e-07
3149 1.08572e-05
3150 7.15742e-06
3151 -1.09396e-06
3152 1.7207e-05
3153 -2.13813e-06
3154 0.000121265
3155 3.71417e-08
3156 -4.03159e-06
3157 0.000190087
3158 0.00022899
3159 -3.29412e-06
3160 3.32115e-06
3161 2.87525e-07
3162 4.46624e-08
3163 4.24313e-06
3164 -3.18688e-06
3165 2.93335e-06
3166 -2.87281e-08
3167 1.05564e-05
3168 1.37053e-06
3169 9.46114e-06
3170 2.44262e-07
3171 4.71548e-07
3172 1.39244e-07
3173 -6.05592e-07
3174 1.13936e-06
3175 -1.91706e-05
3176 8.69361e-06
3177 8.7915e-06
3178 3.48357e-06
3179 7.13232e-06
3180 2.78856e-07
3181 1.05926e-07
3182 4.66063e-06
3183 1.67322e-05
3184 6.26977e-08
3185 6.16693e-07
3186 -1.97706e-07
3187 4.40937e-05
3188 6.87462e-06
3189 -8.77008e-09
3190 -3.72686e-08
3191 1.1208e-05
3192 -7.30192e-07
3193 -1.55776e-06
3194 6.26635e-07
3195 -9.52519e-07
3196 5.30659e-07
3197 7.83324e-08
3198 -3.8424e-07
3199 -8.44297e-08
3200 4.12925e-06
3201 2.10647e-06
3202 7.95348e-08
3203 -3.30255e-08
3204 2.71257e-07
3205 -6.39645e-07
3206 1.76245e-07
3207 7.82247e-07
3208 -6.40055e-06
3209 1.56552e-05
3210 2.37324e-06
3211 -6.93193e-08
3212 2.71274e-07
3213 1.82601e-07
3214 4.93471e-07
3215 6.18917e-07
3216 2.06725e-06
3217 0.000225838
3218 3.15167e-05
3219 -1.19774e-06
3220 1.85645e-06
3221 -8.28945e-07
3222 -4.81941e-08
3223 7.66456e-06
3224 2.1025e-05
3225 1.93699e-05
3226 5.9606e-06
3227 6.59999e-08
3228 -6.50976e-07
3229 3.05778e-06
3230 1.46441e-05
3231 2.49202e-05
3232 4.63651e-05
3233 7.60295e-05
3234 1.29174e-05
3235 1.74382e-09
3236 -2.01941e-06
3237 2.15434e-07
3238 3.63537e-06
3239 5.26024e-06
3240 0.000125273
3241 5.26069e-07
3242 6.87189e-06
3243 -3.2588e-07
3244 1.55658e-06
3245 4.7436e-06
3246 -9.78157e-09
3247 2.57549e-06
3248 -9.14326e-08
3249 9.17747e-07
3250 9.63327e-06
3251 7.29291e-06
3252 2.46042e-07
3253 5.50359e-06
3254 2.27597e-06
3255 -3.43824e-07
3256 -3.76714e-06
3257 9.61993e-06
3258 4.07595e-07
3259 3.08132e-06
3260 4.72025e-06
3261 4.94951e-07
3262 4.68714e-06
3263 3.88636e-07
3264 1.18025e-06
3265 -1.71642e-10
3266 -9.8797e-07
3267 -3.31473e-07
3268 4.07276e-06
3269 -6.06988e-08
3270 -2.21484e-07
3271 6.53901e-06
3272 8.56267e-06
3273 8.6851e-06
3274 -1.88532e-06
3275 -5.47163e-07
3276 3.81515e-06
3277 3.06354e-05
3278 -9.49339e-07
3279 4.15315e-06
3280 -3.80748e-08
3281 6.62198e-07
3282 1.62592e-05
3283 4.57644e-06
3284 2.23115e-06
3285 3.12597e-06
3286 7.84799e-08
3287 1.24262e-06
3288 2.23682e-06
3289 2.58053e-06
3290 -6.58253e-07
3291 1.06685e-06
3292 1.8192e-06
3293 6.75343e-06
3294 6.31951e-06
3295 1.49794e-06
3296 1.4685e-05
3297 5.35341e-06
3298 2.17554e-05
3299 4.43383e-07
3300 1.07266e-07
3301 -2.74322e-07
3302 2.97532e-06
3303 1.07278e-06
3304 4.30949e-06
3305 2.93463e-07
3306 1.0815e-06
3307 -8.27647e-06
3308 -1.55103e-06
3309 1.98019e-07
3310 -8.37299e-08
3311 6.83382e-07
3312 -4.79529e-07
3313 1.92154e-07
3314 -1.98859e-06
3315 0.000130649
3316 5.65417e-07
3317 5.85568e-05
3318 -3.90881e-06
3319 -4.53437e-06
3320 -3.27576e-06
3321 1.91871e-06
3322 -4.28076e-06
3323 -5.00684e-06
3324 3.71577e-06
3325 1.26471e-05
3326 1.40613e-06
3327 5.0148e-06
3328 2.05412e-06
3329 4.29001e-07
3330 5.42015e-07
3331 2.34571e-06
3332 6.32198e-07
3333 4.76935e-06
3334 -2.18812e-08
3335 1.26393e-08
3336 1.17184e-07
3337 5.82938e-06
3338 5.03213e-06
3339 2.80042e-05
3340 3.35729e-06
3341 3.57615e-06
3342 6.56551e-08
3343 -7.30979e-09
3344 1.75946e-07
3345 3.86745e-07
3346 1.24149e-07
3347 -1.6705e-07
3348 -2.90079e-07
3349 2.15416e-06
3350 7.39404e-07
3351 4.51348e-06
3352 -4.82804e-07
3353 6.94571e-06
3354 3.77849e-05
3355 1.17876e-06
3356 9.38518e-06
3357 -5.18619e-06
3358 9.40022e-06
3359 4.45246e-06
3360 3.16845e-07
3361 1.03779e-07
3362 5.79862e-06
3363 6.82461e-07
3364 -5.94984e-08
3365 3.25833e-07
3366 6.10185e-07
3367 4.62656e-07
3368 5.95073e-06
3369 1.22388e-05
3370 1.42489e-06
3371 -1.48164e-07
3372 1.28971e-05
3373 1.85893e-06
3374 1.40975e-06
3375 8.77816e-06
3376 -1.92437e-07
3377 8.1547e-06
3378 -2.20912e-06
3379 4.64777e-06
3380 7.17019e-07
3381 1.78168e-06
3382 -2.78004e-08
3383 1.7843e-07
3384 3.54408e-09
3385 -4.4333e-07
3386 7.82316e-06
3387 -3.61613e-09
3388 -1.17855e-06
3389 8.10112e-06
3390 -1.12453e-06
3391 -2.7306e-06
3392 8.46145e-05
3393 6.17551e-05
3394 3.11108e-06
3395 5.23263e-06
3396 6.27941e-06
3397 -1.50389e-06
3398 4.05454e-06
3399 1.17512e-06
3400 -1.05752e-07
3401 2.37522e-05
3402 3.75747e-05
3403 1.98939e-06
3404 1.43898e-06
3405 2.05338e-06
3406 5.66417e-07
3407 1.10182e-05
3408 1.78529e-06
3409 2.73386e-07
3410 1.0176e-07
3411 2.59196e-05
3412 3.426e-05
3413 2.59242e-06
3414 -6.0301e-08
3415 7.24236e-07
3416 -1.31689e-06
3417 -9.31344e-08
3418 2.3325e-06
3419 8.14274e-07
3420 1.3502e-05
3421 6.87384e-07
3422 5.28324e-07
3423 3.27403e-05
3424 9.77141e-06
3425 2.47183e-06
3426 -3.86813e-08
3427 -2.99874e-06
3428 4.47195e-07
3429 1.94819e-07
3430 1.0858e-06
3431 4.45616e-06
3432 -7.07263e-09
3433 1.3351e-07
3434 6.92072e-06
3435 1.07531e-07
3436 3.22395e-06
3437 -3.69265e-07
3438 3.04674e-07
3439 -1.80213e-07
3440 3.03996e-06
3441 -6.52515e-07
3442 2.19695e-06
3443 2.82564e-06
3444 1.04256e-05
3445 4.56774e-07
3446 -2.40966e-07
3447 3.34436e-07
3448 6.07036e-05
3449 1.59434e-05
3450 3.58078e-05
3451 5.10722e-06
3452 8.78302e-07
3453 -1.45287e-06
3454 -3.27534e-06
3455 -9.93167e-09
3456 -5.17182e-07
3457 6.0841e-07
3458 2.33359e-05
3459 2.09059e-07
3460 2.06041e-06
3461 1.31896e-06
3462 5.87336e-07
3463 7.33481e-07
3464 6.84329e-06
3465 -1.51873e-09
3466 1.26916e-08
3467 2.34631e-07
3468 -1.36064e-08
3469 -8.57505e-08
3470 2.43859e-07
3471 -7.04476e-07
3472 1.81926e-07
3473 3.08049e-07
3474 3.67963e-07
3475 1.61127e-07
3476 4.24008e-05
3477 9.71927e-06
3478 2.97068e-07
3479 -6.90945e-07
3480 -1.71609e-07
3481 -7.21857e-07
3482 1.02694e-06
3483 -1.28037e-08
3484 7.59319e-08
3485 3.13153e-07
3486 -5.04488e-07
3487 -3.13443e-07
3488 1.00128e-06
3489 3.8216e-07
3490 -3.36724e-07
3491 -3.50438e-08
3492 3.6942e-07
3493 4.15875e-07
3494 2.50252e-09
3495 2.40131e-06
3496 3.56021e-07
3497 4.91368e-07
3498 8.28559e-09
3499 -3.51344e-07
3500 2.04997e-08
3501 2.27147e-07
3502 5.58722e-07
3503 4.34795e-07
3504 1.32387e-05
3505 3.00509e-06
3506 9.38388e-08
3507 -7.6011e-09
3508 3.14522e-08
3509 -2.47161e-07
3510 -4.71196e-06
3511 8.57037e-07
3512 -1.54115e-08
3513 9.98977e-08
3514 1.77429e-07
3515 1.38685e-07
3516 -2.2651e-08
3517 -5.99503e-08
3518 7.59261e-06
3519 1.52408e-07
3520 6.61788e-06
3521 7.64606e-07
3522 -1.2345e-08
3523 -1.72314e-07
3524 -6.73327e-07
3525 2.0768e-07
3526 8.00232e-07
3527 2.64671e-07
3528 2.13976e-09
3529 -3.33338e-08
3530 2.3819e-09
3531 -7.1827e-07
3532 -1.33546e-07
3533 -1.33546e-07
3534 3.07118e-07
3535 1.5185e-07
3536 -2.31355e-09
3537 2.52125e-07
3538 1.73654e-07
3539 3.60025e-06
3540 2.74834e-07
3541 5.64606e-09
3542 -6.74035e-08
3543 1.13112e-06
3544 -8.78898e-08
3545 2.9645e-05
3546 7.13144e-06
3547 8.17377e-07
3548 3.03373e-06
3549 1.11435e-06
3550 -1.81155e-06
3551 -3.20294e-07
3552 -3.56989e-07
3553 6.76367e-07
3554 2.38404e-08
3555 -2.03185e-08
3556 -2.90583e-07
3557 -1.41593e-07
3558 -2.89816e-08
3559 2.39906e-07
3560 1.17366e-07
3561 1.19684e-08
3562 3.92929e-09
3563 -9.98335e-07
3564 2.40797e-05
3565 2.28397e-06
3566 2.1043e-06
3567 3.58368e-06
3568 -2.08408e-07
3569 1.08952e-06
3570 -9.27872e-08
3571 4.07442e-06
3572 -1.66292e-08
3573 -1.53123e-07
3574 5.60086e-07
3575 1.42576e-08
3576 -1.65402e-07
3577 1.33759e-06
3578 6.12472e-07
3579 4.59331e-07
3580 1.20514e-06
3581 2.13595e-06
3582 -1.54681e-06
3583 1.7528e-06
3584 1.5089e-06
3585 3.13912e-06
3586 1.68025e-07
3587 4.30426e-07
3588 -3.34007e-07
3589 9.92084e-08
3590 1.09764e-06
3591 2.2454e-07
3592 -7.03238e-08
3593 -1.39062e-07
3594 1.46137e-07
3595 -2.77745e-08
3596 7.18077e-07
3597 2.64662e-06
3598 8.56314e-10
3599 1.6929e-09
3600 1.70232e-05
3601 2.70751e-06
3602 5.60836e-06
3603 -2.24701e-07
3604 -5.20341e-07
3605 4.95785e-08
3606 7.11906e-09
3607 5.8434e-08
3608 2.51672e-08
3609 5.91085e-07
3610 2.71672e-07
3611 -3.83463e-08
3612 1.28036e-07
3613 -2.59159e-07
3614 3.30348e-07
3615 -7.13401e-07
3616 1.39586e-05
3617 9.23874e-07
3618 -1.87216e-07
3619 1.96766e-06
3620 4.7967e-07
3621 3.35034e-06
3622 9.51444e-07
3623 1.26261e-05
3624 1.73072e-07
3625 1.86522e-07
3626 5.05151e-08
3627 4.05862e-07
3628 2.98268e-08
3629 3.26887e-07
3630 8.5189e-08
3631 3.38654e-08
3632 -2.32783e-07
3633 -2.58938e-07
3634 -4.8827e-07
3635 -5.73544e-08
3636 -1.0009e-07
3637 -1.99943e-07
3638 -2.29003e-08
3639 -3.51131e-09
3640 4.41661e-07
3641 -1.17069e-08
3642 5.52442e-08
3643 -4.54896e-08
3644 -5.14522e-07
3645 2.53252e-07
3646 -1.53645e-06
3647 -1.14677e-06
3648 -6.48285e-08
3649 3.05925e-08
3650 1.64633e-07
3651 -1.38078e-07
3652 -1.73034e-07
3653 2.12969e-07
3654 -3.84424e-08
3655 6.52295e-07
3656 3.58038e-07
3657 -2.45005e-07
3658 2.50498e-07
3659 1.40926e-07
3660 -2.10224e-07
3661 5.63636e-07
3662 5.09907e-09
3663 -2.41884e-08
3664 -9.67882e-08
3665 2.84518e-07
3666 -2.46224e-08
3667 2.25141e-07
3668 -1.83732e-07
3669 -6.54434e-09
3670 7.51229e-08
3671 9.87444e-07
3672 7.62394e-07
3673 2.05569e-07
3674 -2.75199e-08
3675 -1.57275e-07
3676 -6.75749e-08
3677 4.95493e-08
3678 5.10931e-06
3679 8.81502e-06
3680 1.18067e-06
3681 3.2838e-06
3682 3.98228e-07
3683 -2.15252e-07
3684 -1.4884e-07
3685 6.50563e-07
3686 -1.6569e-07
3687 2.34622e-06
3688 4.72804e-06
3689 8.83207e-08
3690 6.96849e-07
3691 -1.00449e-07
3692 -3.67537e-07
3693 3.38718e-05
3694 3.48872e-05
3695 1.03345e-07
3696 1.90114e-06
3697 -6.3568e-07
3698 6.38733e-07
3699 -1.57213e-07
3700 7.5064e-09
3701 1.05127e-06
3702 5.66344e-07
3703 -5.32987e-06
3704 5.60798e-06
3705 1.87808e-09
3706 -6.53693e-08
3707 3.16371e-07
3708 7.3059e-08
3709 2.47658e-07
3710 -5.46839e-08
3711 3.0934e-07
3712 4.88901e-07
3713 1.06095e-07
3714 4.12251e-07
3715 1.06564e-07
3716 8.8937e-07
3717 4.74873e-07
3718 2.93002e-06
3719 2.84819e-08
3720 -2.32449e-07
3721 -1.47424e-07
3722 3.22302e-08
3723 -8.5525e-07
3724 -4.91142e-08
3725 1.35465e-06
3726 -1.96848e-06
3727 -3.96291e-07
3728 -2.75027e-07
3729 2.95402e-07
3730 6.76302e-07
3731 -1.25685e-06
3732 -1.91074e-06
3733 2.85185e-06
3734 1.8278e-07
3735 1.36111e-06
3736 -9.05709e-08
3737 4.52514e-07
3738 -8.25344e-08
3739 1.82106e-07
3740 1.00217e-07
3741 -2.15328e-07
3742 -1.61671e-07
3743 5.65252e-07
3744 1.17488e-05
3745 -6.19149e-07
3746 2.92122e-07
3747 -3.44206e-08
3748 8.35777e-06
3749 7.95013e-05
3750 4.23051e-08
3751 8.56629e-07
3752 -1.4827e-07
3753 4.27986e-08
3754 2.60858e-08
3755 -2.08228e-08
3756 3.73067e-08
3757 1.01558e-07
3758 -3.76971e-08
3759 2.73191e-07
3760 1.7931e-07
3761 -1.46583e-07
3762 1.59716e-07
3763 -1.06163e-06
3764 1.30461e-06
3765 2.10975e-06
3766 1.0715e-06
3767 1.08606e-06
3768 1.34651e-07
3769 -2.33793e-07
3770 -1.62558e-07
3771 1.06593e-06
3772 -1.83246e-08
3773 -2.69196e-09
3774 3.28358e-07
3775 3.42851e-07
3776 -7.35375e-08
3777 1.24861e-07
3778 3.42438e-07
3779 4.49952e-07
3780 1.68172e-06
3781 0.000799884
3782 -1.40377e-09
3783 5.65321e-08
3784 -2.06674e-08
3785 3.36549e-06
3786 -1.1964e-07
3787 -2.27193e-07
3788 1.2126e-07
3789 -8.79409e-09
3790 5.76137e-08
3791 6.67214e-07
3792 -2.09945e-07
3793 1.60814e-07
3794 -1.26328e-07
3795 -1.31946e-07
3796 -4.65083e-06
3797 2.50223e-05
3798 1.49743e-07
3799 -1.69639e-07
3800 3.16896e-07
3801 6.12739e-08
3802 8.83708e-08
3803 -1.64271e-07
3804 -1.0427e-06
3805 9.8385e-07
3806 6.31099e-07
3807 -2.09016e-06
3808 -1.79159e-06
3809 1.45411e-06
3810 6.25347e-07
3811 1.64603e-06
3812 1.06644e-06
3813 2.2038e-06
3814 5.08355e-06
3815 5.68532e-06
3816 6.86323e-07
3817 4.10047e-07
3818 -1.65093e-07
3819 -8.07222e-08
3820 -6.76262e-07
3821 3.96755e-07
3822 -8.59257e-08
3823 5.18171e-06
3824 -2.96518e-07
3825 5.86888e-06
3826 -4.72489e-06
3827 3.59874e-07
3828 -1.79829e-07
3829 1.83508e-07
3830 -1.66294e-06
3831 -1.41504e-06
3832 2.51375e-06
3833 -1.6687e-06
3834 4.66107e-06
3835 3.84904e-06
3836 6.37294e-09
3837 -5.07799e-07
3838 -4.91278e-07
3839 -4.99126e-07
3840 2.38602e-06
3841 3.88884e-08
3842 7.67269e-06
3843 2.99142e-05
3844 2.93415e-07
3845 -2.75638e-08
3846 1.32293e-08
3847 2.88672e-08
3848 4.62829e-09
3849 1.95738e-06
3850 4.72639e-05
3851 3.06715e-05
3852 7.09881e-07
3853 3.05703e-07
3854 3.17239e-05
3855 3.07185e-05
3856 -7.63369e-08
3857 -6.22331e-07
3858 1.65762e-07
3859 1.74992e-06
3860 -3.85224e-07
3861 5.89714e-07
3862 -2.24285e-07
3863 -3.2764e-07
3864 1.19244e-06
3865 1.02787e-07
3866 1.2394e-05
3867 -3.82942e-06
3868 2.55125e-07
3869 2.61053e-06
3870 3.74703e-07
3871 -1.49963e-07
3872 1.81273e-05
3873 -7.02061e-08
3874 6.99572e-07
3875 3.68454e-07
3876 3.14685e-05
3877 6.57427e-07
3878 1.79039e-06
3879 -3.20952e-07
3880 7.84063e-08
3881 -3.64752e-07
3882 7.51004e-08
3883 4.95355e-07
3884 7.90435e-08
3885 7.59275e-08
3886 8.29771e-08
3887 -1.64848e-07
3888 -9.24247e-07
3889 -2.41563e-07
3890 1.7098e-06
3891 3.92141e-06
3892 5.92354e-08
3893 2.42842e-07
3894 -3.92456e-08
3895 -3.55447e-08
3896 2.12972e-06
3897 -2.61107e-07
3898 1.14108e-07
3899 1.17539e-07
3900 -9.43879e-07
3901 1.57594e-06
3902 -1.20747e-09
3903 -4.6344e-08
3904 4.54385e-06
3905 8.70948e-07
3906 -8.43981e-08
3907 8.24475e-08
3908 -4.70142e-07
3909 4.76131e-07
3910 3.123e-06
3911 1.1212e-06
3912 1.45308e-07
3913 1.99622e-07
3914 4.74314e-08
3915 -5.36682e-06
3916 2.96916e-05
3917 1.54851e-07
3918 2.31664e-07
3919 -4.58445e-09
3920 -1.0293e-07
3921 -4.53088e-08
3922 3.61398e-07
3923 -1.81644e-07
3924 -3.08852e-07
3925 -2.74473e-08
3926 2.11815e-06
3927 6.45963e-06
3928 -1.63441e-07
3929 -9.62656e-07
3930 1.05437e-05
3931 1.1549e-05
3932 6.90213e-07
3933 -8.1736e-07
3934 6.02862e-08
3935 -2.48624e-08
3936 1.5076e-07
3937 5.57205e-07
3938 3.51772e-06
3939 -6.93526e-08
3940 -3.37333e-07
3941 8.84824e-07
3942 -4.46606e-07
3943 1.62742e-06
3944 7.05694e-06
3945 3.97997e-07
3946 1.56048e-07
3947 8.86934e-08
3948 -1.92547e-08
3949 2.03995e-07
3950 1.06047e-06
3951 -1.44414e-07
3952 1.40285e-07
3953 3.50814e-07
3954 8.22873e-07
3955 1.79517e-07
3956 -1.1754e-08
3957 2.5117e-07
3958 -1.58766e-07
3959 -5.69617e-08
3960 -2.53166e-09
3961 2.14749e-07
3962 8.5774e-06
3963 8.53956e-06
3964 2.09233e-05
3965 1.32012e-06
3966 2.1634e-07
3967 3.41539e-06
3968 4.33794e-06
3969 3.08494e-08
3970 6.40853e-06
3971 2.05936e-07
3972 -1.44088e-07
3973 -3.72447e-08
3974 1.92306e-06
3975 -2.43915e-07
3976 -4.21755e-07
3977 -4.41281e-08
3978 1.06832e-07
3979 3.83351e-07
3980 -9.1033e-08
3981 5.92492e-08
3982 1.72393e-07
3983 -9.28235e-08
3984 4.83045e-07
3985 1.98153e-08
3986 -2.53269e-07
3987 4.04019e-07
3988 3.82891e-06
3989 3.70327e-07
3990 5.79832e-07
3991 1.73648e-06
3992 1.04645e-06
3993 -2.64606e-07
3994 -5.53171e-08
3995 -2.09133e-08
3996 4.83361e-08
3997 -1.65776e-07
3998 1.5589e-07
3999 4.18227e-07
4000 2.21221e-06
4001 -2.32486e-07
4002 6.44125e-07
4003 -9.51226e-08
4004 1.73448e-09
4005 -5.59372e-08
4006 3.73441e-07
4007 2.19369e-06
4008 1.85603e-06
4009 -2.09373e-07
4010 -2.14195e-08
4011 -4.81756e-06
4012 4.15222e-09
4013 4.71344e-07
4014 3.89637e-07
4015 -6.21431e-08
4016 5.02111e-07
4017 7.16875e-08
4018 -3.42387e-07
4019 -2.66454e-07
4020 1.21842e-07
4021 2.18946e-05
4022 4.83314e-06
4023 -2.09045e-07
4024 -4.06316e-07
4025 -1.6203e-07
4026 6.84851e-07
4027 2.09809e-06
4028 1.53101e-07
4029 2.77954e-07
4030 -3.01646e-08
4031 6.53274e-07
4032 -2.71061e-07
4033 4.21932e-07
4034 1.34965e-06
4035 5.95231e-08
4036 -8.48196e-07
4037 5.87869e-07
4038 -3.00892e-07
4039 1.71045e-06
4040 -1.877e-07
4041 -2.17203e-07
4042 1.45007e-06
4043 3.35474e-07
4044 -1.0431e-07
4045 -3.56172e-07
4046 4.7397e-10
4047 -7.6585e-08
4048 3.47231e-06
4049 1.83143e-07
4050 -2.51457e-06
4051 1.42555e-05
4052 3.69649e-06
4053 8.11335e-07
4054 1.12597e-06
4055 4.55176e-07
4056 2.29809e-08
4057 -1.67585e-08
4058 3.34183e-07
4059 -3.20884e-10
4060 -5.77285e-08
4061 2.11175e-07
4062 6.23311e-07
4063 1.80643e-06
4064 1.30323e-08
4065 1.72027e-06
4066 4.39977e-05
4067 1.37069e-05
4068 5.56066e-08
4069 1.35377e-07
4070 -6.89358e-08
4071 -1.21025e-07
4072 1.3902e-06
4073 1.86011e-08
4074 -8.31878e-08
4075 7.7704e-05
4076 1.53119e-05
4077 1.08342e-08
4078 4.47848e-08
4079 1.63996e-08
4080 1.10205e-09
4081 6.40658e-07
4082 -4.11228e-09
4083 2.21821e-06
4084 -3.08456e-07
4085 2.92627e-07
4086 3.88285e-06
4087 4.85027e-06
4088 1.71857e-07
4089 1.31142e-08
4090 1.20911e-07
4091 9.40074e-08
4092 1.10031e-07
4093 1.8579e-07
4094 3.24931e-08
4095 7.21675e-08
4096 -1.63965e-07
4097 5.95341e-07
4098 3.47145e-07
4099 -3.05689e-08
4100 1.22242e-07
4101 -1.81073e-08
4102 -2.00937e-08
4103 -1.17153e-07
4104 2.26213e-07
4105 -2.76329e-08
4106 1.52737e-07
4107 2.21163e-07
4108 -1.81283e-07
4109 1.0816e-07
4110 -2.4639e-07
4111 -5.88833e-08
4112 2.51136e-08
4113 4.72521e-07
4114 2.52452e-07
4115 -2.85521e-08
4116 2.50184e-07
4117 1.6741e-05
4118 3.4217e-06
4119 8.8351e-08
4120 4.0486e-08
4121 1.18026e-08
4122 3.81566e-07
4123 -3.06205e-07
4124 -2.83874e-07
4125 -3.66169e-07
4126 1.38408e-07
4127 1.36769e-07
4128 2.6596e-07
4129 4.54334e-05
4130 6.21068e-05
4131 2.34293e-05
4132 2.64717e-06
4133 2.87653e-07
4134 3.75068e-06
4135 4.91956e-06
4136 3.22551e-07
4137 9.78897e-07
4138 7.20771e-07
4139 2.91989e-07
4140 3.41907e-06
4141 -3.34998e-08
4142 1.2495e-07
4143 1.8335e-07
4144 1.22161e-06
4145 -1.18699e-07
4146 1.55519e-07
4147 -6.8746e-07
4148 1.03755e-05
4149 8.954e-07
4150 1.9319e-06
4151 2.0025e-06
4152 1.76883e-06
4153 1.9499e-06
4154 -8.42176e-07
4155 -8.60723e-08
4156 5.18236e-07
4157 3.7296e-07
4158 -1.21138e-07
4159 -2.69578e-06
4160 5.82439e-06
4161 3.13387e-08
4162 5.89947e-07
4163 2.75366e-06
4164 1.37549e-06
4165 9.08888e-07
4166 -1.52681e-07
4167 4.07713e-07
4168 -1.57552e-07
4169 -2.0362e-06
4170 2.08584e-06
4171 8.01796e-07
4172 1.55711e-07
4173 3.77257e-07
4174 -1.49142e-07
4175 6.96422e-09
4176 2.7697e-05
4177 2.83776e-07
4178 2.58997e-07
4179 -5.32948e-07
4180 6.68444e-07
4181 -6.36805e-08
4182 -2.29669e-08
4183 -8.34048e-07
4184 1.76874e-06
4185 1.48262e-07
4186 6.88104e-07
4187 -1.82661e-07
4188 9.57979e-07
4189 9.50066e-06
4190 2.65347e-06
4191 9.95091e-05
4192 -4.04558e-08
4193 2.85234e-07
4194 -3.28406e-07
4195 -1.85574e-07
4196 1.78417e-06
4197 -1.31468e-07
4198 -8.01281e-08
4199 -3.54206e-06
4200 7.99201e-06
4201 6.25726e-07
4202 1.53172e-07
4203 7.1484e-07
4204 -8.15031e-08
4205 -3.99392e-09
4206 2.31481e-07
4207 4.22396e-07
4208 8.95395e-08
4209 -8.45231e-08
4210 1.64582e-08
4211 1.21603e-06
4212 4.83036e-06
4213 -1.10914e-08
4214 -2.694e-08
4215 3.62301e-08
4216 1.39799e-06
4217 -3.21554e-07
4218 7.06081e-07
4219 -1.23002e-07
4220 7.08384e-08
4221 -1.21351e-07
4222 1.70697e-06
4223 9.46085e-07
4224 -1.4034e-07
4225 8.83755e-07
4226 -2.37936e-07
4227 2.31886e-06
4228 1.38218e-06
4229 5.52533e-06
4230 5.83498e-06
4231 5.35232e-06
4232 -4.64337e-06
4233 7.0595e-06
4234 1.41414e-05
4235 5.8128e-07
4236 9.60741e-08
4237 1.78608e-06
4238 3.88656e-07
4239 -6.41202e-07
4240 -4.09687e-07
4241 6.5679e-07
4242 2.23854e-05
4243 -4.3545e-06
4244 1.47906e-06
4245 1.79826e-06
4246 -1.32312e-07
4247 -2.49849e-07
4248 1.68161e-07
4249 2.06589e-06
4250 5.34002e-08
4251 3.30017e-07
4252 1.09856e-08
4253 2.24125e-08
4254 7.17319e-07
4255 8.06938e-08
4256 2.59457e-08
4257 -1.23021e-07
4258 2.87981e-08
4259 7.20466e-07
4260 -5.15552e-07
4261 2.36915e-07
4262 -1.78868e-08
4263 -1.43739e-07
4264 -1.12945e-07
4265 7.92167e-07
4266 9.12985e-07
4267 2.5409e-07
4268 3.04017e-07
4269 -1.88284e-07
4270 2.19354e-07
4271 2.64102e-06
4272 8.2303e-06
4273 1.49654e-05
4274 -8.33972e-06
4275 1.83892e-06
4276 6.48642e-08
4277 5.63909e-07
4278 2.28758e-07
4279 2.76674e-07
4280 -3.73743e-07
4281 1.41768e-07
4282 -3.95661e-07
4283 -3.81119e-07
4284 9.26408e-07
4285 2.01623e-08
4286 -8.01949e-08
4287 -4.33649e-08
4288 -1.67949e-06
4289 2.18995e-06
4290 2.04419e-06
4291 -3.09657e-08
4292 2.86345e-06
4293 -2.68663e-07
4294 -7.59314e-07
4295 -5.43223e-07
4296 -5.81428e-07
4297 -2.10004e-06
4298 2.91473e-06
4299 -9.98534e-07
4300 1.18288e-06
4301 3.73464e-06
4302 2.70533e-06
4303 -1.23129e-06
4304 3.63867e-06
4305 -5.06507e-07
4306 1.08399e-05
4307 7.731e-06
4308 2.0119e-06
4309 -6.89066e-08
4310 -2.27518e-07
4311 3.87996e-06
4312 6.7226e-06
4313 2.11212e-07
4314 5.27885e-07
4315 -4.54323e-07
4316 -4.62393e-06
4317 -1.7461e-07
4318 1.10375e-06
4319 1.26867e-06
4320 -9.40613e-07
4321 1.04318e-07
4322 3.64609e-07
4323 -1.29344e-07
4324 7.88435e-06
4325 2.62954e-07
4326 4.44668e-08
4327 3.90061e-07
4328 4.05459e-07
4329 2.51922e-08
4330 -4.56928e-09
4331 4.41641e-06
4332 1.23521e-08
4333 1.49407e-07
4334 -5.10927e-08
4335 2.0167e-08
4336 7.93752e-07
4337 4.03681e-07
4338 -2.19615e-06
4339 5.26862e-07
4340 1.27114e-07
4341 5.02044e-07
4342 4.11679e-05
4343 9.65824e-06
4344 0.000109022
4345 -3.39874e-07
4346 3.08945e-07
4347 4.28235e-09
4348 -1.21537e-07
4349 1.18005e-08
4350 1.07282e-06
4351 4.95234e-07
4352 1.89676e-06
4353 7.93863e-07
4354 2.2449e-06
4355 2.95832e-06
4356 -1.13271e-07
4357 -1.65927e-07
4358 -0
4359 6.61884e-07
4360 8.95316e-07
4361 1.24348e-07
4362 9.79501e-07
4363 8.59758e-08
4364 1.24506e-07
4365 2.80539e-06
4366 -2.51746e-06
4367 -5.33408e-08
4368 4.27679e-06
4369 -2.41424e-06
4370 2.12341e-08
4371 6.81249e-08
4372 4.55996e-07
4373 1.16201e-07
4374 1.87076e-07
4375 -2.52143e-06
4376 1.70097e-05
4377 2.6886e-08
4378 7.54256e-08
4379 -1.07561e-07
4380 -1.59639e-07
4381 -1.96577e-07
4382 8.6038e-06
4383 8.85457e-06
4384 1.4686e-06
4385 9.73665e-07
4386 3.18736e-05
4387 2.78347e-07
4388 -6.2939e-07
4389 -4.59861e-08
4390 5.04534e-07
4391 -1.24283e-07
4392 -2.74298e-08
4393 1.75815e-07
4394 -1.9187e-07
4395 -2.12677e-07
4396 3.85337e-06
4397 3.66661e-06
4398 1.16252e-06
4399 5.05585e-07
4400 -6.25601e-08
4401 5.69362e-08
4402 -3.06346e-08
4403 5.84154e-05
4404 3.26635e-05
4405 -7.90486e-08
4406 -6.05225e-07
4407 1.26547e-06
4408 2.03942e-06
4409 3.91634e-06
4410 1.78607e-08
4411 -1.75312e-08
4412 4.1126e-07
4413 3.28133e-07
4414 7.32141e-08
4415 4.66207e-06
4416 1.72329e-05
4417 8.62509e-08
4418 -4.51948e-07
4419 -3.76939e-06
4420 -2.73843e-06
4421 -2.30948e-06
4422 2.58804e-06
4423 3.22257e-07
4424 1.57819e-06
4425 2.57667e-06
4426 3.82196e-06
4427 7.72232e-07
4428 6.93979e-08
4429 -2.01206e-08
4430 6.47647e-07
4431 1.10212e-05
4432 1.86666e-06
4433 5.01641e-07
4434 3.21791e-06
4435 2.52412e-06
4436 -2.77286e-07
4437 1.27504e-07
4438 -4.21619e-08
4439 -2.02168e-07
4440 -1.13152e-07
4441 4.8575e-07
4442 5.57616e-07
4443 1.01395e-06
4444 5.48031e-07
4445 -1.14185e-06
4446 6.31146e-07
4447 1.25334e-07
4448 6.97764e-11
4449 1.5163e-06
4450 -4.52734e-08
4451 -2.33038e-08
4452 1.34977e-06
4453 1.39622e-06
4454 -3.51848e-07
4455 -3.70171e-07
4456 2.61843e-07
4457 1.91822e-06
4458 1.82896e-06
4459 -8.31907e-08
4460 -6.28194e-07
4461 5.76189e-08
4462 7.09193e-07
4463 2.35502e-07
4464 2.8304e-07
4465 1.00101e-07
4466 2.69905e-06
4467 1.31907e-05
4468 -2.97314e-07
4469 8.43959e-05
4470 -1.09799e-06
4471 5.54928e-05
4472 1.21621e-05
4473 3.73329e-06
4474 -6.10568e-07
4475 6.57526e-06
4476 1.13789e-06
4477 1.97089e-07
4478 3.31174e-06
4479 2.47106e-06
4480 1.53948e-08
4481 -8.77497e-07
4482 3.66258e-06
4483 8.03876e-08
4484 -1.89866e-06
4485 9.35084e-05
4486 8.78149e-05
4487 1.75147e-05
4488 -2.61065e-06
4489 -2.95727e-06
4490 -5.33261e-06
4491 -5.24759e-07
4492 -3.70007e-09
4493 5.4787e-07
4494 -1.83132e-06
4495 4.26913e-06
4496 -8.14532e-07
4497 1.71395e-05
4498 6.05436e-06
4499 9.7457e-06
4500 8.07683e-07
4501 2.09421e-07
4502 5.18348e-06
4503 4.10658e-05
4504 -3.36106e-06
4505 2.91555e-06
4506 -0
4507 0.000311883
4508 9.37494e-05
4509 2.86051e-07
4510 2.23292e-06
4511 -7.54879e-07
4512 -3.22752e-06
4513 2.87911e-05
4514 7.52823e-06
4515 2.87892e-06
4516 8.24458e-06
4517 -7.90478e-07
4518 4.07353e-07
4519 5.6286e-07
4520 4.03473e-06
4521 5.79871e-06
4522 -0
4523 1.00156e-05
4524 1.88264e-07
4525 1.28649e-05
4526 3.78296e-09
4527 -4.19781e-06
4528 -0
4529 4.00426e-10
4530 -3.78484e-07
4531 3.72494e-08
4532 -3.34549e-07
4533 1.98495e-06
4534 7.16016e-08
4535 2.35045e-06
4536 1.25702e-06
4537 4.52692e-07
4538 -9.41086e-07
4539 6.2865e-06
4540 2.25156e-07
4541 2.3291e-07
4542 9.26013e-07
4543 -1.21967e-06
4544 1.76233e-07
4545 5.44167e-06
4546 2.58479e-06
4547 3.35337e-07
4548 3.94117e-07
4549 -1.59008e-07
4550 1.09783e-06
4551 1.82482e-07
4552 4.72854e-07
4553 -1.45855e-06
4554 2.14053e-05
4555 4.53359e-05
4556 -5.66377e-06
4557 -1.87348e-06
4558 1.64268e-06
4559 2.18669e-06
4560 8.23313e-08
4561 -1.48294e-07
4562 -2.38251e-07
4563 6.21708e-07
4564 -9.08716e-06
4565 3.47094e-07
4566 5.46671e-07
4567 1.96798e-07
4568 4.67416e-09
4569 -1.1942e-08
4570 -1.00256e-05
4571 -5.3252e-08
4572 9.59862e-06
4573 1.23929e-05
4574 1.05189e-07
4575 4.73485e-08
4576 4.15865e-06
4577 4.65522e-09
4578 6.2618e-06
4579 -4.31002e-08
4580 -2.19489e-08
4581 -5.00976e-07
4582 -1.05036e-06
4583 7.83295e-06
4584 7.63638e-07
4585 3.28757e-05
4586 -3.34275e-06
4587 1.23525e-05
4588 5.27542e-05
4589 -7.43919e-08
4590 -8.63194e-06
4591 0.000155538
4592 1.24984e-05
4593 -2.93607e-06
4594 -1.70778e-05
4595 2.59124e-06
4596 8.59564e-08
4597 1.5701e-05
4598 1.99352e-05
4599 8.71762e-05
4600 2.49683e-06
4601 8.88083e-06
4602 3.81711e-07
4603 2.95438e-07
4604 -7.57125e-07
4605 -2.62724e-06
4606 1.01838e-05
4607 -3.60077e-06
4608 -7.40017e-06
4609 2.91011e-06
4610 6.13812e-05
4611 7.98842e-06
4612 5.4635e-06
4613 1.25773e-05
4614 -8.73174e-06
4615 9.37461e-06
4616 -2.00888e-06
4617 1.23631e-08
4618 1.94436e-05
4619 8.9007e-06
4620 -2.08778e-06
4621 -3.67132e-06
4622 9.15107e-06
4623 1.67231e-05
4624 4.24192e-06
4625 8.14403e-06
4626 2.85392e-06
4627 -5.41398e-08
4628 7.01755e-07
4629 -6.87454e-06
4630 4.60552e-05
4631 2.80751e-07
4632 2.89783e-07
4633 2.41971e-07
4634 4.03255e-06
4635 -6.19943e-08
4636 8.20211e-06
4637 4.95193e-07
4638 -2.97837e-07
4639 8.55354e-07
4640 -1.40498e-07
4641 1.63964e-08
4642 8.94482e-08
4643 -3.69265e-09
4644 6.64812e-05
4645 2.94794e-06
4646 -3.94337e-07
4647 0.000102779
4648 -1.91704e-06
4649 -1.0296e-07
4650 -5.23212e-08
4651 5.50361e-06
4652 -8.55517e-07
4653 1.10234e-05
4654 1.8881e-08
4655 0.000126374
4656 0.000116035
4657 -1.96993e-06
4658 2.24466e-05
4659 -4.78709e-08
4660 -2.20307e-07
4661 -1.0585e-05
4662 1.40593e-06
4663 -3.60696e-06
4664 1.50154e-06
4665 1.99e-06
4666 1.7399e-07
4667 -8.43684e-08
4668 5.85437e-06
4669 5.41611e-06
4670 2.92536e-06
4671 4.12392e-07
4672 5.67249e-06
4673 8.202e-07
4674 -7.57607e-07
4675 1.39609e-07
4676 1.44198e-05
4677 1.03603e-05
4678 -7.96549e-06
4679 4.041e-08
4680 -8.48797e-09
4681 -6.97524e-08
4682 -1.16335e-07
4683 -1.11305e-08
4684 4.11063e-07
4685 -8.59587e-07
4686 1.73263e-05
4687 -1.584e-07
4688 -1.96184e-07
4689 -2.11085e-08
4690 -2.0794e-08
4691 -2.68682e-06
4692 2.0159e-06
4693 -7.92798e-06
4694 5.39451e-05
4695 3.60365e-07
4696 1.52504e-05
4697 2.22194e-07
4698 8.13025e-06
4699 0.000104017
4700 7.80215e-07
4701 7.65264e-06
4702 -1.04322e-07
4703 1.47515e-08
4704 9.63433e-05
4705 5.0993e-05
4706 3.64165e-07
4707 0.00016563
4708 0.000171874
4709 7.91427e-07
4710 -2.46727e-06
4711 -9.64422e-08
4712 7.16735e-08
4713 4.35853e-06
4714 -4.37352e-07
4715 1.97453e-07
4716 3.32454e-05
4717 1.06258e-08
4718 3.84498e-07
4719 -2.43564e-07
4720 4.43082e-07
4721 2.04666e-07
4722 1.35083e-05
4723 7.07377e-06
4724 5.78695e-05
4725 5.01049e-05
4726 8.28146e-06
4727 7.40563e-05
4728 0.000107495
4729 -4.82307e-07
4730 1.20443e-06
4731 -1.87058e-05
4732 4.44216e-06
4733 1.51504e-05
4734 6.34015e-08
4735 3.12424e-06
4736 -1.87028e-08
4737 -0
4738 1.65922e-07
4739 9.58562e-07
4740 -2.55758e-07
4741 4.69629e-05
4742 0.000373759
4743 -2.14414e-07
4744 -8.89052e-07
4745 7.85345e-05
4746 -8.27892e-06
4747 -2.73867e-06
4748 2.45103e-06
4749 -1.44553e-05
4750 1.22455e-06
4751 -4.06871e-06
4752 1.55585e-06
4753 -2.55412e-05
4754 6.86515e-07
4755 2.15701e-05
4756 -1.12777e-08
4757 1.62368e-08
4758 1.82484e-08
4759 5.85357e-08
4760 1.08148e-05
4761 6.08459e-07
4762 6.58731e-06
4763 -4.52827e-07
4764 2.11323e-06
4765 1.02622e-05
4766 5.14971e-06
4767 -1.00451e-06
4768 9.22583e-07
4769 2.96361e-05
4770 1.07218e-05
4771 -3.79715e-08
4772 7.052e-06
4773 4.11885e-05
4774 -2.55701e-07
4775 5.1532e-07
4776 -1.1999e-05
4777 -2.44816e-08
4778 2.7292e-06
4779 9.2494e-06
4780 2.30866e-07
4781 -1.75927e-06
4782 -4.54496e-06
4783 3.65764e-06
4784 -8.06907e-10
4785 -7.95565e-08
4786 5.10495e-06
4787 9.07288e-07
4788 -7.3545e-06
4789 -5.23134e-07
4790 2.82431e-07
4791 -4.45533e-07
4792 1.1191e-05
4793 7.6281e-08
4794 9.79004e-07
4795 1.56071e-06
4796 -2.51289e-06
4797 -1.495e-08
4798 2.71398e-06
4799 1.86186e-07
4800 7.78717e-06
4801 2.73195e-06
4802 1.51786e-05
4803 -4.71612e-07
4804 1.69465e-06
4805 1.5996e-05
4806 3.66404e-05
4807 3.20821e-06
4808 3.12289e-08
4809 -1.46954e-09
4810 -4.45499e-08
4811 3.10086e-07
4812 -6.70183e-09
4813 2.72091e-07
4814 -4.56747e-07
4815 -1.12265e-07
4816 2.41557e-07
4817 1.37495e-06
4818 -1.11724e-08
4819 -6.91804e-07
4820 1.08863e-05
4821 8.92191e-06
4822 2.90032e-05
4823 -2.59763e-06
4824 4.77397e-06
4825 7.15112e-05
4826 5.41532e-08
4827 2.41237e-06
4828 -0
4829 4.54652e-06
4830 3.97805e-08
4831 1.70404e-06
4832 2.34407e-07
4833 3.95548e-06
4834 7.22878e-06
4835 1.86338e-06
4836 1.24859e-05
4837 4.34506e-09
4838 8.66983e-09
4839 -2.41157e-07
4840 -1.80866e-07
4841 6.94759e-05
4842 2.12906e-06
4843 3.66605e-07
4844 2.55208e-06
4845 1.98527e-06
4846 -4.47163e-07
4847 5.94776e-06
4848 3.47048e-08
4849 -2.89728e-07
4850 -5.88533e-08
4851 8.88828e-07
4852 -4.24549e-07
4853 1.60121e-07
4854 4.33901e-08
4855 8.31706e-06
4856 6.6317e-06
4857 3.54818e-06
4858 1.27228e-05
4859 -7.2748e-10
4860 5.84315e-06
4861 -2.33838e-05
4862 3.1962e-07
4863 2.37914e-06
4864 -6.71851e-06
4865 1.03119e-05
4866 9.18381e-07
4867 -7.22066e-07
4868 -1.03956e-05
4869 2.51704e-07
4870 3.4279e-07
4871 1.8406e-05
4872 -2.95217e-06
4873 3.97014e-06
4874 -2.81628e-05
4875 -2.24586e-06
4876 9.25501e-07
4877 5.74948e-07
4878 2.10963e-06
4879 3.60908e-05
4880 6.72853e-09
4881 1.50469e-05
4882 1.1242e-05
4883 6.34259e-06
4884 -9.35029e-07
4885 2.42183e-07
4886 -8.82113e-07
4887 3.50224e-05
4888 4.07083e-06
4889 7.20759e-06
4890 -1.55153e-07
4891 -1.1747e-05
4892 -8.8146e-08
4893 -9.17967e-06
4894 -9.12152e-06
4895 3.15808e-07
4896 2.78236e-05
4897 5.95265e-06
4898 9.54194e-06
4899 -1.14945e-05
4900 6.91645e-05
4901 -9.13038e-08
4902 -0
4903 1.84729e-08
4904 2.47337e-08
4905 4.58463e-05
4906 0.000182486
4907 1.27452e-06
4908 -3.25476e-07
4909 -9.30637e-07
4910 -1.68558e-06
4911 3.001e-06
4912 -1.94867e-07
4913 -2.18403e-05
4914 5.53308e-07
4915 -2.00743e-06
4916 2.36624e-08
4917 1.2168e-05
4918 -1.16274e-06
4919 -4.55878e-07
4920 -5.44028e-06
4921 1.26359e-05
4922 3.33057e-05
4923 -1.1518e-07
4924 1.01039e-06
4925 4.64989e-06
4926 4.78155e-05
4927 -8.01576e-06
4928 -3.29772e-08
4929 1.03895e-07
4930 -1.90355e-05
4931 6.75323e-08
4932 2.74883e-08
4933 2.98915e-06
4934 1.29918e-06
4935 7.57093e-07
4936 3.61523e-05
4937 2.38996e-06
4938 -9.20848e-07
4939 -3.12508e-07
4940 1.72086e-06
4941 2.86108e-07
4942 1.70035e-07
4943 -4.08084e-08
4944 4.20103e-06
4945 4.46153e-06
4946 1.98598e-06
4947 3.85251e-05
4948 -3.60404e-07
4949 -1.36891e-07
4950 1.07777e-06
4951 3.56413e-06
4952 3.89852e-06
4953 3.14843e-06
4954 -1.24407e-07
4955 6.78104e-08
4956 -1.70744e-08
4957 3.92192e-08
4958 -1.89996e-08
4959 1.60408e-07
4960 4.45282e-06
4961 0.000169121
4962 0.000511499
4963 0.000105308
4964 -3.50695e-06
4965 1.77057e-05
4966 -4.61263e-06
4967 7.67794e-06
4968 5.0826e-05
4969 5.70061e-05
4970 -2.06437e-07
4971 -1.05021e-07
4972 4.03275e-06
4973 -1.0047e-07
4974 -1.10475e-07
4975 -2.57533e-07
4976 1.68254e-05
4977 5.35404e-06
4978 2.99922e-06
4979 1.20386e-07
4980 -7.08157e-08
4981 -2.90716e-08
4982 4.26739e-07
4983 1.67562e-05
4984 3.81751e-07
4985 2.14708e-05
4986 1.988e-06
4987 -2.61242e-06
4988 -4.78062e-07
4989 3.27192e-05
4990 2.97287e-08
4991 -8.87954e-06
4992 -2.09666e-06
4993 5.58821e-07
4994 -1.48009e-08
4995 4.53929e-05
4996 -1.98606e-06
4997 2.73092e-07
4998 2.93472e-08
4999 4.88459e-06
5000 2.32927e-05
5001 -2.839e-07
5002 5.91639e-05
5003 3.9649e-06
5004 2.32863e-05
5005 3.37062e-06
5006 -4.44009e-07
5007 2.57038e-06
5008 1.04637e-06
5009 -3.00074e-06
5010 9.93859e-06
5011 3.01516e-06
5012 2.01704e-05
5013 8.57806e-06
5014 -1.26092e-08
5015 -3.88566e-09
5016 2.1679e-09
5017 -2.2671e-08
5018 -3.89084e-08
5019 2.46048e-05
5020 3.31443e-05
5021 -1.7275e-07
5022 4.4885e-06
5023 3.46813e-05
5024 4.04836e-07
5025 7.2547e-08
5026 8.55638e-08
5027 -6.83923e-08
5028 2.09273e-06
5029 1.47668e-06
5030 7.51405e-09
5031 6.47329e-06
5032 -3.83403e-07
5033 -6.34483e-07
5034 -1.10473e-06
5035 6.41168e-06
5036 9.33821e-07
5037 1.75446e-05
5038 6.99215e-08
5039 5.99951e-07
5040 -6.62413e-07
5041 2.48426e-08
5042 3.37053e-07
5043 -1.50703e-08
5044 8.39671e-06
5045 -7.04539e-08
5046 3.23847e-07
5047 6.77962e-07
5048 1.64156e-05
5049 1.4734e-05
5050 1.71787e-05
5051 -3.68358e-06
5052 9.4695e-06
5053 1.14603e-07
5054 -1.5712e-08
5055 1.75618e-06
5056 8.08622e-07
5057 1.50906e-07
5058 -2.19203e-06
5059 -4.29784e-07
5060 7.44082e-07
5061 3.60556e-07
5062 1.35699e-05
5063 -5.38469e-07
5064 7.24707e-06
5065 1.04401e-05
5066 5.21272e-06
5067 4.27005e-08
5068 6.14012e-07
5069 2.74714e-06
5070 -2.38076e-08
5071 7.14722e-05
5072 1.51025e-07
5073 2.60207e-06
5074 -3.15549e-07
5075 1.54772e-07
5076 4.29105e-07
5077 4.13403e-06
5078 1.05429e-06
5079 -8.84347e-07
5080 4.15302e-05
5081 -1.45139e-07
5082 -9.3409e-07
5083 4.38895e-07
5084 -1.42986e-07
5085 -5.50175e-06
5086 -7.19194e-07
5087 0.000118231
5088 2.21442e-06
5089 -1.80083e-07
5090 7.23579e-06
5091 1.24911e-05
5092 -5.09979e-06
5093 1.70989e-06
5094 -1.14432e-07
5095 1.74925e-07
5096 5.95985e-08
5097 1.61287e-06
5098 -5.70827e-08
5099 4.33114e-07
5100 3.16633e-05
5101 1.78763e-07
5102 7.15238e-08
5103 1.65445e-06
5104 -8.17636e-06
5105 9.1382e-08
5106 3.723e-08
5107 7.45769e-07
5108 2.43265e-06
5109 5.32163e-05
5110 5.72545e-07
5111 -4.82359e-06
5112 1.3287e-06
5113 9.66962e-07
5114 1.73766e-06
5115 -8.51905e-07
5116 -5.13501e-07
5117 -3.02701e-06
5118 2.71795e-08
5119 3.88517e-08
5120 4.63051e-08
5121 -8.42687e-07
5122 5.12631e-07
5123 9.53229e-07
5124 2.14988e-08
5125 8.99565e-07
5126 5.5327e-07
5127 7.16053e-05
5128 9.02938e-05
5129 0.000117542
5130 1.10404e-05
5131 0.000556554
5132 0.000146485
5133 0.000335175
5134 0.00049533
5135 2.36096e-07
5136 2.35941e-07
5137 5.0414e-05
5138 5.82862e-05
5139 9.66415e-08
5140 5.85309e-06
