type vector
size 5141
values
0 9.27708e-08
1 -1.91952e-07
2 -1.08009e-07
3 -1.20757e-07
4 -6.69391e-07
5 -2.62979e-08
6 1.20941e-07
7 -1.60315e-07
8 1.32058e-07
9 3.26329e-07
10 1.26802e-07
11 -2.6892e-07
12 7.08955e-08
13 6.2362e-09
14 6.91028e-09
15 -5.52097e-08
16 -9.54481e-08
17 1.28005e-08
18 -1.34804e-07
19 1.43109e-08
20 1.24056e-07
21 1.22953e-07
22 5.79196e-08
23 -2.54197e-08
24 3.73129e-07
25 3.03987e-07
26 3.50621e-07
27 -2.98629e-07
28 5.26312e-07
29 -2.09063e-08
30 -1.08244e-07
31 -3.9491e-07
32 3.22915e-07
33 -1.73081e-07
34 -2.06689e-07
35 6.58755e-07
36 7.75299e-09
37 7.69862e-10
38 2.17677e-10
39 5.98701e-11
40 1.76994e-09
41 -1.34899e-09
42 7.29167e-10
43 -1.52716e-09
44 -1.32878e-08
45 -7.94213e-10
46 -2.33063e-09
47 8.56721e-09
48 6.88974e-09
49 1.07638e-08
50 1.20068e-10
51 -1.3178e-09
52 -9.31244e-10
53 6.85288e-10
54 6.97118e-10
55 9.55803e-09
56 1.20101e-10
57 5.60614e-08
58 7.05143e-10
59 -4.2937e-10
60 4.73488e-09
61 7.22079e-09
62 3.53268e-09
63 -1.01066e-08
64 1.78487e-09
65 -8.69402e-09
66 2.81284e-08
67 1.58145e-09
68 -3.23467e-09
69 -3.98799e-10
70 2.23758e-10
71 1.19572e-10
72 1.27206e-08
73 1.48263e-08
74 1.30466e-09
75 3.46526e-09
76 5.80019e-09
77 -5.86718e-10
78 6.76769e-09
79 -1.71498e-08
80 1.90515e-09
81 8.07896e-10
82 2.69936e-10
83 -3.46959e-12
84 -2.8142e-08
85 -1.96642e-10
86 1.27828e-09
87 -9.55186e-10
88 1.14641e-09
89 -2.30566e-08
90 5.12974e-08
91 -6.52935e-09
92 -1.19018e-10
93 -8.20068e-11
94 -8.79986e-09
95 -8.35018e-10
96 2.69973e-09
97 -6.28066e-10
98 6.48868e-10
99 -1.47746e-09
100 -7.1885e-11
101 -2.67062e-09
102 2.82037e-08
103 1.2961e-09
104 1.42548e-09
105 -2.03039e-09
106 1.29597e-09
107 -1.05757e-08
108 -2.83064e-09
109 -7.61001e-09
110 3.11201e-09
111 1.49406e-09
112 3.36041e-10
113 -7.31726e-10
114 -5.43689e-09
115 -3.50504e-11
116 5.53421e-09
117 3.60125e-09
118 5.77509e-11
119 -4.24121e-09
120 9.34722e-09
121 -5.69802e-09
122 -7.03045e-10
123 -6.82439e-10
124 -1.98283e-08
125 2.00752e-08
126 -5.18206e-09
127 -2.46151e-09
128 1.10238e-08
129 2.89703e-09
130 2.72023e-10
131 2.35176e-08
132 2.13878e-11
133 -1.70449e-09
134 1.33043e-08
135 -1.89276e-08
136 -2.74184e-09
137 -2.78897e-08
138 6.59811e-10
139 -2.50705e-08
140 5.61526e-08
141 4.4069e-09
142 -6.05182e-10
143 -1.64567e-09
144 2.06459e-09
145 4.00051e-09
146 -9.42195e-10
147 -2.94329e-09
148 -2.87405e-09
149 -8.56051e-09
150 4.78113e-10
151 -1.25744e-09
152 -4.8975e-09
153 -1.13918e-08
154 3.24031e-09
155 -7.48327e-09
156 -6.7883e-09
157 1.63675e-08
158 -9.42736e-09
159 -4.53677e-09
160 3.86285e-08
161 -4.50981e-08
162 4.51264e-09
163 -1.9337e-09
164 1.54829e-08
165 -1.12946e-08
166 -1.89135e-08
167 5.65117e-09
168 1.34657e-09
169 1.82712e-08
170 -1.89833e-09
171 -3.3487e-09
172 -4.68829e-10
173 1.78014e-10
174 -7.70439e-09
175 5.45973e-10
176 -2.02597e-08
177 7.91243e-09
178 1.45236e-08
179 3.17909e-08
180 -5.53735e-09
181 -1.29159e-08
182 2.8363e-09
183 4.11062e-11
184 4.28196e-09
185 2.02193e-09
186 -1.40286e-08
187 -2.35062e-08
188 -3.0832e-09
189 8.44998e-10
190 7.95825e-09
191 -6.64806e-09
192 1.06148e-08
193 -1.1823e-08
194 -1.02655e-08
195 6.18091e-09
196 5.77101e-09
197 -5.29843e-09
198 -1.12063e-09
199 -9.63068e-09
200 -2.26886e-10
201 -4.50098e-09
202 6.70992e-09
203 7.69087e-09
204 2.26678e-09
205 -1.94551e-08
206 -8.13687e-08
207 -2.02074e-08
208 -7.49552e-10
209 1.04149e-08
210 -2.50748e-09
211 -4.88139e-08
212 -4.43305e-09
213 2.12856e-10
214 1.31875e-08
215 8.08716e-09
216 5.38326e-09
217 8.05413e-08
218 4.94162e-09
219 3.58723e-08
220 6.52429e-10
221 -5.24828e-09
222 -7.15497e-11
223 3.07755e-09
224 1.17848e-08
225 -6.48364e-10
226 1.88724e-09
227 -3.18134e-10
228 4.82028e-08
229 -1.24863e-09
230 4.1392e-09
231 1.69441e-09
232 -3.08636e-10
233 1.7271e-09
234 1.30293e-09
235 5.78284e-09
236 1.0229e-07
237 -3.75939e-09
238 -6.57787e-10
239 7.03907e-09
240 -1.83972e-10
241 1.30179e-08
242 1.46968e-09
243 3.39508e-09
244 1.17078e-11
245 5.51318e-10
246 -5.17245e-09
247 -1.50595e-09
248 -2.10793e-09
249 1.3175e-08
250 6.86594e-09
251 1.33435e-09
252 6.54061e-09
253 -1.73217e-09
254 -1.12088e-08
255 1.51432e-08
256 -2.09574e-10
257 6.20443e-08
258 -9.68317e-08
259 2.77915e-09
260 8.55318e-08
261 -1.47735e-09
262 9.67507e-10
263 -9.45458e-10
264 9.11191e-11
265 -7.64754e-10
266 2.94476e-09
267 -3.81385e-10
268 1.0475e-09
269 3.90509e-09
270 1.49421e-09
271 -1.25546e-09
272 -1.42639e-08
273 -1.03123e-09
274 -1.06755e-09
275 1.49138e-09
276 6.96039e-10
277 6.96097e-09
278 7.58497e-10
279 6.37501e-10
280 1.05112e-08
281 2.41998e-09
282 -9.21881e-10
283 -1.52876e-08
284 1.61502e-08
285 1.18156e-08
286 3.14716e-09
287 1.43426e-09
288 1.91789e-09
289 7.50036e-10
290 -1.4683e-07
291 -3.73039e-08
292 -2.65226e-08
293 9.55036e-08
294 -2.6041e-10
295 1.95231e-09
296 4.84164e-08
297 -1.16096e-07
298 -2.86415e-09
299 1.59968e-09
300 -6.75453e-10
301 -1.32314e-09
302 -3.6575e-10
303 7.06064e-10
304 -5.13642e-08
305 -1.33626e-09
306 -2.25368e-09
307 6.72048e-10
308 1.19466e-09
309 1.02227e-08
310 3.42128e-09
311 2.84943e-09
312 -1.17469e-08
313 9.03438e-08
314 7.0107e-08
315 -2.60764e-09
316 6.22336e-09
317 5.04124e-08
318 -6.6112e-08
319 5.11323e-09
320 1.88068e-09
321 -1.087e-09
322 2.84407e-09
323 5.84758e-09
324 -2.02459e-08
325 4.20597e-09
326 9.83898e-10
327 1.17434e-08
328 1.55225e-10
329 1.90577e-09
330 1.55933e-08
331 2.00527e-09
332 1.2405e-10
333 1.45779e-09
334 -1.79278e-09
335 -6.86827e-08
336 -4.43168e-12
337 4.72508e-09
338 -9.23994e-09
339 5.08965e-09
340 1.16776e-09
341 -2.43643e-07
342 4.22242e-08
343 -1.25502e-09
344 1.92799e-08
345 4.45027e-10
346 -3.57408e-09
347 1.39084e-06
348 4.8053e-10
349 -1.99704e-09
350 2.75466e-09
351 -1.92465e-07
352 5.4246e-08
353 9.4225e-08
354 4.85931e-08
355 2.18932e-07
356 3.12152e-07
357 -6.09077e-08
358 4.00831e-08
359 -1.81662e-07
360 -1.03596e-07
361 2.25031e-07
362 -7.27128e-07
363 5.36135e-09
364 0
365 -1.35518e-07
366 2.51643e-07
367 -1.10944e-07
368 -2.32139e-13
369 -1.39438e-08
370 -1.99897e-07
371 -4.28274e-06
372 3.99413e-08
373 1.94444e-08
374 4.57955e-09
375 -7.10536e-07
376 1.33538e-07
377 -2.57502e-09
378 -5.95629e-13
379 -3.67771e-08
380 -4.45851e-08
381 5.26316e-10
382 3.91456e-09
383 -6.85236e-08
384 1.506e-08
385 2.23193e-08
386 -5.44789e-09
387 1.23836e-07
388 -4.89236e-08
389 1.39033e-09
390 1.55318e-07
391 -2.86202e-07
392 3.34432e-07
393 -4.57753e-07
394 2.67491e-08
395 4.73892e-09
396 -8.42487e-08
397 -6.83675e-09
398 6.53845e-07
399 -5.63487e-07
400 -3.00539e-09
401 6.34479e-10
402 2.81915e-09
403 -1.94826e-09
404 -7.67093e-10
405 -1.1299e-09
406 1.38895e-07
407 -4.41648e-08
408 5.63206e-08
409 -1.0007e-07
410 7.17164e-08
411 -1.04094e-08
412 4.75741e-08
413 -9.22134e-08
414 -1.04562e-08
415 7.24055e-08
416 -3.55088e-08
417 -1.13234e-07
418 1.36932e-07
419 -5.61535e-08
420 2.00923e-08
421 4.92231e-09
422 -4.81542e-08
423 -1.46705e-07
424 6.24862e-09
425 -1.20186e-07
426 5.65699e-08
427 -9.78426e-09
428 -8.74075e-08
429 -4.08131e-08
430 4.03044e-08
431 6.14123e-09
432 -1.42098e-07
433 8.18127e-08
434 -1.0068e-07
435 1.07982e-07
436 5.18703e-08
437 -3.16902e-08
438 -9.06828e-10
439 -7.67007e-08
440 1.50018e-07
441 -3.90578e-08
442 -3.21306e-08
443 2.97292e-08
444 5.83747e-08
445 -9.80974e-08
446 2.52461e-08
447 6.08089e-08
448 -6.97512e-08
449 5.31957e-08
450 2.15838e-10
451 4.03829e-09
452 -2.64681e-08
453 8.11089e-08
454 3.32028e-08
455 -2.35696e-08
456 -1.72306e-08
457 -1.13738e-07
458 -1.32466e-09
459 9.45487e-10
460 -1.04908e-06
461 9.44947e-07
462 -4.49119e-08
463 1.32505e-07
464 0
465 3.45772e-08
466 4.01346e-08
467 2.29499e-10
468 -1.27252e-07
469 -4.0699e-07
470 4.27552e-08
471 3.30166e-07
472 -1.86224e-07
473 0
474 1.58567e-07
475 3.33202e-08
476 0
477 2.59452e-08
478 -1.44274e-07
479 -5.11287e-07
480 1.98144e-07
481 1.14893e-08
482 -1.53165e-09
483 -1.66894e-07
484 2.35465e-07
485 3.11488e-07
486 0
487 -1.8972e-07
488 1.1023e-07
489 -1.02364e-08
490 1.4168e-08
491 4.85701e-07
492 7.25361e-08
493 2.75444e-09
494 -7.05971e-09
495 2.88599e-08
496 3.07391e-08
497 -1.25578e-06
498 9.06251e-07
499 4.60781e-07
500 1.41321e-06
501 -2.44392e-07
502 7.20011e-08
503 1.47756e-07
504 1.97571e-07
505 4.84231e-06
506 -2.05147e-07
507 -4.10671e-07
508 3.30109e-07
509 6.32151e-07
510 1.67333e-07
511 -3.63918e-07
512 1.52669e-07
513 4.70772e-07
514 3.24246e-07
515 -3.21038e-07
516 8.52785e-08
517 -4.42699e-07
518 -4.80308e-07
519 2.66665e-08
520 -1.73928e-10
521 -5.1221e-08
522 1.19274e-08
523 1.73599e-09
524 -1.08826e-09
525 6.23682e-10
526 1.0913e-08
527 1.22031e-09
528 3.27383e-09
529 3.02707e-10
530 1.97103e-09
531 -3.01611e-09
532 -1.99698e-09
533 7.58071e-10
534 -7.32634e-10
535 2.17509e-09
536 -3.91982e-10
537 6.00002e-10
538 -6.27708e-09
539 2.3613e-09
540 1.60782e-09
541 -8.1612e-09
542 -7.05705e-10
543 2.43485e-08
544 -2.3779e-09
545 -9.44279e-09
546 2.72823e-09
547 5.38348e-10
548 -2.40817e-08
549 -6.17785e-08
550 1.02954e-07
551 2.10554e-08
552 3.24807e-08
553 3.49755e-11
554 -4.249e-09
555 -1.0621e-09
556 7.30884e-08
557 2.48045e-10
558 1.31622e-08
559 -3.58749e-09
560 -8.77602e-10
561 4.59843e-10
562 6.91102e-08
563 -1.42863e-10
564 -9.11098e-11
565 -9.16435e-09
566 2.57038e-09
567 1.00251e-08
568 6.3313e-10
569 5.58328e-11
570 -3.4502e-09
571 9.99312e-10
572 -3.05763e-08
573 4.49367e-09
574 2.06864e-09
575 1.18285e-09
576 1.80687e-09
577 1.46356e-08
578 1.49347e-08
579 1.9382e-09
580 -4.33042e-10
581 7.77223e-10
582 1.79811e-09
583 2.67305e-09
584 3.65183e-09
585 -5.95918e-10
586 9.52658e-10
587 -1.35702e-09
588 -1.18836e-08
589 -8.98041e-09
590 7.55551e-09
591 7.11736e-11
592 1.35166e-09
593 1.54971e-09
594 4.42348e-09
595 1.34846e-09
596 2.31278e-08
597 -5.27562e-09
598 -1.09761e-09
599 -3.70483e-10
600 1.20705e-11
601 1.55097e-11
602 4.80308e-09
603 4.87373e-10
604 2.39557e-09
605 1.28598e-09
606 1.63672e-09
607 1.93489e-09
608 1.99409e-10
609 7.16624e-09
610 -1.83546e-08
611 5.46291e-09
612 2.29965e-09
613 -5.24901e-10
614 3.23074e-10
615 1.15984e-09
616 -2.05274e-08
617 -7.38272e-10
618 2.29799e-10
619 -1.51273e-08
620 2.01727e-09
621 2.68351e-09
622 -6.35652e-10
623 8.66981e-10
624 1.38167e-10
625 1.10753e-09
626 1.12012e-08
627 2.16397e-09
628 2.98994e-09
629 9.97244e-09
630 -1.60757e-09
631 6.03955e-10
632 -3.29052e-09
633 5.07329e-08
634 2.91298e-08
635 3.88133e-08
636 3.25587e-10
637 2.39301e-09
638 -5.25456e-09
639 -1.36941e-09
640 8.95113e-09
641 -2.91878e-08
642 -2.46481e-08
643 -2.37076e-07
644 1.05574e-08
645 8.81581e-09
646 3.20622e-07
647 7.96766e-09
648 -7.70376e-10
649 -1.60888e-09
650 1.69791e-08
651 1.09459e-07
652 1.41364e-09
653 -2.28061e-10
654 7.90511e-08
655 -3.45006e-10
656 1.81996e-08
657 -2.34115e-08
658 2.42598e-09
659 -7.70282e-10
660 5.16354e-10
661 -8.67797e-08
662 -1.76324e-09
663 -1.07506e-08
664 3.53293e-08
665 1.51429e-09
666 -2.45072e-09
667 -5.22921e-09
668 3.66013e-09
669 -2.17783e-08
670 -1.07129e-09
671 2.12907e-09
672 1.48391e-08
673 2.07365e-08
674 -5.79766e-09
675 3.11724e-09
676 -1.11685e-09
677 4.40532e-11
678 1.85951e-09
679 4.60378e-09
680 1.30325e-08
681 6.42517e-10
682 1.02024e-08
683 9.09803e-10
684 7.47839e-11
685 5.90026e-09
686 -2.76446e-09
687 -1.16937e-09
688 1.13778e-08
689 -5.68263e-10
690 4.36944e-09
691 1.59152e-09
692 -6.49572e-11
693 5.11988e-07
694 1.9887e-09
695 2.84373e-09
696 -3.74129e-09
697 -1.94916e-09
698 6.67524e-10
699 1.51973e-08
700 2.82627e-09
701 -1.55758e-08
702 1.19953e-09
703 -1.87888e-09
704 1.30772e-09
705 3.02304e-09
706 -1.3227e-09
707 6.10308e-09
708 1.41066e-08
709 -6.30476e-10
710 -6.50957e-10
711 3.85427e-11
712 7.45173e-09
713 7.41251e-10
714 -2.4348e-10
715 -2.81232e-11
716 -1.51981e-11
717 7.66441e-08
718 -7.94409e-09
719 5.80595e-09
720 -1.17022e-10
721 7.86495e-09
722 -1.341e-09
723 2.07679e-08
724 -2.61021e-10
725 7.64081e-10
726 1.70926e-09
727 8.76888e-08
728 8.41058e-10
729 -8.76166e-10
730 8.78741e-09
731 -9.45461e-11
732 3.61804e-09
733 1.31108e-08
734 1.00014e-09
735 -6.6098e-10
736 -5.13859e-10
737 8.10758e-10
738 2.48678e-08
739 -2.73825e-08
740 1.51939e-09
741 -1.55656e-08
742 1.23881e-09
743 -2.41327e-10
744 -1.45932e-09
745 -1.51301e-09
746 3.31285e-09
747 1.28192e-07
748 2.84543e-10
749 5.75881e-10
750 -3.83859e-08
751 -9.4177e-10
752 -2.75887e-11
753 8.24096e-10
754 -5.66442e-09
755 -7.55961e-10
756 6.1894e-09
757 1.42086e-09
758 6.59804e-09
759 7.68099e-11
760 1.9607e-09
761 -2.08882e-10
762 2.22131e-08
763 5.37492e-09
764 2.31211e-08
765 -6.52367e-09
766 -1.38351e-09
767 -2.45409e-09
768 3.58111e-08
769 -9.06174e-10
770 -2.60205e-09
771 3.62835e-09
772 -3.43328e-09
773 1.64273e-09
774 -8.02134e-10
775 -1.38516e-09
776 3.41816e-09
777 3.752e-09
778 -7.54779e-09
779 6.94458e-08
780 -6.25683e-09
781 7.68518e-09
782 -1.2441e-08
783 1.7571e-08
784 4.71538e-10
785 -2.09662e-09
786 4.04565e-10
787 -1.44458e-09
788 4.35797e-09
789 -2.51704e-08
790 3.71802e-09
791 2.55747e-08
792 5.54328e-09
793 6.77614e-10
794 -1.58958e-09
795 -1.26392e-10
796 2.03239e-08
797 8.70632e-10
798 3.68683e-09
799 2.31558e-09
800 5.79749e-09
801 6.52334e-09
802 -2.60727e-09
803 1.82684e-09
804 9.20341e-09
805 -5.61504e-09
806 6.03123e-10
807 -4.70376e-10
808 -6.94152e-09
809 2.66129e-08
810 -4.93091e-08
811 -5.40048e-09
812 8.61343e-09
813 7.27907e-09
814 1.85802e-09
815 3.42314e-09
816 -1.9752e-10
817 -1.28694e-09
818 -1.94173e-09
819 1.78111e-09
820 1.14337e-09
821 -5.99106e-09
822 -6.41505e-10
823 8.20372e-10
824 2.84399e-10
825 -4.5358e-10
826 4.57264e-09
827 -1.97083e-08
828 2.35482e-09
829 1.15542e-08
830 -7.48909e-10
831 3.72026e-09
832 -2.91741e-09
833 3.06795e-09
834 -1.22537e-09
835 2.00436e-09
836 9.75366e-09
837 -4.39663e-08
838 2.08175e-09
839 -6.11171e-11
840 5.91758e-10
841 4.41002e-10
842 2.43872e-08
843 1.07218e-09
844 1.53108e-08
845 -1.36761e-08
846 1.45899e-09
847 -1.00855e-09
848 7.50814e-09
849 -5.32293e-08
850 -1.76769e-11
851 8.08254e-10
852 1.84506e-09
853 -1.18042e-10
854 1.99166e-08
855 1.41611e-08
856 1.50495e-09
857 9.45462e-10
858 -6.43137e-11
859 -6.74529e-10
860 6.25047e-09
861 2.82787e-10
862 -8.42022e-10
863 3.79608e-11
864 -1.26071e-09
865 1.54663e-09
866 -1.00662e-09
867 9.33495e-10
868 -1.58478e-10
869 -2.3493e-10
870 -2.82185e-12
871 1.24998e-09
872 -4.61465e-09
873 -1.53801e-09
874 2.95801e-10
875 1.89326e-09
876 -5.51833e-08
877 2.66867e-08
878 2.99278e-10
879 -1.21202e-09
880 2.51218e-10
881 1.02217e-10
882 -1.81016e-09
883 -2.79237e-10
884 1.45306e-10
885 1.20739e-10
886 2.22075e-09
887 4.63075e-10
888 4.69064e-10
889 -1.96907e-09
890 -6.40607e-10
891 8.43102e-10
892 -6.15926e-10
893 8.00864e-10
894 4.09397e-10
895 4.04476e-11
896 -3.41427e-11
897 1.04676e-09
898 8.24536e-10
899 1.32056e-09
900 7.18148e-10
901 1.90407e-10
902 -1.1587e-09
903 8.38162e-11
904 -8.3039e-10
905 -3.49363e-11
906 3.63137e-11
907 3.87172e-11
908 2.45741e-10
909 2.74203e-11
910 3.93608e-09
911 6.79455e-10
912 1.09001e-09
913 5.3485e-10
914 -1.04945e-10
915 4.60233e-10
916 1.14559e-09
917 7.42394e-10
918 8.97932e-10
919 -3.17786e-09
920 -3.30944e-09
921 5.53664e-09
922 1.77723e-08
923 2.76813e-09
924 -1.35692e-09
925 -1.36924e-09
926 6.01847e-09
927 3.64242e-09
928 -3.94666e-10
929 1.34199e-10
930 2.53776e-10
931 3.06304e-11
932 2.74985e-09
933 1.69238e-10
934 -5.75719e-08
935 2.53053e-09
936 -4.04411e-10
937 -4.88001e-09
938 2.47342e-09
939 1.74957e-09
940 1.02176e-09
941 2.55713e-10
942 1.57052e-09
943 -9.36504e-09
944 -5.1638e-08
945 5.4742e-10
946 1.079e-09
947 -1.80361e-10
948 -1.29734e-09
949 -3.20753e-09
950 -4.36312e-09
951 -4.94957e-09
952 2.28898e-09
953 5.29193e-10
954 2.70563e-11
955 1.62589e-10
956 -4.68813e-10
957 -3.62758e-11
958 3.14173e-11
959 4.8119e-08
960 2.33361e-08
961 2.38753e-09
962 1.19081e-09
963 -1.6603e-09
964 8.61617e-11
965 6.7234e-11
966 6.78637e-10
967 2.24012e-09
968 -2.3651e-10
969 -1.13712e-10
970 1.10475e-09
971 6.00177e-11
972 9.84002e-09
973 3.84501e-08
974 -2.34568e-10
975 8.25897e-09
976 1.04857e-08
977 1.20665e-10
978 -6.7001e-12
979 -1.1135e-10
980 1.93024e-09
981 -2.80653e-08
982 -1.88482e-09
983 5.00192e-10
984 -2.76042e-10
985 -3.46149e-09
986 -4.48402e-10
987 1.57631e-09
988 3.94258e-10
989 -5.65158e-10
990 2.96083e-09
991 -1.76766e-09
992 7.03849e-10
993 -7.18283e-10
994 -2.03357e-10
995 2.36853e-09
996 6.59369e-09
997 -2.14026e-09
998 4.8426e-10
999 1.19806e-09
1000 1.21956e-09
1001 8.21502e-10
1002 5.27409e-10
1003 -1.75002e-09
1004 2.41762e-10
1005 -4.7091e-09
1006 4.57251e-08
1007 2.11206e-09
1008 7.50436e-10
1009 -1.91333e-09
1010 -3.74211e-10
1011 8.89913e-10
1012 -1.48908e-09
1013 6.01451e-10
1014 1.64195e-10
1015 -5.00568e-08
1016 1.99257e-08
1017 1.36795e-09
1018 7.22394e-10
1019 5.06627e-11
1020 6.58798e-10
1021 -1.77276e-09
1022 -3.51837e-10
1023 5.33546e-09
1024 3.23889e-10
1025 -5.12666e-10
1026 -1.58671e-10
1027 1.54727e-09
1028 6.20659e-10
1029 2.91674e-10
1030 -1.88474e-09
1031 1.75493e-09
1032 4.10792e-09
1033 8.82554e-11
1034 -5.35431e-10
1035 -7.12582e-10
1036 1.42992e-09
1037 -1.73567e-10
1038 3.71999e-11
1039 1.78293e-10
1040 8.77009e-10
1041 5.72677e-09
1042 9.34987e-10
1043 -3.50227e-09
1044 -7.18787e-10
1045 2.31399e-10
1046 7.25465e-10
1047 -1.06419e-09
1048 -1.24066e-09
1049 2.88072e-09
1050 5.39191e-10
1051 1.09706e-09
1052 -1.5979e-09
1053 4.45249e-10
1054 1.48804e-10
1055 4.24758e-10
1056 -1.92794e-10
1057 8.76071e-09
1058 7.97139e-10
1059 -3.17952e-09
1060 2.43368e-09
1061 -2.7259e-10
1062 3.76538e-10
1063 -1.03013e-09
1064 2.10283e-11
1065 -1.28497e-10
1066 -1.82968e-09
1067 1.54684e-09
1068 7.13399e-10
1069 6.56669e-11
1070 -5.68502e-11
1071 -6.69716e-10
1072 -2.77618e-10
1073 5.37534e-09
1074 -1.04264e-09
1075 1.32547e-08
1076 4.24909e-09
1077 -3.38259e-09
1078 1.25147e-08
1079 1.13718e-08
1080 2.1637e-09
1081 -1.98641e-08
1082 -2.80302e-08
1083 2.62167e-08
1084 -4.16434e-09
1085 2.54791e-08
1086 -3.10738e-08
1087 -2.53035e-11
1088 1.36519e-08
1089 1.30336e-08
1090 -1.72358e-08
1091 -7.66246e-09
1092 5.86609e-09
1093 1.75377e-08
1094 -1.70899e-08
1095 -1.9489e-09
1096 1.57381e-08
1097 1.21939e-09
1098 1.9723e-10
1099 3.48911e-09
1100 -2.22059e-09
1101 2.05135e-09
1102 2.5155e-09
1103 -1.2004e-10
1104 5.50639e-10
1105 -1.33438e-10
1106 -7.68341e-09
1107 4.74885e-08
1108 -8.44508e-09
1109 8.37372e-10
1110 -1.1436e-09
1111 3.3239e-09
1112 -6.39039e-10
1113 8.92669e-10
1114 -4.03935e-08
1115 1.98682e-08
1116 3.19128e-10
1117 -1.33408e-09
1118 2.18197e-09
1119 -1.6313e-08
1120 1.28523e-10
1121 -1.50763e-10
1122 1.46344e-09
1123 5.05475e-10
1124 -6.88207e-11
1125 -8.72983e-09
1126 1.45831e-08
1127 1.00713e-08
1128 -1.9796e-08
1129 4.023e-09
1130 8.56702e-11
1131 4.30032e-10
1132 -3.19839e-09
1133 8.03726e-11
1134 -6.43882e-10
1135 -1.32848e-11
1136 -6.11318e-09
1137 -6.11318e-09
1138 -1.87096e-09
1139 -8.84891e-09
1140 1.35231e-08
1141 -2.86093e-08
1142 2.3519e-08
1143 1.04159e-09
1144 6.1186e-10
1145 2.66857e-09
1146 -1.34468e-10
1147 2.68535e-09
1148 1.71529e-08
1149 2.21477e-08
1150 3.10747e-08
1151 -7.31884e-09
1152 7.12827e-09
1153 -4.8698e-09
1154 -1.61565e-08
1155 8.10152e-09
1156 5.33631e-09
1157 6.50377e-09
1158 -8.4739e-09
1159 1.36086e-10
1160 -5.23209e-09
1161 -1.1564e-08
1162 -4.47534e-09
1163 4.28552e-09
1164 -4.51775e-09
1165 -2.15411e-10
1166 9.72675e-10
1167 3.16315e-08
1168 -1.19777e-08
1169 -9.36092e-09
1170 -1.57746e-08
1171 -1.86426e-08
1172 8.69794e-11
1173 8.47171e-09
1174 -1.45225e-09
1175 -1.80922e-09
1176 -1.93349e-09
1177 -1.87718e-09
1178 -4.85408e-09
1179 5.39171e-10
1180 9.58953e-10
1181 4.66896e-09
1182 -1.16227e-08
1183 -2.44648e-08
1184 -1.25967e-09
1185 4.63305e-08
1186 -6.46283e-08
1187 -1.80597e-09
1188 -3.4228e-09
1189 -6.97291e-08
1190 -4.53404e-09
1191 8.20456e-09
1192 -1.0057e-08
1193 -2.37343e-09
1194 3.49143e-08
1195 -8.72049e-09
1196 2.64809e-08
1197 5.61974e-10
1198 -1.95386e-08
1199 -2.02687e-10
1200 -2.37814e-09
1201 2.15919e-09
1202 -7.09272e-08
1203 3.3386e-07
1204 -2.05839e-08
1205 1.99348e-08
1206 -1.43276e-08
1207 -4.23377e-09
1208 -7.75183e-09
1209 -2.36919e-09
1210 -1.81174e-09
1211 1.99954e-08
1212 3.82712e-09
1213 -2.77921e-09
1214 4.43866e-09
1215 3.29244e-11
1216 1.35774e-09
1217 -8.49311e-09
1218 2.72707e-08
1219 -1.36993e-09
1220 4.35152e-09
1221 -4.6427e-09
1222 -2.74075e-08
1223 7.17737e-09
1224 2.24674e-08
1225 -4.10275e-09
1226 1.10219e-08
1227 -1.18281e-08
1228 1.19801e-08
1229 5.34704e-09
1230 -1.06248e-08
1231 1.79204e-08
1232 2.42792e-10
1233 -1.38879e-08
1234 1.65233e-09
1235 7.96388e-09
1236 -2.80364e-08
1237 -7.58828e-09
1238 3.87711e-09
1239 -8.52169e-10
1240 5.59468e-09
1241 -2.52858e-09
1242 7.72383e-09
1243 1.46394e-08
1244 -6.19515e-09
1245 -1.20206e-08
1246 1.42742e-08
1247 -4.94246e-09
1248 6.30553e-09
1249 3.11769e-08
1250 4.91181e-08
1251 5.56e-08
1252 -8.50522e-11
1253 2.44777e-09
1254 -1.71656e-09
1255 2.68042e-08
1256 2.06138e-08
1257 1.47427e-08
1258 -5.91109e-09
1259 -1.3836e-09
1260 -1.63932e-09
1261 4.0407e-09
1262 1.88299e-09
1263 7.85822e-10
1264 2.40945e-08
1265 1.05623e-08
1266 2.15074e-10
1267 4.86781e-10
1268 -1.7751e-09
1269 2.44469e-08
1270 -4.88847e-10
1271 -2.20877e-08
1272 1.06318e-08
1273 9.61522e-10
1274 8.62798e-09
1275 4.31036e-09
1276 -4.20134e-08
1277 4.28627e-08
1278 2.54527e-09
1279 -8.28235e-09
1280 3.55209e-09
1281 -1.67116e-08
1282 3.70533e-08
1283 -1.65151e-08
1284 -6.80539e-08
1285 1.20506e-08
1286 -3.7716e-08
1287 -1.29241e-08
1288 -2.54638e-09
1289 1.27507e-08
1290 -1.79813e-08
1291 1.42697e-08
1292 2.11019e-08
1293 -6.35061e-09
1294 2.13848e-08
1295 1.42449e-09
1296 -8.49011e-09
1297 1.02904e-08
1298 -6.16682e-09
1299 -5.06018e-10
1300 2.97216e-09
1301 1.2534e-08
1302 -1.25855e-09
1303 -6.52664e-10
1304 -7.02161e-10
1305 -3.28814e-09
1306 -7.2896e-09
1307 1.15217e-08
1308 -5.53224e-09
1309 -1.14444e-09
1310 1.19908e-09
1311 1.62989e-08
1312 1.09166e-09
1313 -3.49695e-08
1314 5.66965e-08
1315 -4.33155e-09
1316 -3.80132e-09
1317 -6.8694e-11
1318 8.29508e-09
1319 -1.80286e-09
1320 1.85351e-09
1321 6.74242e-09
1322 8.63245e-09
1323 6.45846e-09
1324 2.56089e-09
1325 -1.23501e-09
1326 -1.54176e-10
1327 -1.50727e-09
1328 -2.38353e-09
1329 -8.55833e-09
1330 -7.237e-09
1331 -3.69502e-09
1332 -1.6176e-08
1333 -7.13918e-09
1334 2.20258e-08
1335 3.0498e-10
1336 6.42751e-10
1337 -2.2371e-08
1338 5.97651e-09
1339 6.06734e-09
1340 1.88839e-09
1341 -1.12562e-09
1342 4.83306e-09
1343 2.93864e-09
1344 -1.18727e-08
1345 -1.08378e-08
1346 3.94324e-10
1347 -3.58544e-09
1348 -2.43761e-09
1349 3.8471e-09
1350 1.40685e-09
1351 -1.08912e-09
1352 9.42348e-08
1353 3.72966e-08
1354 5.11045e-10
1355 1.6621e-08
1356 2.28055e-09
1357 2.64486e-08
1358 -3.45506e-10
1359 2.46033e-10
1360 8.22556e-10
1361 2.37488e-09
1362 4.60322e-09
1363 -1.50179e-09
1364 -3.16746e-09
1365 -2.64114e-09
1366 -2.3777e-08
1367 -2.4645e-09
1368 -7.43489e-09
1369 -9.81979e-09
1370 2.78768e-08
1371 -3.50117e-08
1372 3.57481e-09
1373 4.07201e-09
1374 1.53866e-09
1375 5.21761e-09
1376 -1.07321e-09
1377 -8.11918e-10
1378 -2.66379e-09
1379 1.1885e-09
1380 2.52626e-09
1381 3.72705e-14
1382 -2.19127e-08
1383 2.54762e-08
1384 -1.79844e-08
1385 5.25201e-08
1386 -1.61834e-10
1387 1.04619e-08
1388 4.11717e-10
1389 1.18456e-09
1390 -2.2087e-09
1391 -1.74753e-09
1392 -6.93724e-09
1393 -4.487e-09
1394 -7.35042e-09
1395 1.03496e-08
1396 7.44827e-09
1397 -1.21561e-08
1398 9.82965e-10
1399 -2.61251e-09
1400 6.15279e-09
1401 -1.04363e-08
1402 2.37875e-10
1403 -2.18651e-08
1404 9.60209e-09
1405 1.39885e-08
1406 -1.11352e-08
1407 2.66011e-08
1408 -1.19615e-08
1409 7.5411e-09
1410 1.26e-08
1411 1.00976e-08
1412 6.27972e-09
1413 1.63316e-08
1414 3.77912e-08
1415 -1.06805e-09
1416 2.62552e-09
1417 1.82437e-08
1418 7.75836e-10
1419 -6.967e-10
1420 -1.75958e-08
1421 -8.55659e-09
1422 6.78756e-10
1423 -3.34714e-10
1424 -8.34165e-10
1425 1.38264e-08
1426 9.41723e-09
1427 1.9969e-08
1428 -3.17248e-08
1429 1.24828e-08
1430 -3.86044e-09
1431 1.95266e-08
1432 -3.97151e-08
1433 1.04731e-08
1434 -3.36692e-08
1435 -1.14817e-09
1436 -3.61872e-08
1437 -1.94626e-08
1438 4.27558e-09
1439 1.84538e-08
1440 -1.59849e-08
1441 9.96163e-09
1442 -3.82591e-09
1443 -3.33104e-09
1444 -6.01147e-09
1445 -4.99916e-09
1446 1.21962e-09
1447 1.07676e-09
1448 1.56055e-08
1449 -2.2071e-08
1450 2.24355e-09
1451 1.4234e-09
1452 -8.25379e-10
1453 -1.252e-08
1454 1.06001e-08
1455 5.18041e-09
1456 1.25199e-08
1457 -1.78199e-08
1458 -3.58053e-09
1459 1.69266e-08
1460 -1.94196e-10
1461 -4.42723e-09
1462 4.50685e-09
1463 -7.98927e-10
1464 1.96067e-10
1465 -8.53532e-10
1466 1.68368e-09
1467 8.82277e-09
1468 -9.55122e-09
1469 -2.28101e-08
1470 3.22683e-09
1471 -1.29037e-08
1472 -1.49385e-09
1473 1.08637e-08
1474 1.98298e-09
1475 -5.16101e-09
1476 -6.87828e-09
1477 -3.46774e-09
1478 -1.48841e-09
1479 2.03421e-08
1480 -2.41524e-08
1481 1.37789e-08
1482 -2.97978e-08
1483 -4.67997e-09
1484 8.58964e-10
1485 6.25708e-09
1486 1.59605e-08
1487 -4.42943e-08
1488 -1.94608e-08
1489 9.88294e-09
1490 -7.26716e-09
1491 3.62254e-09
1492 2.83243e-08
1493 -3.56046e-08
1494 8.14572e-09
1495 -1.03627e-08
1496 5.43921e-10
1497 -2.97576e-09
1498 7.65971e-10
1499 1.65269e-08
1500 2.64634e-08
1501 -5.69081e-08
1502 1.31934e-08
1503 -6.76943e-09
1504 -1.85743e-08
1505 -4.72446e-09
1506 2.45881e-10
1507 -9.62074e-10
1508 5.46529e-10
1509 -2.62962e-09
1510 8.98722e-09
1511 8.57583e-09
1512 7.39468e-09
1513 -3.09199e-09
1514 4.77281e-11
1515 5.82538e-09
1516 1.80967e-08
1517 -3.17368e-09
1518 -8.25066e-09
1519 -3.37192e-08
1520 7.14863e-09
1521 5.70114e-09
1522 7.99502e-10
1523 1.05521e-08
1524 2.77998e-09
1525 -2.18902e-09
1526 7.38737e-10
1527 -2.86366e-09
1528 -3.55541e-09
1529 2.28201e-10
1530 4.37249e-09
1531 -4.47445e-10
1532 2.59519e-10
1533 1.35338e-08
1534 -9.58293e-09
1535 -2.24162e-09
1536 4.73536e-09
1537 -4.01333e-09
1538 -1.16941e-09
1539 2.32352e-10
1540 -1.34962e-09
1541 -3.50771e-10
1542 -8.0226e-09
1543 1.15216e-08
1544 1.03281e-08
1545 1.84624e-08
1546 7.11621e-10
1547 4.32525e-09
1548 -9.21359e-09
1549 2.12062e-08
1550 1.5038e-08
1551 -4.53683e-11
1552 -7.93958e-10
1553 -3.72209e-09
1554 1.63299e-09
1555 -3.2598e-09
1556 1.40128e-08
1557 1.60617e-08
1558 -6.52067e-09
1559 1.71567e-08
1560 -2.36397e-08
1561 -2.91519e-09
1562 6.93039e-09
1563 9.94646e-10
1564 -1.94909e-09
1565 -2.11475e-08
1566 -2.37653e-08
1567 -1.61868e-08
1568 1.65183e-08
1569 1.22958e-08
1570 -1.24936e-08
1571 6.76236e-09
1572 -1.31816e-08
1573 8.78772e-10
1574 -6.48618e-10
1575 1.07139e-09
1576 -9.0962e-11
1577 -1.07311e-09
1578 3.53243e-09
1579 1.8294e-10
1580 1.25568e-09
1581 1.92992e-10
1582 1.08505e-08
1583 -2.74738e-08
1584 -1.43388e-09
1585 6.27672e-10
1586 3.34537e-09
1587 -1.58203e-09
1588 6.94611e-09
1589 8.13649e-09
1590 -1.86251e-08
1591 1.25513e-08
1592 7.33835e-09
1593 -1.30236e-09
1594 -2.0701e-09
1595 -7.85916e-09
1596 2.33037e-08
1597 -4.91508e-09
1598 -2.1145e-08
1599 1.58585e-08
1600 -1.95686e-08
1601 -1.68203e-09
1602 -1.80906e-08
1603 -2.91884e-09
1604 4.99666e-09
1605 -7.89374e-10
1606 5.68669e-09
1607 -4.17455e-08
1608 -6.94637e-08
1609 4.8036e-08
1610 -1.08614e-08
1611 7.78928e-09
1612 2.83625e-08
1613 -1.11669e-08
1614 9.10268e-10
1615 -3.8918e-08
1616 -5.83832e-10
1617 3.82755e-09
1618 -2.07784e-09
1619 4.27103e-08
1620 -1.99834e-08
1621 1.35832e-08
1622 -4.17118e-09
1623 5.17925e-09
1624 1.23281e-09
1625 -9.63495e-09
1626 -7.53736e-09
1627 -8.73902e-09
1628 2.46424e-08
1629 -1.18611e-08
1630 3.30262e-09
1631 -9.98089e-09
1632 1.01333e-08
1633 2.06692e-08
1634 -1.27038e-08
1635 1.57585e-08
1636 5.43918e-10
1637 7.72469e-09
1638 -1.98707e-09
1639 -1.46331e-08
1640 4.50847e-09
1641 -7.10791e-10
1642 6.18709e-09
1643 -1.15645e-09
1644 2.8341e-08
1645 -4.16092e-08
1646 -1.16311e-08
1647 1.50726e-09
1648 2.18366e-08
1649 7.94266e-10
1650 1.13956e-10
1651 -5.59474e-10
1652 1.65033e-08
1653 -4.57963e-08
1654 -1.63713e-09
1655 6.00079e-09
1656 1.16191e-08
1657 -5.65927e-09
1658 8.05699e-10
1659 1.41815e-08
1660 1.14082e-08
1661 1.13511e-10
1662 -5.31119e-09
1663 3.87092e-09
1664 -9.57139e-09
1665 8.89062e-09
1666 7.64051e-09
1667 -8.67909e-09
1668 -5.56437e-09
1669 -1.13418e-08
1670 -8.47986e-10
1671 5.8638e-09
1672 1.43767e-08
1673 -3.26165e-08
1674 9.73355e-10
1675 -4.53124e-10
1676 -6.53887e-11
1677 4.06843e-09
1678 -3.4621e-09
1679 7.0904e-09
1680 -1.57243e-08
1681 1.24938e-10
1682 1.95538e-09
1683 6.09728e-10
1684 1.46777e-14
1685 -1.31825e-08
1686 9.93784e-09
1687 -1.17599e-08
1688 1.27937e-09
1689 -2.10138e-08
1690 1.50413e-09
1691 1.86429e-08
1692 3.09026e-08
1693 -8.17466e-09
1694 1.24141e-08
1695 -3.69844e-08
1696 -6.85592e-10
1697 6.37002e-09
1698 3.53274e-09
1699 -3.73213e-10
1700 -5.86723e-09
1701 8.14392e-10
1702 -1.6797e-08
1703 3.7063e-08
1704 1.00287e-08
1705 1.3003e-11
1706 -8.97048e-09
1707 7.77032e-11
1708 2.97182e-09
1709 7.27068e-09
1710 -1.92167e-08
1711 1.80022e-08
1712 -2.27938e-10
1713 1.62254e-08
1714 -2.94628e-08
1715 -1.85648e-09
1716 -8.97764e-10
1717 6.499e-09
1718 1.35117e-10
1719 -1.63341e-08
1720 1.91929e-08
1721 5.41924e-10
1722 2.08719e-08
1723 -1.6986e-08
1724 4.42708e-09
1725 1.50809e-10
1726 7.10995e-10
1727 -2.64451e-09
1728 5.08608e-08
1729 3.08931e-09
1730 1.65055e-09
1731 -1.06426e-08
1732 1.32045e-09
1733 1.11712e-08
1734 -2.0433e-08
1735 6.12786e-08
1736 -1.8576e-08
1737 -1.27078e-09
1738 -2.68381e-09
1739 6.79056e-09
1740 1.19672e-08
1741 -3.65654e-09
1742 -7.42931e-09
1743 -2.48552e-08
1744 -8.83375e-09
1745 1.67172e-08
1746 5.71883e-09
1747 3.94128e-09
1748 7.36412e-11
1749 1.58938e-08
1750 -1.96473e-08
1751 3.31039e-08
1752 4.02019e-09
1753 -2.29461e-08
1754 -1.41591e-09
1755 -1.54446e-08
1756 8.64912e-09
1757 -7.79575e-09
1758 -1.59366e-08
1759 6.15348e-09
1760 -2.76745e-09
1761 -6.78201e-09
1762 -2.52623e-08
1763 1.19976e-08
1764 -2.58316e-08
1765 3.91221e-10
1766 5.88257e-09
1767 -5.10852e-09
1768 3.2223e-09
1769 -2.2984e-08
1770 4.95858e-09
1771 -2.11434e-08
1772 4.58315e-08
1773 -4.04838e-08
1774 -1.68308e-08
1775 -2.12318e-08
1776 9.66224e-09
1777 -6.32956e-09
1778 -1.05897e-08
1779 -2.40997e-10
1780 7.81238e-10
1781 2.91981e-09
1782 -1.85572e-08
1783 -2.17434e-08
1784 2.1152e-08
1785 6.80404e-10
1786 -2.1205e-09
1787 2.30403e-08
1788 -3.10056e-08
1789 7.11574e-10
1790 2.01528e-08
1791 7.06126e-09
1792 -2.51881e-08
1793 1.15857e-08
1794 8.81206e-10
1795 2.81259e-09
1796 6.87217e-09
1797 -4.51831e-09
1798 2.24664e-08
1799 7.30489e-09
1800 3.44531e-09
1801 1.74977e-08
1802 -3.60766e-14
1803 -2.63344e-08
1804 -6.40955e-10
1805 9.52256e-10
1806 1.01355e-09
1807 -9.9145e-09
1808 4.64841e-09
1809 2.0161e-09
1810 -1.59386e-08
1811 1.54216e-08
1812 -1.1849e-08
1813 1.50811e-09
1814 3.25439e-10
1815 -4.0826e-09
1816 -2.26278e-08
1817 -1.61982e-10
1818 5.28445e-10
1819 4.03197e-09
1820 -4.77089e-09
1821 -1.43174e-08
1822 -1.30964e-08
1823 4.36536e-11
1824 2.08289e-08
1825 -1.31444e-08
1826 -1.69955e-09
1827 -3.88026e-08
1828 1.16568e-09
1829 5.72262e-10
1830 5.39199e-09
1831 2.07197e-08
1832 -6.33595e-09
1833 2.52139e-09
1834 -1.19871e-09
1835 1.3982e-08
1836 -1.74944e-08
1837 4.59783e-08
1838 -3.15099e-08
1839 -1.38103e-08
1840 1.47834e-08
1841 4.99345e-10
1842 2.04178e-08
1843 -1.39223e-08
1844 -4.98526e-09
1845 1.06289e-08
1846 -5.29683e-09
1847 -1.64551e-10
1848 3.07419e-09
1849 -1.4508e-09
1850 2.26389e-10
1851 -2.22561e-09
1852 -2.77185e-08
1853 5.66927e-08
1854 -8.1838e-09
1855 2.1781e-08
1856 1.70934e-11
1857 -1.85035e-10
1858 5.43771e-11
1859 -1.44762e-10
1860 1.37177e-09
1861 -4.62446e-10
1862 -1.43422e-09
1863 1.41705e-08
1864 -5.77134e-09
1865 -2.17111e-09
1866 -1.89716e-09
1867 5.86583e-11
1868 5.26967e-10
1869 2.4928e-09
1870 2.01929e-09
1871 -3.19153e-09
1872 2.58266e-08
1873 2.6342e-09
1874 -8.90564e-09
1875 1.83216e-08
1876 2.26694e-07
1877 5.61214e-09
1878 -6.29646e-09
1879 -2.25747e-08
1880 -2.82137e-09
1881 -2.16386e-08
1882 4.06607e-09
1883 1.57918e-09
1884 -2.49243e-08
1885 -2.59731e-09
1886 -1.47855e-09
1887 4.97291e-09
1888 -2.03035e-08
1889 -2.02127e-09
1890 1.14652e-10
1891 8.14796e-10
1892 1.55943e-08
1893 5.2068e-09
1894 -5.83948e-11
1895 1.34811e-09
1896 -1.87021e-08
1897 -1.24219e-10
1898 1.24596e-09
1899 3.99567e-09
1900 -2.82816e-09
1901 6.8269e-09
1902 -2.85898e-08
1903 1.51598e-08
1904 -1.16403e-08
1905 1.53532e-09
1906 -2.42182e-08
1907 -1.22789e-08
1908 -1.41185e-08
1909 4.08069e-08
1910 -2.40572e-08
1911 -2.79467e-08
1912 -6.13333e-09
1913 -7.40635e-10
1914 1.83132e-09
1915 1.25404e-09
1916 2.55736e-09
1917 -7.83243e-09
1918 1.68829e-08
1919 1.27561e-09
1920 3.60501e-08
1921 1.95362e-08
1922 -1.06808e-11
1923 -7.36092e-09
1924 4.40093e-08
1925 -1.68823e-09
1926 -2.14102e-09
1927 2.72782e-09
1928 -2.50612e-08
1929 1.02305e-08
1930 1.4942e-08
1931 6.89251e-09
1932 -1.08529e-10
1933 2.0931e-08
1934 -1.31619e-09
1935 -1.55889e-09
1936 -4.32382e-09
1937 2.63516e-08
1938 -5.84793e-10
1939 2.9591e-10
1940 1.4184e-09
1941 -7.93867e-10
1942 -6.05805e-09
1943 4.33198e-09
1944 -5.06817e-08
1945 2.36759e-08
1946 7.04053e-09
1947 2.74492e-08
1948 6.6942e-09
1949 6.78506e-09
1950 1.73566e-09
1951 -2.12837e-08
1952 -1.18228e-09
1953 -1.84016e-09
1954 -1.24173e-08
1955 -5.01729e-09
1956 1.67408e-08
1957 -3.58011e-10
1958 5.53002e-08
1959 1.9246e-09
1960 -9.06502e-09
1961 2.87065e-08
1962 -1.86811e-08
1963 -1.42172e-08
1964 3.19943e-08
1965 -6.32128e-09
1966 2.43603e-09
1967 -1.175e-09
1968 2.41534e-09
1969 -3.31391e-08
1970 -6.72117e-10
1971 7.75226e-09
1972 1.81002e-08
1973 4.23404e-09
1974 6.42622e-09
1975 -2.40079e-08
1976 1.8936e-08
1977 1.77828e-08
1978 -7.81405e-09
1979 -1.63504e-09
1980 -2.29106e-08
1981 -9.84474e-10
1982 1.06161e-08
1983 -2.3453e-08
1984 -1.41914e-08
1985 1.12387e-08
1986 2.18537e-08
1987 -1.79203e-08
1988 -6.46711e-09
1989 -4.02826e-09
1990 2.53694e-10
1991 6.02123e-09
1992 1.73638e-09
1993 -1.22564e-12
1994 1.39355e-08
1995 -1.3011e-08
1996 -4.98627e-09
1997 -1.48826e-08
1998 1.73578e-08
1999 -4.18059e-08
2000 -2.06722e-08
2001 4.51055e-08
2002 -1.99371e-08
2003 -1.83099e-08
2004 1.70536e-09
2005 -3.41224e-10
2006 -3.04175e-09
2007 -7.2107e-09
2008 5.92135e-09
2009 -3.5532e-09
2010 -1.11159e-08
2011 7.05174e-08
2012 8.36343e-09
2013 -1.4532e-08
2014 -6.94998e-11
2015 -4.9836e-10
2016 1.08038e-08
2017 -1.4138e-08
2018 -4.72576e-10
2019 1.77054e-09
2020 5.54336e-10
2021 -5.73665e-09
2022 2.43186e-08
2023 1.77478e-08
2024 -2.1745e-08
2025 1.76145e-09
2026 1.86129e-08
2027 -9.39501e-09
2028 -2.27221e-08
2029 1.44479e-08
2030 -2.25108e-08
2031 1.4218e-08
2032 -1.96645e-08
2033 -3.24123e-10
2034 -3.58841e-09
2035 3.20732e-09
2036 -1.25524e-08
2037 3.97617e-08
2038 6.15315e-09
2039 1.90394e-08
2040 4.63249e-09
2041 2.24316e-08
2042 -1.01734e-08
2043 1.49725e-08
2044 -9.28865e-10
2045 -4.60261e-09
2046 -1.89524e-09
2047 -8.00988e-09
2048 -2.24106e-08
2049 1.76063e-08
2050 1.0144e-08
2051 -2.53948e-08
2052 5.48999e-15
2053 -3.36027e-08
2054 -7.49386e-11
2055 1.43322e-09
2056 8.40691e-08
2057 -1.57381e-08
2058 1.38243e-08
2059 9.074e-09
2060 -1.1474e-08
2061 9.69662e-09
2062 -6.25441e-09
2063 1.72699e-09
2064 6.31783e-10
2065 -3.68767e-09
2066 4.68294e-10
2067 4.65308e-09
2068 -1.55125e-08
2069 7.53995e-10
2070 8.18486e-09
2071 -1.31504e-08
2072 1.50771e-09
2073 1.19093e-09
2074 4.49414e-08
2075 -1.30276e-09
2076 1.39943e-09
2077 -2.99618e-08
2078 6.23544e-08
2079 -6.59822e-10
2080 -1.4082e-09
2081 2.85681e-09
2082 1.17432e-07
2083 -9.54473e-08
2084 -4.41344e-09
2085 6.81641e-08
2086 -6.02565e-10
2087 -5.35204e-08
2088 1.46474e-08
2089 -5.058e-10
2090 2.068e-09
2091 -4.02449e-09
2092 1.38869e-09
2093 5.48389e-10
2094 1.1821e-09
2095 1.01424e-09
2096 1.25087e-10
2097 2.20469e-08
2098 2.54904e-09
2099 1.6875e-09
2100 -3.1828e-10
2101 6.73951e-10
2102 5.4514e-10
2103 6.98839e-10
2104 1.62279e-10
2105 1.51605e-10
2106 -1.18341e-09
2107 3.02014e-09
2108 -2.74452e-09
2109 1.35741e-08
2110 0
2111 2.38699e-08
2112 5.64008e-09
2113 1.61465e-09
2114 2.34081e-09
2115 1.95192e-08
2116 2.45849e-09
2117 6.67025e-08
2118 -3.30157e-10
2119 -1.91823e-09
2120 -1.87827e-09
2121 8.96797e-10
2122 3.06244e-09
2123 1.32345e-10
2124 1.10933e-09
2125 -2.44125e-09
2126 0
2127 -2.25497e-08
2128 -8.16817e-08
2129 1.57779e-09
2130 1.19465e-09
2131 -4.87878e-08
2132 0
2133 -2.55457e-10
2134 1.20196e-09
2135 1.35469e-09
2136 -1.03067e-10
2137 1.95061e-09
2138 -1.46711e-09
2139 5.00542e-08
2140 -6.00916e-08
2141 -8.06059e-09
2142 2.28271e-08
2143 1.01479e-09
2144 -2.0328e-08
2145 -5.19588e-08
2146 -9.84569e-10
2147 1.01747e-09
2148 -3.79419e-10
2149 -8.25228e-10
2150 -3.80248e-08
2151 4.63463e-10
2152 1.50237e-10
2153 -9.37351e-10
2154 7.4661e-10
2155 -3.65192e-09
2156 2.67435e-09
2157 -7.53984e-10
2158 1.62231e-08
2159 -7.93515e-08
2160 5.7221e-09
2161 1.00382e-09
2162 8.29011e-09
2163 -3.92279e-09
2164 -1.45215e-09
2165 -1.52985e-08
2166 -1.07054e-08
2167 -1.63366e-09
2168 4.62086e-09
2169 -4.2854e-09
2170 1.12201e-09
2171 -4.10674e-09
2172 1.89433e-09
2173 -2.37644e-09
2174 1.57348e-08
2175 1.67931e-10
2176 3.7532e-09
2177 1.71868e-09
2178 5.4398e-10
2179 -7.97611e-10
2180 1.73105e-09
2181 -1.17392e-10
2182 1.19981e-08
2183 -1.91298e-09
2184 6.52935e-10
2185 9.49302e-09
2186 -2.63824e-08
2187 -1.15312e-09
2188 -6.83497e-10
2189 8.43048e-10
2190 -6.91331e-10
2191 -1.57121e-09
2192 -8.7948e-09
2193 1.76778e-11
2194 4.67919e-09
2195 1.56268e-08
2196 1.82976e-09
2197 4.51883e-10
2198 3.48642e-08
2199 2.68027e-09
2200 1.78193e-10
2201 -3.9267e-10
2202 1.80755e-07
2203 3.18521e-09
2204 7.10906e-09
2205 3.13774e-09
2206 -1.14788e-09
2207 -9.92518e-09
2208 -4.14574e-09
2209 6.66463e-10
2210 -1.91662e-09
2211 4.00607e-08
2212 3.74165e-08
2213 -6.89816e-09
2214 1.5767e-08
2215 2.13501e-08
2216 6.09309e-08
2217 5.94248e-09
2218 7.54775e-09
2219 -1.41277e-09
2220 4.91856e-09
2221 4.6934e-10
2222 -2.92189e-08
2223 2.84209e-08
2224 -6.92983e-10
2225 5.9682e-09
2226 6.7788e-10
2227 1.12209e-09
2228 5.80789e-08
2229 -1.82379e-07
2230 -4.13288e-09
2231 3.47244e-10
2232 1.72985e-09
2233 -3.31627e-09
2234 -4.13669e-10
2235 7.73228e-08
2236 -2.73599e-08
2237 1.24534e-10
2238 -7.3618e-08
2239 5.82915e-12
2240 1.61683e-09
2241 7.71307e-09
2242 -4.66836e-09
2243 -1.52736e-09
2244 -2.06705e-09
2245 3.29329e-09
2246 -1.10062e-10
2247 1.98853e-09
2248 -1.38204e-09
2249 4.45767e-08
2250 -3.36298e-08
2251 1.26753e-07
2252 -8.99313e-08
2253 -1.63501e-10
2254 1.77409e-11
2255 1.14899e-09
2256 6.93195e-09
2257 -1.68238e-09
2258 -3.79138e-10
2259 -3.55127e-10
2260 1.39453e-08
2261 1.73577e-09
2262 1.16533e-09
2263 -1.05106e-08
2264 5.11612e-09
2265 7.15873e-09
2266 2.84739e-10
2267 1.56089e-10
2268 5.84068e-12
2269 8.76784e-10
2270 1.35913e-09
2271 1.48535e-09
2272 2.21957e-09
2273 -2.1164e-09
2274 -8.40395e-11
2275 2.38023e-09
2276 1.34295e-09
2277 -1.945e-11
2278 -8.43596e-11
2279 7.26525e-10
2280 2.98866e-09
2281 1.58092e-09
2282 -3.30606e-10
2283 5.77243e-09
2284 6.71466e-11
2285 4.88274e-10
2286 -1.36076e-09
2287 -8.56541e-09
2288 -1.15656e-09
2289 -1.35184e-08
2290 2.04066e-09
2291 5.76697e-10
2292 2.10663e-10
2293 -8.82615e-10
2294 1.02787e-08
2295 1.80805e-09
2296 1.36058e-09
2297 2.06326e-09
2298 5.46576e-09
2299 -1.23801e-09
2300 -3.52964e-08
2301 7.73013e-08
2302 1.10668e-09
2303 8.77884e-09
2304 8.09067e-11
2305 5.34352e-10
2306 1.70675e-09
2307 -7.11058e-10
2308 6.39533e-08
2309 3.13566e-09
2310 -1.67012e-09
2311 2.2851e-08
2312 3.07758e-08
2313 9.53143e-08
2314 -9.99555e-08
2315 2.78675e-09
2316 1.49483e-09
2317 -6.18924e-10
2318 7.67822e-08
2319 -1.03132e-07
2320 2.24352e-09
2321 -5.04609e-09
2322 1.03506e-08
2323 6.50817e-11
2324 2.49528e-08
2325 -6.91537e-08
2326 4.70649e-07
2327 -2.42561e-10
2328 1.09856e-08
2329 5.70114e-09
2330 5.71895e-09
2331 -3.42848e-09
2332 1.86687e-08
2333 -9.75312e-08
2334 -6.21666e-09
2335 8.73376e-09
2336 1.99072e-10
2337 -2.27763e-09
2338 7.48128e-09
2339 3.00342e-09
2340 -2.36734e-08
2341 0
2342 -1.63426e-09
2343 -3.51279e-10
2344 1.37817e-09
2345 -2.34864e-07
2346 -3.25568e-08
2347 1.10748e-08
2348 2.3877e-08
2349 -3.9849e-09
2350 2.77117e-09
2351 8.83072e-09
2352 -2.63553e-09
2353 6.59649e-09
2354 -3.96445e-10
2355 9.07296e-10
2356 1.02743e-10
2357 1.27976e-08
2358 -3.69648e-10
2359 4.62698e-09
2360 2.3291e-09
2361 -2.34129e-09
2362 5.02246e-10
2363 -2.96099e-10
2364 -7.35413e-08
2365 4.68257e-09
2366 1.13197e-09
2367 -2.25257e-09
2368 5.9626e-10
2369 6.07154e-10
2370 -1.33521e-09
2371 1.12637e-09
2372 2.99254e-09
2373 -1.17828e-09
2374 1.24686e-09
2375 4.1352e-10
2376 -5.70558e-08
2377 3.80366e-08
2378 1.51456e-08
2379 -4.89118e-09
2380 3.5427e-10
2381 -2.51607e-09
2382 -2.57443e-09
2383 -6.73302e-11
2384 2.48523e-09
2385 1.16715e-09
2386 2.27347e-08
2387 1.52254e-10
2388 4.04401e-11
2389 -1.40425e-09
2390 1.85699e-09
2391 -3.52653e-10
2392 2.9674e-09
2393 3.04435e-09
2394 -2.48735e-08
2395 8.0411e-09
2396 1.06748e-09
2397 -1.82544e-09
2398 9.16762e-10
2399 -1.66056e-09
2400 -1.50434e-10
2401 1.02111e-09
2402 1.26588e-09
2403 -4.49433e-09
2404 -1.0959e-09
2405 3.49066e-11
2406 -2.62799e-09
2407 -1.74936e-08
2408 2.88236e-09
2409 1.44614e-09
2410 -3.60366e-09
2411 1.13628e-09
2412 -2.46416e-09
2413 1.0154e-09
2414 3.85399e-10
2415 -2.74544e-10
2416 -4.80629e-09
2417 -5.12978e-08
2418 -1.71841e-08
2419 -7.50453e-08
2420 -1.69085e-09
2421 -1.08018e-09
2422 -1.40953e-08
2423 8.08785e-08
2424 -2.9757e-09
2425 3.29338e-08
2426 2.80934e-08
2427 3.52913e-08
2428 -2.03004e-09
2429 4.66853e-09
2430 -4.00966e-10
2431 7.35233e-09
2432 0
2433 3.22423e-09
2434 3.49204e-09
2435 -4.15838e-10
2436 -4.70495e-08
2437 -2.97034e-09
2438 -8.65514e-10
2439 1.27679e-08
2440 6.70254e-09
2441 -3.89227e-11
2442 -2.86709e-09
2443 1.40305e-08
2444 4.89917e-09
2445 -1.977e-09
2446 -8.55015e-09
2447 3.10605e-09
2448 1.62084e-09
2449 3.03308e-09
2450 -5.91366e-10
2451 -2.58289e-09
2452 5.69288e-10
2453 -8.25952e-09
2454 -8.29662e-10
2455 2.85465e-10
2456 1.19167e-09
2457 1.29742e-08
2458 -1.40671e-08
2459 1.89999e-09
2460 5.05744e-08
2461 -4.49224e-09
2462 2.44613e-10
2463 6.45326e-10
2464 2.76137e-09
2465 -2.66214e-07
2466 7.67473e-10
2467 -1.19109e-08
2468 6.33893e-08
2469 -1.40587e-09
2470 1.98893e-08
2471 5.58536e-09
2472 -9.8164e-09
2473 1.3283e-09
2474 3.47506e-09
2475 2.86038e-09
2476 5.45173e-08
2477 1.96629e-08
2478 3.41931e-07
2479 -4.53246e-08
2480 1.9023e-10
2481 1.76704e-08
2482 5.94269e-09
2483 6.17053e-09
2484 2.93266e-11
2485 5.15625e-09
2486 1.14264e-11
2487 -1.46751e-09
2488 7.10787e-09
2489 9.395e-09
2490 -3.9484e-08
2491 3.75227e-08
2492 -1.92562e-08
2493 3.47835e-10
2494 -2.02154e-09
2495 1.73259e-07
2496 -1.30124e-09
2497 -9.74388e-10
2498 -1.04661e-09
2499 -7.73539e-10
2500 4.49128e-09
2501 1.62693e-10
2502 5.50823e-09
2503 5.30091e-09
2504 1.94239e-08
2505 -2.40883e-08
2506 5.55633e-10
2507 -1.40986e-10
2508 -1.10722e-10
2509 -7.08819e-09
2510 -1.26346e-08
2511 8.92083e-10
2512 -2.54388e-10
2513 3.81462e-09
2514 -2.72192e-09
2515 -3.45235e-09
2516 1.64518e-08
2517 2.31313e-08
2518 -3.66757e-10
2519 6.23977e-09
2520 4.42937e-09
2521 -7.8899e-09
2522 1.86577e-10
2523 5.62766e-09
2524 -6.07186e-09
2525 -7.23649e-08
2526 2.80021e-08
2527 3.32663e-10
2528 6.29555e-09
2529 -1.19736e-10
2530 5.02866e-09
2531 1.90923e-08
2532 1.42733e-09
2533 4.10426e-10
2534 1.30993e-08
2535 -7.30789e-09
2536 1.61988e-08
2537 3.56146e-10
2538 2.34085e-09
2539 -1.95909e-09
2540 6.56397e-08
2541 -6.16369e-08
2542 3.98815e-09
2543 -4.6333e-09
2544 6.79634e-09
2545 -1.96004e-09
2546 -1.21849e-09
2547 -8.29095e-10
2548 3.85364e-08
2549 1.27679e-08
2550 1.4628e-08
2551 2.32518e-08
2552 -2.60919e-09
2553 -6.39936e-08
2554 -7.00673e-08
2555 2.33125e-09
2556 -1.66105e-08
2557 -7.95952e-10
2558 6.03132e-10
2559 4.40475e-09
2560 -7.48733e-10
2561 -3.37621e-09
2562 -8.71979e-10
2563 -4.37199e-09
2564 1.48775e-09
2565 -1.50237e-07
2566 3.80358e-07
2567 4.11059e-08
2568 5.22613e-09
2569 -1.11338e-09
2570 1.41727e-08
2571 -2.45007e-09
2572 -1.11824e-07
2573 2.73059e-07
2574 1.4169e-10
2575 5.88631e-12
2576 -1.44293e-09
2577 3.63367e-08
2578 -1.06777e-07
2579 6.81594e-10
2580 -3.69494e-09
2581 5.3304e-10
2582 2.92063e-09
2583 1.7168e-09
2584 -9.36739e-09
2585 -9.85215e-09
2586 -8.67894e-09
2587 5.71901e-10
2588 1.47369e-08
2589 -3.72774e-09
2590 -4.22187e-09
2591 8.97999e-09
2592 1.83814e-09
2593 5.0217e-08
2594 4.7637e-11
2595 2.69934e-08
2596 -2.14768e-09
2597 -7.78955e-09
2598 6.06843e-09
2599 9.74413e-09
2600 -4.77403e-09
2601 -1.42601e-09
2602 -1.33019e-09
2603 5.27315e-09
2604 -3.48161e-09
2605 -3.08122e-08
2606 3.3954e-09
2607 2.04545e-11
2608 1.18521e-08
2609 -5.36744e-09
2610 2.0787e-09
2611 6.16025e-10
2612 9.27657e-09
2613 5.456e-09
2614 2.54932e-09
2615 -3.63389e-11
2616 2.02008e-08
2617 1.15683e-08
2618 -2.93269e-09
2619 -4.4349e-10
2620 -3.45264e-10
2621 1.12837e-08
2622 -5.97127e-09
2623 2.31838e-07
2624 -5.28988e-08
2625 -1.93893e-08
2626 -2.85044e-08
2627 3.75412e-08
2628 -1.14741e-08
2629 -3.66368e-09
2630 -1.14952e-08
2631 -6.52608e-09
2632 -2.6176e-09
2633 1.83917e-09
2634 -7.29987e-10
2635 3.23468e-09
2636 9.95214e-10
2637 -1.53757e-08
2638 6.1499e-09
2639 8.55315e-10
2640 3.18659e-08
2641 2.0361e-09
2642 9.77228e-08
2643 -1.01531e-07
2644 7.77664e-09
2645 1.79669e-09
2646 2.11185e-08
2647 6.39227e-10
2648 -1.14682e-09
2649 1.01602e-08
2650 5.43056e-09
2651 -1.53565e-09
2652 -3.54109e-09
2653 -1.98363e-09
2654 -3.61999e-09
2655 -5.45692e-09
2656 1.34265e-09
2657 -7.77033e-09
2658 -6.0833e-09
2659 7.57716e-10
2660 5.42586e-09
2661 -1.32125e-09
2662 4.241e-09
2663 -2.80163e-08
2664 4.06823e-09
2665 5.27999e-09
2666 -2.86395e-09
2667 -4.35631e-09
2668 3.70995e-13
2669 -7.10364e-09
2670 -8.28333e-09
2671 -2.41207e-10
2672 1.84637e-09
2673 2.03961e-10
2674 6.19902e-11
2675 -1.96416e-09
2676 -1.49595e-09
2677 -4.46787e-10
2678 -2.70419e-11
2679 -1.79187e-09
2680 2.22472e-10
2681 -1.24326e-07
2682 9.56862e-08
2683 -2.09223e-09
2684 1.98518e-08
2685 9.40498e-09
2686 1.07813e-09
2687 2.85732e-09
2688 -5.30517e-09
2689 3.71425e-08
2690 2.84604e-08
2691 4.17462e-09
2692 2.03063e-09
2693 4.84528e-09
2694 -4.39354e-09
2695 -3.57779e-11
2696 8.55537e-09
2697 1.06242e-07
2698 -1.24321e-08
2699 1.77838e-08
2700 -2.961e-08
2701 3.98861e-10
2702 -5.81601e-11
2703 -2.55037e-09
2704 5.0115e-09
2705 2.06025e-09
2706 -2.18975e-09
2707 1.10489e-09
2708 3.02927e-09
2709 1.57244e-09
2710 2.65788e-09
2711 1.35918e-09
2712 -1.03322e-08
2713 6.23271e-09
2714 -1.45466e-09
2715 1.05503e-08
2716 3.35374e-09
2717 9.95357e-09
2718 5.32461e-09
2719 -1.2118e-07
2720 -1.44965e-07
2721 2.65698e-08
2722 6.30577e-09
2723 1.99593e-09
2724 1.85566e-09
2725 3.34224e-08
2726 6.92684e-08
2727 -1.05268e-08
2728 -3.82554e-09
2729 -3.09385e-08
2730 -1.81942e-08
2731 -2.78651e-09
2732 -6.43212e-08
2733 5.84939e-08
2734 1.51568e-09
2735 1.0908e-08
2736 -2.01652e-11
2737 1.33786e-09
2738 6.55077e-08
2739 -7.86649e-10
2740 4.41676e-10
2741 4.64016e-09
2742 4.68899e-09
2743 2.07194e-10
2744 2.08523e-10
2745 3.26077e-10
2746 2.23902e-09
2747 1.45818e-07
2748 2.0115e-07
2749 2.63722e-07
2750 -2.27884e-08
2751 1.62024e-07
2752 -9.59221e-08
2753 2.25124e-07
2754 1.27197e-07
2755 1.6066e-08
2756 1.16712e-07
2757 2.95119e-07
2758 1.22886e-06
2759 -1.10516e-07
2760 -0
2761 1.36916e-07
2762 5.25805e-07
2763 3.31126e-08
2764 3.62537e-14
2765 2.34939e-08
2766 6.19646e-08
2767 7.11091e-06
2768 5.2676e-08
2769 4.95997e-07
2770 -4.3621e-10
2771 1.98095e-07
2772 2.29159e-07
2773 5.62329e-09
2774 2.56983e-11
2775 -1.15375e-09
2776 1.2791e-08
2777 9.40292e-11
2778 1.33068e-07
2779 4.62581e-08
2780 5.46787e-09
2781 1.58037e-08
2782 3.80254e-09
2783 4.28509e-08
2784 9.71956e-08
2785 -6.08751e-11
2786 -1.83074e-08
2787 2.64895e-08
2788 -1.25142e-08
2789 2.82506e-08
2790 2.7333e-08
2791 6.57272e-09
2792 2.25996e-08
2793 -8.6913e-09
2794 -3.59953e-08
2795 7.02422e-08
2796 2.70011e-10
2797 5.70825e-09
2798 2.03691e-09
2799 1.35836e-09
2800 1.39334e-10
2801 -4.02789e-10
2802 -2.42414e-08
2803 9.52047e-09
2804 -1.07905e-08
2805 7.06475e-09
2806 1.04798e-07
2807 1.29612e-07
2808 4.88871e-09
2809 -2.10809e-09
2810 1.25666e-07
2811 -6.33232e-09
2812 2.08829e-09
2813 4.60916e-08
2814 3.16629e-08
2815 1.27236e-08
2816 3.887e-09
2817 1.12993e-07
2818 8.91317e-08
2819 1.97918e-07
2820 1.88246e-07
2821 5.48134e-09
2822 -1.01508e-09
2823 2.94492e-08
2824 2.24732e-08
2825 6.24066e-09
2826 -1.03727e-08
2827 -8.95343e-10
2828 -3.85235e-09
2829 -2.02311e-08
2830 -2.34473e-09
2831 -9.67538e-09
2832 2.79413e-08
2833 -5.43711e-09
2834 4.51139e-10
2835 9.36696e-09
2836 -5.85028e-09
2837 8.37868e-09
2838 -1.13377e-09
2839 1.43141e-08
2840 -1.12841e-08
2841 8.95349e-09
2842 -1.7174e-08
2843 1.41007e-07
2844 5.58423e-08
2845 2.74545e-07
2846 4.89371e-10
2847 9.10054e-09
2848 5.11558e-10
2849 3.42097e-08
2850 2.05087e-08
2851 9.78753e-09
2852 7.27637e-09
2853 1.56616e-07
2854 3.77585e-09
2855 4.96136e-09
2856 5.55226e-08
2857 1.39611e-07
2858 7.84661e-08
2859 1.7976e-08
2860 -0
2861 2.23238e-08
2862 -5.39951e-09
2863 2.26169e-09
2864 1.2426e-07
2865 3.89265e-08
2866 4.07806e-08
2867 -5.84964e-08
2868 1.6954e-07
2869 0
2870 2.83873e-09
2871 1.3652e-08
2872 -0
2873 2.45208e-08
2874 4.26345e-07
2875 1.3181e-07
2876 6.15782e-09
2877 1.83463e-07
2878 2.14482e-10
2879 2.6334e-07
2880 2.76751e-07
2881 4.85788e-07
2882 -0
2883 2.33476e-07
2884 4.52745e-07
2885 3.11331e-08
2886 -1.44792e-09
2887 1.30782e-08
2888 9.42496e-08
2889 2.71509e-08
2890 2.01164e-08
2891 4.6808e-09
2892 2.97014e-08
2893 1.04836e-07
2894 6.60625e-08
2895 1.84396e-07
2896 -3.89333e-09
2897 1.07142e-07
2898 -6.49696e-08
2899 8.90055e-09
2900 1.71407e-07
2901 3.39998e-06
2902 2.55319e-07
2903 2.173e-07
2904 3.91322e-08
2905 7.7133e-08
2906 9.01428e-08
2907 1.21641e-07
2908 -1.04187e-09
2909 1.34051e-07
2910 1.06824e-07
2911 1.43091e-07
2912 1.11248e-07
2913 4.05835e-08
2914 5.39015e-08
2915 5.06965e-08
2916 5.42298e-10
2917 4.18518e-08
2918 1.96829e-09
2919 -8.97814e-11
2920 8.29769e-09
2921 -5.85597e-10
2922 1.59618e-09
2923 7.50091e-10
2924 6.64957e-09
2925 4.95969e-09
2926 -1.53535e-10
2927 2.35403e-08
2928 7.85013e-10
2929 6.38291e-11
2930 2.52089e-10
2931 -3.77487e-10
2932 1.58839e-10
2933 3.45716e-10
2934 1.17565e-08
2935 -1.8098e-09
2936 -3.26775e-11
2937 1.19619e-08
2938 3.35129e-10
2939 2.41052e-08
2940 1.46093e-09
2941 -9.40479e-09
2942 -1.15361e-09
2943 -3.03026e-10
2944 2.85257e-08
2945 6.22959e-08
2946 1.40626e-07
2947 1.4445e-08
2948 4.80487e-09
2949 5.92035e-10
2950 7.93601e-09
2951 8.68773e-10
2952 1.25429e-08
2953 1.08879e-08
2954 1.28107e-08
2955 -2.55344e-09
2956 -1.58284e-09
2957 -2.36177e-10
2958 -1.1183e-08
2959 7.66811e-11
2960 7.14335e-11
2961 1.2217e-08
2962 6.7947e-10
2963 1.94285e-09
2964 5.52883e-10
2965 5.41984e-11
2966 3.0373e-09
2967 3.65954e-10
2968 4.20529e-08
2969 6.26097e-11
2970 8.16787e-11
2971 -2.09736e-09
2972 3.86653e-10
2973 1.75444e-08
2974 8.59238e-09
2975 5.66192e-09
2976 2.90087e-09
2977 8.13402e-10
2978 -3.11156e-10
2979 -5.24402e-10
2980 9.05529e-09
2981 7.70468e-10
2982 1.12877e-09
2983 4.49492e-10
2984 2.61454e-08
2985 9.14007e-09
2986 1.92228e-09
2987 2.62383e-09
2988 -8.78064e-10
2989 -7.069e-10
2990 -4.44107e-10
2991 3.09785e-09
2992 1.50342e-08
2993 -1.51067e-10
2994 3.76186e-10
2995 -1.30566e-11
2996 -3.55612e-11
2997 8.38125e-10
2998 -4.48433e-09
2999 1.20125e-10
3000 -5.75862e-10
3001 -8.8739e-11
3002 7.8877e-09
3003 2.28221e-10
3004 4.07539e-09
3005 -8.30479e-09
3006 4.25193e-09
3007 6.03757e-10
3008 5.33521e-11
3009 3.84257e-09
3010 5.37553e-10
3011 -8.17773e-10
3012 4.41023e-09
3013 9.17768e-09
3014 3.96691e-11
3015 -1.91964e-08
3016 2.00528e-10
3017 6.63704e-10
3018 6.73958e-10
3019 5.68546e-10
3020 5.20261e-11
3021 -5.3092e-10
3022 1.463e-08
3023 2.79351e-09
3024 3.69403e-09
3025 1.02984e-09
3026 3.01131e-10
3027 8.3419e-11
3028 2.06227e-09
3029 4.42517e-08
3030 -1.21727e-08
3031 7.8668e-09
3032 4.61422e-11
3033 -1.38424e-10
3034 1.27146e-08
3035 4.63731e-10
3036 -3.92209e-10
3037 1.38614e-08
3038 1.1543e-08
3039 -3.642e-09
3040 1.99287e-09
3041 5.75361e-09
3042 5.69748e-08
3043 -4.42115e-10
3044 4.89941e-10
3045 1.31569e-09
3046 9.0964e-09
3047 1.02589e-07
3048 -8.22685e-11
3049 9.59963e-11
3050 4.26286e-08
3051 1.11025e-08
3052 1.53257e-08
3053 1.33745e-08
3054 -1.41015e-12
3055 -1.41818e-10
3056 3.41931e-10
3057 1.19142e-07
3058 1.15972e-08
3059 1.41891e-09
3060 3.49636e-09
3061 -9.37288e-10
3062 8.10315e-10
3063 2.62377e-09
3064 3.95631e-09
3065 2.05913e-08
3066 3.53501e-10
3067 1.22644e-09
3068 5.06683e-09
3069 1.49231e-08
3070 5.16792e-09
3071 9.01863e-09
3072 -3.96631e-10
3073 2.05454e-10
3074 -7.71046e-10
3075 1.54329e-09
3076 -3.36259e-09
3077 1.41714e-10
3078 5.02786e-09
3079 1.15328e-10
3080 1.66319e-09
3081 1.93528e-10
3082 1.20548e-08
3083 2.11599e-09
3084 1.91525e-08
3085 4.38872e-09
3086 -7.60635e-10
3087 2.86074e-09
3088 1.77789e-09
3089 1.13102e-07
3090 1.93481e-11
3091 5.43599e-09
3092 2.50481e-09
3093 -1.19175e-09
3094 2.1291e-10
3095 3.35294e-08
3096 -2.05341e-09
3097 -1.74096e-09
3098 -2.49575e-10
3099 7.20734e-11
3100 8.37981e-10
3101 2.17643e-09
3102 1.53667e-09
3103 -1.29271e-09
3104 -1.43033e-09
3105 5.57927e-10
3106 -9.65473e-10
3107 4.66772e-10
3108 1.23254e-08
3109 -2.43025e-10
3110 1.61887e-10
3111 -2.90158e-11
3112 5.30202e-12
3113 -1.19089e-08
3114 9.39394e-10
3115 3.28971e-09
3116 -1.99498e-11
3117 4.39366e-09
3118 -3.79484e-11
3119 2.26143e-08
3120 3.61127e-10
3121 2.3454e-08
3122 9.09615e-10
3123 -3.70724e-08
3124 2.29469e-09
3125 6.43794e-10
3126 1.83836e-08
3127 3.72232e-11
3128 -1.097e-09
3129 -1.78931e-10
3130 3.50778e-11
3131 2.42692e-10
3132 7.06781e-10
3133 3.90972e-10
3134 -7.16334e-09
3135 -7.59048e-09
3136 4.44252e-09
3137 2.06007e-08
3138 -5.37941e-10
3139 -3.86585e-11
3140 2.74942e-10
3141 2.90742e-10
3142 -1.56658e-10
3143 -1.74468e-08
3144 -1.21468e-10
3145 1.70247e-09
3146 2.58313e-08
3147 1.50179e-09
3148 2.81292e-10
3149 1.2231e-09
3150 1.03185e-09
3151 -3.11766e-10
3152 4.49649e-09
3153 -7.82518e-10
3154 1.2528e-08
3155 -5.17366e-10
3156 -7.70458e-11
3157 3.45784e-08
3158 3.2048e-08
3159 8.14633e-09
3160 -2.95757e-09
3161 1.25699e-09
3162 -2.51395e-10
3163 3.8671e-09
3164 -1.5602e-09
3165 -8.70086e-09
3166 6.0748e-10
3167 2.81088e-09
3168 -1.72851e-10
3169 3.75239e-09
3170 -2.91222e-09
3171 -1.00262e-10
3172 -1.09811e-09
3173 3.17388e-09
3174 6.37417e-10
3175 -1.47714e-08
3176 1.03153e-08
3177 2.42767e-09
3178 -1.03081e-08
3179 5.66554e-09
3180 8.06857e-10
3181 5.00158e-10
3182 3.27541e-09
3183 3.68387e-09
3184 -2.83811e-10
3185 3.89346e-09
3186 1.67173e-09
3187 5.65683e-09
3188 2.3812e-09
3189 1.08535e-09
3190 1.75345e-10
3191 5.59723e-10
3192 2.44895e-09
3193 -2.49287e-11
3194 -6.44026e-10
3195 -9.23782e-10
3196 1.78753e-10
3197 1.81998e-09
3198 -1.4273e-09
3199 2.37492e-09
3200 -1.96734e-09
3201 1.02885e-09
3202 -2.50097e-10
3203 1.95223e-10
3204 2.2315e-09
3205 -5.55175e-09
3206 2.74354e-09
3207 3.44526e-09
3208 -1.04675e-09
3209 4.92908e-09
3210 8.08682e-10
3211 -5.63726e-10
3212 -7.03166e-11
3213 1.28369e-09
3214 1.44663e-09
3215 -9.46761e-10
3216 -2.97936e-10
3217 4.71762e-08
3218 3.6325e-09
3219 1.13961e-09
3220 -1.43491e-10
3221 -4.03695e-11
3222 2.16026e-09
3223 1.18724e-08
3224 3.07364e-10
3225 4.89583e-09
3226 7.32601e-10
3227 3.10904e-11
3228 5.19215e-10
3229 -4.52135e-10
3230 1.79632e-09
3231 8.03021e-09
3232 1.55415e-08
3233 1.51694e-08
3234 4.58156e-09
3235 1.88584e-11
3236 -1.83743e-10
3237 -1.31905e-09
3238 5.80716e-09
3239 2.64821e-10
3240 3.23686e-08
3241 5.51762e-09
3242 3.31928e-09
3243 1.66387e-09
3244 -3.26906e-09
3245 8.40012e-10
3246 9.79455e-12
3247 -2.65364e-10
3248 1.2161e-10
3249 1.48224e-10
3250 -4.3523e-09
3251 8.55266e-10
3252 -3.95615e-10
3253 -7.45458e-11
3254 3.35721e-10
3255 -1.27542e-10
3256 -4.26313e-10
3257 9.48886e-10
3258 -1.03197e-10
3259 -4.72481e-11
3260 1.27447e-09
3261 -3.26285e-10
3262 5.65034e-10
3263 3.56595e-11
3264 -3.95898e-12
3265 1.35048e-10
3266 -2.08031e-10
3267 4.15989e-10
3268 8.83104e-10
3269 -3.69781e-10
3270 1.1992e-10
3271 1.39378e-10
3272 9.39463e-10
3273 -1.95724e-09
3274 -1.42385e-10
3275 2.87369e-10
3276 2.64248e-10
3277 5.75478e-10
3278 6.49616e-11
3279 1.17678e-10
3280 -4.79641e-11
3281 -4.10885e-10
3282 6.38072e-10
3283 6.96004e-10
3284 -4.64519e-10
3285 5.68382e-10
3286 7.11137e-10
3287 -5.27354e-10
3288 -7.51798e-11
3289 5.31748e-10
3290 -1.74741e-10
3291 1.36088e-10
3292 1.86334e-10
3293 -2.3465e-10
3294 9.08962e-10
3295 1.5273e-09
3296 2.48236e-10
3297 -2.01375e-10
3298 4.12543e-10
3299 -1.33595e-11
3300 3.69179e-10
3301 -9.85012e-11
3302 1.2779e-10
3303 7.34064e-11
3304 4.22061e-10
3305 -1.21555e-10
3306 4.54068e-10
3307 6.61039e-11
3308 -3.49632e-10
3309 -4.96448e-10
3310 5.33434e-11
3311 2.69812e-10
3312 -2.05211e-10
3313 -1.28114e-10
3314 7.46121e-10
3315 8.86771e-09
3316 1.15856e-09
3317 2.2835e-09
3318 -2.46236e-09
3319 5.30378e-10
3320 1.5671e-09
3321 1.73802e-09
3322 -1.24812e-09
3323 -1.35618e-09
3324 8.80445e-10
3325 2.15123e-10
3326 1.95327e-10
3327 1.7834e-10
3328 -2.14782e-10
3329 6.21901e-11
3330 2.03134e-09
3331 -4.79183e-10
3332 7.08319e-11
3333 1.15776e-09
3334 5.64597e-10
3335 -9.86499e-10
3336 3.52868e-10
3337 5.33579e-10
3338 1.76571e-09
3339 1.48418e-09
3340 1.66303e-08
3341 4.95097e-10
3342 -6.55132e-10
3343 1.68474e-09
3344 5.6007e-10
3345 8.6768e-10
3346 -5.49651e-09
3347 1.201e-09
3348 -8.85068e-10
3349 2.10157e-10
3350 1.55381e-11
3351 1.24903e-09
3352 2.6558e-10
3353 4.14998e-10
3354 2.01098e-09
3355 -4.19456e-09
3356 -5.24667e-09
3357 -1.33223e-10
3358 -1.44046e-11
3359 -1.06118e-10
3360 8.13262e-11
3361 2.73878e-10
3362 -8.60652e-11
3363 -5.71784e-10
3364 1.96877e-10
3365 3.81507e-11
3366 4.51546e-10
3367 3.39905e-10
3368 6.50858e-09
3369 -2.69854e-09
3370 3.09675e-10
3371 -1.73658e-08
3372 2.59564e-08
3373 6.05182e-11
3374 2.73877e-10
3375 9.13514e-10
3376 2.36376e-11
3377 3.61531e-09
3378 1.04442e-09
3379 1.1368e-10
3380 -5.79713e-10
3381 1.10064e-09
3382 3.44713e-11
3383 1.53891e-10
3384 -5.92142e-11
3385 2.02354e-10
3386 3.64032e-10
3387 4.92103e-10
3388 4.09575e-10
3389 1.79679e-09
3390 -1.46613e-09
3391 -2.80822e-09
3392 -1.36933e-09
3393 8.27222e-09
3394 8.75266e-10
3395 5.17386e-10
3396 3.25719e-10
3397 6.17386e-10
3398 2.82536e-10
3399 7.39501e-11
3400 3.98289e-11
3401 3.78725e-09
3402 1.16251e-09
3403 -4.50641e-10
3404 2.47248e-09
3405 9.67343e-10
3406 -5.14427e-11
3407 5.83636e-10
3408 6.05378e-10
3409 -3.68859e-10
3410 -2.20609e-10
3411 3.30825e-09
3412 -6.85136e-09
3413 3.62276e-09
3414 8.7977e-10
3415 -1.57097e-10
3416 -3.09551e-10
3417 -7.12881e-10
3418 3.04398e-10
3419 -8.6103e-10
3420 2.67372e-09
3421 4.06263e-10
3422 -2.48573e-10
3423 8.7309e-11
3424 5.2757e-10
3425 7.06125e-10
3426 -2.95819e-10
3427 -4.0694e-10
3428 -7.35621e-10
3429 -6.16822e-10
3430 2.34548e-10
3431 4.61351e-09
3432 -6.03994e-10
3433 -1.83109e-09
3434 6.61312e-11
3435 3.99577e-10
3436 7.10674e-12
3437 7.62781e-10
3438 -3.4612e-10
3439 2.49971e-09
3440 4.16137e-10
3441 -1.16136e-10
3442 3.07759e-10
3443 2.57443e-10
3444 -1.13868e-10
3445 -2.0606e-09
3446 -1.64202e-10
3447 -5.14774e-10
3448 1.64049e-09
3449 1.60828e-09
3450 1.00262e-09
3451 1.50525e-09
3452 4.93432e-10
3453 1.34538e-09
3454 -6.24206e-10
3455 2.77829e-10
3456 2.46389e-10
3457 7.19885e-10
3458 6.85404e-10
3459 1.93755e-10
3460 3.05445e-10
3461 4.67807e-10
3462 -5.9267e-10
3463 4.33654e-10
3464 5.35752e-10
3465 -1.79696e-11
3466 1.57065e-11
3467 5.23939e-10
3468 2.89038e-10
3469 8.69693e-10
3470 -1.0525e-09
3471 3.16693e-09
3472 2.34468e-09
3473 -3.1698e-09
3474 -7.15122e-11
3475 4.39795e-10
3476 9.66402e-09
3477 -1.85695e-09
3478 5.03559e-09
3479 -1.81071e-09
3480 1.28152e-09
3481 -2.07643e-09
3482 4.40188e-09
3483 1.25209e-11
3484 -1.25527e-09
3485 1.21519e-09
3486 5.72601e-09
3487 2.30082e-09
3488 -4.46863e-09
3489 -4.38184e-10
3490 1.83085e-09
3491 -1.42533e-09
3492 -3.90693e-09
3493 -1.13476e-08
3494 -6.14309e-11
3495 -1.43079e-08
3496 1.0217e-09
3497 2.50588e-09
3498 9.54586e-10
3499 -7.58243e-10
3500 -3.34338e-10
3501 6.09971e-11
3502 4.51305e-10
3503 -4.42212e-09
3504 6.87648e-10
3505 -3.12399e-09
3506 4.2882e-09
3507 -1.95283e-09
3508 3.81247e-10
3509 -2.85281e-09
3510 1.98262e-09
3511 -4.29757e-09
3512 -1.04296e-10
3513 -5.70485e-10
3514 -1.23299e-09
3515 1.70081e-10
3516 -8.01371e-11
3517 8.02473e-11
3518 2.2824e-10
3519 5.50036e-10
3520 -4.95819e-10
3521 1.59111e-10
3522 -3.45182e-09
3523 -4.09041e-10
3524 1.02197e-09
3525 1.31607e-09
3526 6.94525e-11
3527 -1.34792e-10
3528 1.0115e-09
3529 -1.59086e-10
3530 7.9026e-11
3531 1.10118e-09
3532 3.86537e-09
3533 3.86537e-09
3534 -3.07933e-09
3535 4.50257e-10
3536 1.69424e-09
3537 3.87185e-09
3538 -3.11333e-09
3539 -4.67008e-10
3540 4.79186e-10
3541 -9.45457e-10
3542 4.2946e-11
3543 -3.80062e-09
3544 -6.28627e-09
3545 2.28161e-09
3546 -1.38031e-09
3547 1.83479e-09
3548 9.28076e-11
3549 4.73156e-10
3550 -1.53837e-09
3551 -9.79427e-10
3552 -2.25586e-09
3553 3.91864e-10
3554 1.46926e-09
3555 -4.06047e-11
3556 1.60897e-09
3557 -6.76295e-10
3558 1.50543e-09
3559 -1.83978e-10
3560 1.10259e-09
3561 7.01785e-11
3562 -5.74863e-10
3563 -6.37488e-09
3564 8.19212e-09
3565 -1.75245e-08
3566 -1.266e-09
3567 -2.25354e-09
3568 2.09901e-10
3569 -9.85542e-09
3570 1.09188e-09
3571 -2.02962e-10
3572 -6.47174e-10
3573 5.79814e-10
3574 -3.46385e-09
3575 -2.40038e-10
3576 2.33825e-10
3577 -1.58603e-09
3578 1.82843e-09
3579 1.65985e-09
3580 -3.55948e-09
3581 -4.61975e-09
3582 2.84847e-09
3583 -1.95446e-09
3584 -8.30172e-11
3585 1.79478e-08
3586 1.66138e-09
3587 1.08562e-09
3588 3.05577e-09
3589 5.18754e-10
3590 -3.96726e-10
3591 2.40242e-09
3592 -2.0224e-09
3593 -7.87943e-10
3594 -3.02135e-09
3595 8.53231e-10
3596 -3.20157e-10
3597 -7.27558e-10
3598 4.04706e-09
3599 -3.10838e-09
3600 3.49231e-09
3601 4.02147e-10
3602 4.41413e-09
3603 1.97728e-09
3604 3.52709e-09
3605 6.59218e-10
3606 -1.61287e-09
3607 -4.28185e-10
3608 2.69479e-09
3609 -1.54412e-10
3610 -5.69871e-10
3611 -4.92869e-12
3612 -3.35872e-10
3613 1.16538e-09
3614 -2.52224e-09
3615 9.39843e-09
3616 8.38713e-11
3617 7.50835e-10
3618 4.11047e-10
3619 -2.08228e-09
3620 2.88908e-09
3621 -1.74886e-10
3622 -1.65668e-08
3623 1.64123e-08
3624 -9.00753e-11
3625 1.34842e-09
3626 3.64259e-09
3627 -6.38803e-09
3628 -7.63703e-11
3629 2.90603e-09
3630 -1.16788e-10
3631 -2.65747e-09
3632 1.00996e-09
3633 -1.92116e-09
3634 8.87131e-10
3635 2.51072e-10
3636 2.79655e-10
3637 7.94841e-10
3638 1.91269e-09
3639 3.11719e-09
3640 6.25111e-09
3641 3.42752e-09
3642 2.68985e-10
3643 7.46707e-10
3644 1.38362e-09
3645 2.72248e-09
3646 5.33886e-09
3647 7.86333e-09
3648 -2.43648e-10
3649 -7.45332e-10
3650 4.40418e-10
3651 -4.45631e-10
3652 -1.12809e-09
3653 2.5416e-09
3654 -1.24438e-09
3655 1.79244e-09
3656 1.66191e-09
3657 1.11309e-09
3658 -1.50634e-09
3659 2.07054e-09
3660 -2.43649e-09
3661 6.90838e-09
3662 -6.41106e-11
3663 1.05542e-10
3664 -1.94287e-09
3665 9.44587e-10
3666 -4.00309e-10
3667 -5.29732e-10
3668 -3.36827e-09
3669 -8.87963e-10
3670 -9.02737e-10
3671 1.72961e-09
3672 4.0184e-09
3673 -2.31487e-09
3674 -8.32702e-11
3675 -6.35417e-10
3676 -1.05916e-09
3677 2.23407e-09
3678 -9.84139e-10
3679 3.20334e-09
3680 6.9166e-09
3681 -2.27438e-09
3682 2.22871e-09
3683 4.68939e-09
3684 6.09682e-10
3685 3.02965e-09
3686 1.89282e-09
3687 1.01695e-09
3688 -2.53841e-09
3689 1.64795e-09
3690 2.82723e-09
3691 -5.45678e-10
3692 2.8154e-09
3693 5.03355e-09
3694 -4.86507e-09
3695 4.20626e-10
3696 -7.91907e-11
3697 3.35025e-10
3698 -6.32479e-10
3699 3.20319e-10
3700 1.35584e-09
3701 -3.28583e-09
3702 -6.82545e-09
3703 -1.79634e-08
3704 9.74646e-09
3705 3.63632e-10
3706 -3.86891e-10
3707 -1.36608e-09
3708 -4.0866e-09
3709 1.30122e-09
3710 -1.02664e-09
3711 1.95886e-09
3712 -4.61648e-09
3713 8.67012e-11
3714 2.69956e-10
3715 1.48748e-09
3716 2.57074e-09
3717 -8.43784e-10
3718 2.11382e-12
3719 -2.06928e-09
3720 -8.44466e-10
3721 5.34158e-10
3722 -1.80803e-09
3723 -2.28993e-10
3724 4.65471e-09
3725 6.6873e-09
3726 -1.47747e-08
3727 1.18325e-09
3728 6.77578e-09
3729 -2.98533e-09
3730 -2.74822e-09
3731 2.01713e-10
3732 7.04866e-09
3733 -4.61229e-09
3734 -1.57334e-10
3735 4.41798e-10
3736 -8.50064e-11
3737 3.52493e-10
3738 6.47743e-10
3739 -1.93807e-09
3740 -5.13345e-09
3741 1.47128e-10
3742 9.77172e-10
3743 2.08757e-10
3744 -1.04401e-09
3745 -1.46256e-09
3746 -1.16432e-09
3747 9.5348e-10
3748 3.31031e-10
3749 1.75939e-08
3750 -1.34998e-09
3751 1.25151e-09
3752 1.94825e-09
3753 -8.42319e-10
3754 6.85543e-10
3755 -8.37271e-11
3756 -3.95438e-10
3757 9.53238e-10
3758 -2.58998e-09
3759 5.16669e-10
3760 1.09184e-09
3761 -4.04832e-10
3762 9.5055e-10
3763 1.2317e-09
3764 4.80835e-09
3765 6.53608e-09
3766 -2.18659e-09
3767 1.78945e-09
3768 -1.04373e-10
3769 -1.3576e-09
3770 -4.86207e-10
3771 1.37939e-09
3772 6.25851e-10
3773 5.52296e-10
3774 -1.99665e-10
3775 5.20386e-11
3776 -2.03209e-09
3777 -2.08413e-10
3778 -7.24008e-10
3779 -9.501e-10
3780 4.33941e-10
3781 7.13739e-08
3782 -2.15255e-10
3783 1.01293e-09
3784 1.39394e-10
3785 -2.13057e-11
3786 -3.21582e-10
3787 -2.08275e-09
3788 1.6292e-09
3789 -2.70621e-10
3790 5.48087e-09
3791 -9.62538e-10
3792 -4.97466e-09
3793 1.61727e-09
3794 -2.33551e-09
3795 -1.4535e-09
3796 -9.8686e-09
3797 1.00164e-08
3798 -9.44064e-10
3799 5.73939e-10
3800 -9.18162e-10
3801 -4.25932e-09
3802 1.00442e-09
3803 1.46107e-09
3804 1.77711e-09
3805 -6.26515e-09
3806 1.08883e-09
3807 2.15357e-09
3808 -1.99794e-08
3809 2.58594e-09
3810 -4.98926e-09
3811 3.88332e-10
3812 7.08389e-10
3813 -3.28095e-09
3814 3.42033e-10
3815 9.82499e-10
3816 2.63082e-09
3817 -1.00678e-09
3818 -5.19015e-10
3819 1.77542e-09
3820 8.55895e-10
3821 -5.15829e-10
3822 2.17571e-09
3823 -4.06181e-09
3824 -1.88417e-09
3825 1.38586e-08
3826 -1.61766e-10
3827 -1.20049e-09
3828 1.38287e-09
3829 -3.49683e-09
3830 -6.96914e-10
3831 2.55542e-09
3832 5.27522e-09
3833 -3.81953e-09
3834 9.42207e-09
3835 4.57016e-10
3836 3.52263e-09
3837 1.52085e-09
3838 2.96173e-09
3839 1.77267e-09
3840 -1.04399e-08
3841 4.7284e-09
3842 6.83812e-10
3843 5.89123e-10
3844 -1.2705e-09
3845 3.69969e-09
3846 1.11685e-10
3847 -2.02698e-09
3848 4.40257e-10
3849 -1.39609e-08
3850 -9.2375e-10
3851 1.65673e-08
3852 -3.42859e-10
3853 1.00401e-09
3854 1.21337e-08
3855 -4.28273e-09
3856 1.18853e-10
3857 1.27273e-09
3858 -1.39044e-09
3859 -3.54664e-10
3860 8.75619e-10
3861 -1.52282e-10
3862 -5.93609e-10
3863 2.21019e-09
3864 1.23052e-09
3865 -2.22283e-09
3866 1.11009e-08
3867 -8.92759e-09
3868 -1.76364e-09
3869 -5.76395e-10
3870 3.96089e-10
3871 1.57063e-09
3872 1.61053e-11
3873 -2.79935e-09
3874 2.5754e-09
3875 -6.36194e-09
3876 -2.43707e-09
3877 1.4591e-09
3878 4.36767e-09
3879 -8.75319e-10
3880 2.04328e-09
3881 -3.61276e-09
3882 -1.52419e-09
3883 3.50925e-09
3884 2.15857e-09
3885 -1.32407e-09
3886 5.46831e-10
3887 -3.70683e-09
3888 -2.50307e-09
3889 2.17877e-10
3890 -7.78636e-10
3891 -5.20089e-10
3892 -2.97872e-10
3893 2.21116e-09
3894 1.84332e-09
3895 -2.37617e-11
3896 -3.27815e-09
3897 -1.15711e-09
3898 -8.96246e-10
3899 2.96794e-09
3900 7.37894e-09
3901 -4.14418e-10
3902 -1.28673e-10
3903 1.03931e-09
3904 8.76567e-10
3905 -7.59484e-10
3906 -9.58807e-10
3907 -2.4762e-09
3908 -3.11258e-09
3909 1.30887e-09
3910 3.64479e-09
3911 -1.33638e-09
3912 -1.89848e-09
3913 -6.58591e-10
3914 -9.74341e-10
3915 -6.08633e-09
3916 -8.08331e-10
3917 6.57728e-10
3918 2.39626e-09
3919 -1.42302e-10
3920 9.37078e-10
3921 6.6026e-10
3922 -2.53281e-09
3923 1.40814e-09
3924 2.02633e-09
3925 -1.30595e-10
3926 -1.15087e-09
3927 3.76196e-10
3928 -3.61413e-10
3929 -2.19304e-09
3930 5.44681e-10
3931 -4.73631e-10
3932 -2.99065e-09
3933 2.28819e-10
3934 1.77238e-09
3935 -1.24458e-10
3936 6.42348e-10
3937 2.75327e-10
3938 3.17941e-09
3939 -2.67047e-09
3940 2.56422e-10
3941 -8.09725e-10
3942 -2.00508e-10
3943 4.60416e-10
3944 2.48958e-09
3945 -3.35227e-09
3946 7.80644e-10
3947 -5.47853e-10
3948 1.03609e-09
3949 -1.62467e-09
3950 -1.9614e-09
3951 -2.91099e-10
3952 -1.47655e-09
3953 5.80447e-10
3954 -1.51313e-09
3955 -3.01223e-09
3956 1.72436e-09
3957 -1.03949e-09
3958 -9.96425e-10
3959 2.90617e-10
3960 -2.38044e-11
3961 2.32151e-09
3962 -2.0577e-10
3963 -1.599e-09
3964 -3.17483e-09
3965 7.82291e-11
3966 2.5822e-09
3967 -8.37047e-09
3968 -1.21267e-08
3969 -5.99698e-10
3970 1.26039e-09
3971 -9.244e-10
3972 -6.81919e-10
3973 1.17718e-09
3974 9.15042e-10
3975 2.59136e-11
3976 -5.28781e-10
3977 3.44604e-10
3978 -5.52449e-10
3979 2.17354e-09
3980 4.11437e-11
3981 -1.2272e-09
3982 -1.7781e-09
3983 -3.14316e-10
3984 7.1191e-10
3985 2.80322e-09
3986 1.46444e-09
3987 -2.12547e-09
3988 2.83689e-09
3989 -1.03903e-09
3990 -1.0184e-09
3991 -1.27977e-09
3992 -2.22416e-09
3993 -4.3089e-10
3994 9.79665e-10
3995 2.08398e-10
3996 -8.86058e-10
3997 -6.59005e-10
3998 1.14196e-09
3999 2.426e-09
4000 -4.48158e-09
4001 -2.04367e-09
4002 1.08375e-10
4003 5.24579e-10
4004 7.96469e-13
4005 -4.83e-10
4006 -3.18474e-09
4007 6.96913e-10
4008 8.09475e-10
4009 -1.88082e-09
4010 -3.46568e-10
4011 1.46592e-08
4012 5.77455e-11
4013 5.18516e-10
4014 7.26969e-10
4015 -1.5898e-09
4016 2.20513e-09
4017 -7.4824e-10
4018 -3.07198e-09
4019 1.56947e-09
4020 -3.30119e-09
4021 3.54197e-09
4022 1.2179e-09
4023 1.42116e-09
4024 6.92649e-10
4025 2.94698e-09
4026 -2.89393e-10
4027 -2.35371e-11
4028 -3.20082e-09
4029 -7.86012e-10
4030 9.18423e-10
4031 -3.23383e-10
4032 -2.03059e-10
4033 9.47892e-10
4034 9.5963e-09
4035 1.59072e-08
4036 2.8888e-09
4037 7.63596e-10
4038 -8.82829e-10
4039 4.08751e-09
4040 -4.71998e-09
4041 1.07344e-09
4042 1.47552e-09
4043 -1.42474e-09
4044 -2.74875e-09
4045 4.38776e-09
4046 1.31921e-10
4047 2.39295e-10
4048 -9.55839e-10
4049 -1.76885e-09
4050 3.28783e-09
4051 -4.51267e-10
4052 -1.11953e-09
4053 1.70976e-09
4054 -1.058e-09
4055 3.6844e-10
4056 -1.14786e-09
4057 -1.70452e-10
4058 3.84078e-09
4059 1.41705e-09
4060 -3.15943e-10
4061 -2.93627e-09
4062 -1.05825e-09
4063 -3.45472e-09
4064 -1.0375e-09
4065 -6.30893e-10
4066 -4.62166e-09
4067 -4.90193e-09
4068 -5.67418e-09
4069 1.0183e-09
4070 -7.60577e-10
4071 1.12304e-10
4072 4.47975e-11
4073 -1.27102e-09
4074 -3.25266e-11
4075 7.49379e-09
4076 2.99432e-09
4077 2.84138e-11
4078 -8.89268e-10
4079 -1.32608e-11
4080 -9.53998e-16
4081 3.12859e-09
4082 6.25917e-10
4083 7.07686e-10
4084 8.29843e-11
4085 -2.96822e-09
4086 3.37881e-09
4087 -4.9447e-09
4088 -4.09669e-09
4089 -9.69575e-10
4090 4.9807e-10
4091 7.77157e-10
4092 3.71343e-10
4093 2.1435e-09
4094 -2.16359e-09
4095 2.83018e-10
4096 -2.83965e-10
4097 2.12288e-09
4098 8.48141e-10
4099 -1.30774e-09
4100 -1.22697e-08
4101 -4.9476e-12
4102 8.77677e-09
4103 2.73258e-10
4104 2.1437e-10
4105 2.36477e-11
4106 -2.44329e-09
4107 -1.41248e-09
4108 1.99148e-09
4109 -1.73801e-09
4110 3.08762e-09
4111 6.15652e-10
4112 2.99218e-10
4113 8.49624e-10
4114 3.25043e-10
4115 3.54903e-09
4116 1.2714e-09
4117 4.34742e-10
4118 -8.54492e-10
4119 5.31263e-10
4120 -2.10885e-09
4121 -4.92927e-11
4122 5.3665e-10
4123 5.33242e-09
4124 -4.42648e-09
4125 -1.51627e-09
4126 -6.46711e-10
4127 2.68908e-10
4128 2.0692e-10
4129 1.3784e-08
4130 1.92193e-09
4131 -8.22733e-09
4132 1.06151e-09
4133 -1.10189e-10
4134 1.22322e-09
4135 -6.25493e-10
4136 1.09931e-09
4137 -6.88887e-10
4138 1.28495e-09
4139 2.24815e-09
4140 -2.26626e-10
4141 -1.66864e-09
4142 -2.86913e-09
4143 -1.44012e-09
4144 -4.00444e-10
4145 1.54111e-09
4146 1.75214e-09
4147 2.59568e-09
4148 1.2071e-10
4149 2.72197e-09
4150 -1.4341e-09
4151 -5.17004e-10
4152 6.89955e-10
4153 3.18327e-09
4154 -5.38103e-09
4155 -3.06834e-09
4156 4.11956e-09
4157 5.69272e-10
4158 -6.7529e-10
4159 -4.15012e-09
4160 5.44235e-09
4161 3.10278e-09
4162 -4.83816e-10
4163 6.95895e-10
4164 7.85157e-11
4165 -5.36847e-10
4166 -3.63933e-09
4167 9.65134e-10
4168 -3.24863e-09
4169 2.68531e-08
4170 1.52613e-09
4171 6.86877e-10
4172 -2.10889e-09
4173 -1.50972e-10
4174 7.65917e-10
4175 1.46751e-10
4176 3.5845e-09
4177 -1.39586e-09
4178 3.53347e-10
4179 -1.52507e-09
4180 -3.09529e-09
4181 -2.91797e-10
4182 2.2296e-09
4183 -1.65147e-10
4184 3.66488e-09
4185 6.63212e-10
4186 1.10367e-09
4187 -1.31601e-09
4188 2.47747e-09
4189 2.30473e-09
4190 -2.98958e-09
4191 3.9006e-09
4192 -6.97285e-10
4193 2.95353e-09
4194 1.02537e-09
4195 4.66807e-09
4196 -7.90226e-09
4197 -7.36304e-10
4198 3.96045e-09
4199 -3.55841e-09
4200 -1.71471e-10
4201 -1.28816e-09
4202 -3.4383e-10
4203 3.23599e-09
4204 6.7767e-10
4205 -7.83425e-11
4206 -7.05026e-10
4207 -6.33376e-10
4208 3.00959e-09
4209 6.75022e-11
4210 9.09969e-10
4211 5.73304e-11
4212 -9.54248e-10
4213 6.74997e-11
4214 -7.55167e-10
4215 -2.41993e-09
4216 1.69802e-09
4217 -3.39219e-10
4218 1.37852e-09
4219 2.6482e-11
4220 -9.0241e-11
4221 2.54996e-09
4222 -2.65599e-09
4223 8.0902e-10
4224 2.11389e-10
4225 -2.39125e-10
4226 -9.97911e-10
4227 -5.0833e-10
4228 -5.06921e-09
4229 -1.12203e-08
4230 2.97669e-10
4231 -8.56796e-09
4232 -3.7064e-09
4233 -4.45074e-09
4234 8.04854e-09
4235 -4.22634e-10
4236 -2.18116e-10
4237 -1.22834e-10
4238 -2.37757e-09
4239 4.15871e-09
4240 1.64043e-09
4241 5.0315e-10
4242 7.57113e-09
4243 -2.38139e-09
4244 -1.34776e-09
4245 -9.91666e-10
4246 -2.21913e-10
4247 1.67683e-09
4248 -7.79039e-10
4249 -3.5257e-09
4250 -4.58172e-10
4251 -4.35006e-09
4252 -1.24466e-11
4253 1.5173e-10
4254 8.75169e-10
4255 -4.43726e-10
4256 -4.13524e-10
4257 1.51824e-10
4258 8.64482e-10
4259 -3.20196e-09
4260 8.53087e-10
4261 3.97879e-10
4262 1.41937e-09
4263 -5.6872e-10
4264 2.16351e-10
4265 3.02515e-10
4266 1.10128e-09
4267 1.42501e-09
4268 -5.31323e-10
4269 -6.90058e-10
4270 2.48657e-09
4271 2.7622e-11
4272 -2.86546e-08
4273 4.12669e-11
4274 -6.77537e-09
4275 9.06522e-09
4276 1.33553e-09
4277 -5.06651e-09
4278 -7.1088e-10
4279 4.61719e-11
4280 3.08196e-09
4281 -9.64161e-10
4282 3.13518e-09
4283 1.17307e-10
4284 -3.5768e-10
4285 2.92482e-10
4286 -3.08887e-11
4287 -8.60286e-11
4288 -1.82874e-09
4289 1.9362e-09
4290 -4.57095e-10
4291 -1.8746e-10
4292 -4.18482e-09
4293 2.88672e-10
4294 1.92725e-10
4295 9.98824e-10
4296 1.14498e-09
4297 3.36473e-09
4298 -1.13602e-09
4299 -2.46042e-09
4300 -1.62132e-09
4301 6.06228e-10
4302 3.41757e-09
4303 -4.60326e-10
4304 3.24435e-10
4305 -2.85914e-09
4306 1.07449e-09
4307 -2.35322e-09
4308 1.13685e-09
4309 5.11118e-10
4310 5.596e-10
4311 9.72351e-11
4312 4.52286e-10
4313 2.638e-09
4314 7.22879e-10
4315 -2.42713e-09
4316 -1.18671e-08
4317 -1.01863e-09
4318 3.20793e-09
4319 -1.35932e-09
4320 1.5824e-09
4321 6.54993e-11
4322 -1.28897e-09
4323 -7.5648e-10
4324 5.99469e-10
4325 -3.19762e-09
4326 3.06063e-09
4327 -5.50972e-09
4328 1.64098e-10
4329 -2.90154e-09
4330 3.85298e-10
4331 -3.02982e-10
4332 1.21508e-09
4333 2.58931e-10
4334 4.72204e-10
4335 -1.59228e-10
4336 -2.35222e-10
4337 -1.58709e-09
4338 1.57784e-09
4339 2.07789e-09
4340 3.6448e-10
4341 -8.96567e-09
4342 -3.6333e-09
4343 -1.01767e-09
4344 6.72752e-09
4345 1.29967e-09
4346 -7.47145e-10
4347 -9.11313e-10
4348 4.8075e-10
4349 -2.71966e-10
4350 3.24645e-09
4351 -9.29735e-10
4352 2.80501e-09
4353 2.4093e-10
4354 -2.81149e-08
4355 4.14383e-09
4356 5.74558e-10
4357 -1.3496e-09
4358 1.87738e-09
4359 1.48539e-09
4360 -4.12273e-09
4361 4.33857e-10
4362 -1.86434e-09
4363 1.51393e-09
4364 -1.29821e-09
4365 1.75232e-08
4366 -8.86499e-09
4367 4.46991e-09
4368 -1.58572e-09
4369 -1.58051e-09
4370 -1.06623e-09
4371 1.41607e-09
4372 -2.81864e-09
4373 -2.12625e-09
4374 3.97875e-09
4375 -4.05777e-09
4376 1.02888e-08
4377 3.03713e-10
4378 -1.6058e-09
4379 1.24488e-09
4380 2.13177e-09
4381 -2.75424e-09
4382 -4.76218e-09
4383 2.13167e-09
4384 -5.34122e-10
4385 7.16263e-10
4386 -1.22862e-09
4387 -6.18534e-09
4388 3.43041e-09
4389 7.22746e-11
4390 -4.62494e-10
4391 3.45651e-09
4392 -9.4703e-10
4393 1.64581e-09
4394 -1.23669e-09
4395 -1.43573e-09
4396 1.53716e-09
4397 -2.39552e-09
4398 -4.61761e-10
4399 -1.74833e-09
4400 -5.13655e-10
4401 3.94662e-10
4402 2.04778e-09
4403 2.71052e-09
4404 2.45621e-09
4405 3.08669e-09
4406 6.1594e-09
4407 -1.81396e-09
4408 -3.81755e-09
4409 3.11253e-09
4410 1.54946e-10
4411 1.52031e-11
4412 -1.10268e-09
4413 5.84074e-09
4414 -5.88702e-09
4415 -1.25321e-09
4416 1.12204e-09
4417 -3.15412e-08
4418 -1.23026e-08
4419 3.26208e-08
4420 6.34685e-08
4421 -9.53199e-09
4422 2.9802e-09
4423 2.08992e-09
4424 2.17763e-09
4425 6.89888e-10
4426 7.83602e-12
4427 -1.02233e-09
4428 5.52908e-10
4429 1.00665e-09
4430 -9.57251e-11
4431 -1.25657e-09
4432 -2.29305e-09
4433 3.00234e-09
4434 2.76797e-09
4435 1.82431e-10
4436 -5.85292e-10
4437 -4.26684e-09
4438 3.37134e-09
4439 -1.72552e-09
4440 2.64807e-10
4441 7.39281e-10
4442 1.72685e-09
4443 1.28503e-09
4444 4.31519e-10
4445 -2.63399e-09
4446 -4.703e-09
4447 2.40545e-09
4448 -2.37094e-13
4449 5.47442e-10
4450 -2.5669e-10
4451 -1.91426e-10
4452 -2.21989e-08
4453 3.11094e-09
4454 -1.57258e-09
4455 -4.10233e-09
4456 4.71393e-09
4457 -2.21278e-09
4458 5.60104e-09
4459 4.23146e-10
4460 -4.70066e-10
4461 1.46109e-09
4462 -1.55514e-10
4463 -7.16777e-10
4464 -7.52857e-11
4465 -4.70436e-10
4466 -5.85468e-09
4467 7.13945e-09
4468 -1.00539e-09
4469 1.5101e-08
4470 -2.56931e-08
4471 2.18726e-09
4472 1.92172e-09
4473 5.88543e-09
4474 -2.20026e-09
4475 7.45675e-10
4476 1.57081e-09
4477 1.35389e-09
4478 -6.55777e-09
4479 1.09287e-08
4480 2.11233e-09
4481 2.52244e-09
4482 -9.41441e-10
4483 -5.42585e-09
4484 -1.93744e-09
4485 3.4674e-09
4486 3.07506e-09
4487 7.35094e-09
4488 -5.24656e-10
4489 -3.65178e-10
4490 1.60281e-09
4491 1.24591e-09
4492 -4.99275e-11
4493 1.18221e-09
4494 1.48172e-10
4495 -8.21288e-10
4496 3.18339e-11
4497 1.7447e-09
4498 2.02121e-09
4499 -6.09033e-11
4500 -5.50338e-10
4501 -3.22067e-10
4502 1.68755e-09
4503 3.15435e-09
4504 -2.64967e-09
4505 -9.40048e-09
4506 -0
4507 5.17706e-08
4508 8.62818e-09
4509 -1.04139e-10
4510 -1.49888e-09
4511 -8.11333e-10
4512 3.71981e-11
4513 9.99073e-09
4514 -1.25109e-09
4515 -1.47997e-12
4516 3.59995e-09
4517 3.76216e-10
4518 -1.69034e-09
4519 2.70885e-10
4520 2.8164e-10
4521 6.92904e-10
4522 -0
4523 -5.74445e-09
4524 -8.12102e-09
4525 -3.81357e-10
4526 -3.30057e-10
4527 1.56535e-08
4528 -0
4529 1.00351e-10
4530 -4.10748e-10
4531 9.21176e-11
4532 2.88183e-10
4533 -1.50886e-09
4534 1.34011e-09
4535 3.3332e-09
4536 8.22919e-09
4537 3.36462e-09
4538 -9.29475e-09
4539 -5.54389e-10
4540 6.00532e-09
4541 3.7103e-09
4542 -5.06879e-11
4543 -2.93951e-10
4544 3.35158e-11
4545 6.6259e-10
4546 -3.41497e-09
4547 -2.96536e-09
4548 4.11355e-09
4549 -4.0663e-09
4550 -2.92554e-10
4551 -1.83652e-10
4552 -3.62479e-09
4553 4.72107e-10
4554 -6.76092e-10
4555 1.57521e-08
4556 -8.90328e-10
4557 -8.47e-10
4558 -4.8075e-10
4559 2.44602e-09
4560 8.36253e-10
4561 1.54674e-09
4562 3.56594e-09
4563 9.43784e-10
4564 -1.19123e-09
4565 6.04484e-09
4566 -3.71354e-10
4567 1.11391e-09
4568 1.50748e-10
4569 3.6625e-09
4570 -2.36229e-09
4571 -9.64776e-11
4572 2.24688e-09
4573 1.56403e-09
4574 -7.13464e-10
4575 1.05651e-09
4576 -1.15917e-09
4577 1.69074e-10
4578 4.95239e-10
4579 1.10129e-09
4580 1.12265e-10
4581 -2.70906e-09
4582 -1.21739e-09
4583 2.31829e-09
4584 7.86954e-11
4585 2.92256e-09
4586 -2.91068e-10
4587 3.07446e-09
4588 9.96022e-09
4589 3.05109e-11
4590 -1.39307e-08
4591 3.06099e-08
4592 1.5452e-09
4593 1.77476e-09
4594 -1.53988e-09
4595 8.72106e-10
4596 -3.74238e-10
4597 -3.53818e-10
4598 -1.08246e-07
4599 1.07801e-08
4600 7.44106e-10
4601 2.71425e-09
4602 5.36178e-11
4603 1.64761e-09
4604 1.72908e-09
4605 2.5328e-09
4606 2.6458e-09
4607 -9.95263e-09
4608 1.05407e-08
4609 2.88156e-09
4610 1.07368e-08
4611 7.12671e-09
4612 -8.02301e-09
4613 2.10604e-09
4614 2.20286e-10
4615 -5.94332e-10
4616 -8.00156e-10
4617 1.10155e-10
4618 2.92401e-09
4619 2.62757e-09
4620 -4.85539e-10
4621 -1.39059e-09
4622 1.1876e-09
4623 3.29201e-09
4624 -6.13039e-10
4625 4.68408e-09
4626 6.74247e-10
4627 -5.09356e-10
4628 -1.54446e-09
4629 -4.05822e-09
4630 1.59897e-08
4631 -5.65366e-11
4632 2.74349e-09
4633 3.02243e-10
4634 4.41547e-08
4635 -3.23691e-10
4636 6.418e-10
4637 1.02802e-10
4638 -2.6379e-10
4639 8.88836e-10
4640 -1.29208e-10
4641 -1.16714e-09
4642 4.51315e-10
4643 1.24987e-10
4644 8.54982e-09
4645 -5.99583e-09
4646 8.56457e-09
4647 1.07325e-08
4648 8.27992e-09
4649 3.65137e-10
4650 -3.5868e-12
4651 7.55038e-10
4652 -1.36042e-09
4653 5.79996e-09
4654 1.17497e-10
4655 9.30299e-09
4656 7.84719e-09
4657 4.51888e-09
4658 8.54646e-09
4659 6.02055e-09
4660 -3.02889e-09
4661 -8.51089e-10
4662 1.21688e-10
4663 6.20052e-10
4664 -2.73805e-10
4665 1.08786e-09
4666 -6.94321e-11
4667 -2.0792e-09
4668 -1.04695e-09
4669 1.7604e-09
4670 3.02767e-10
4671 -1.94144e-09
4672 1.71072e-09
4673 3.7866e-11
4674 -1.0437e-10
4675 -2.73011e-10
4676 3.27544e-09
4677 4.23277e-10
4678 8.20957e-10
4679 -1.26854e-09
4680 -2.19458e-11
4681 6.24545e-10
4682 4.02887e-10
4683 3.35654e-09
4684 5.66908e-10
4685 2.39286e-09
4686 5.63691e-09
4687 1.816e-09
4688 1.24852e-11
4689 2.61643e-10
4690 -1.94047e-09
4691 -9.3584e-10
4692 -1.20821e-10
4693 -1.11905e-09
4694 7.53468e-09
4695 3.88745e-10
4696 4.91302e-09
4697 3.20116e-09
4698 3.27261e-10
4699 2.32094e-08
4700 -1.65046e-10
4701 2.10131e-10
4702 1.5625e-09
4703 4.07446e-10
4704 2.41012e-08
4705 2.4523e-09
4706 1.14047e-10
4707 2.85765e-08
4708 3.18026e-08
4709 2.69451e-09
4710 1.40923e-08
4711 -8.86727e-10
4712 -6.49447e-12
4713 9.71322e-10
4714 -6.9526e-09
4715 1.03502e-08
4716 9.40393e-09
4717 4.88378e-09
4718 3.06685e-09
4719 -1.62689e-09
4720 -1.24961e-09
4721 8.78888e-10
4722 -4.52339e-08
4723 2.00396e-09
4724 6.21313e-09
4725 7.4315e-09
4726 -5.00142e-09
4727 1.99819e-09
4728 1.79763e-08
4729 1.09592e-07
4730 5.07487e-10
4731 1.2307e-09
4732 -1.99152e-09
4733 1.66875e-09
4734 -2.86381e-09
4735 -1.56826e-09
4736 1.46144e-09
4737 -0
4738 -7.45537e-11
4739 -3.44041e-10
4740 1.07233e-09
4741 -5.0798e-09
4742 -4.49287e-10
4743 -1.57114e-09
4744 6.69881e-10
4745 1.19808e-08
4746 -6.15377e-09
4747 1.72441e-10
4748 7.72581e-10
4749 -4.7711e-09
4750 7.41023e-11
4751 -1.93308e-10
4752 3.8944e-10
4753 -3.78299e-09
4754 6.00204e-10
4755 5.36915e-09
4756 -6.94695e-10
4757 6.92249e-10
4758 -2.50114e-10
4759 2.38204e-10
4760 1.84665e-09
4761 -9.20264e-10
4762 1.10014e-09
4763 5.85215e-10
4764 1.4672e-11
4765 1.5921e-10
4766 1.17528e-09
4767 -5.26938e-11
4768 6.03816e-11
4769 1.55725e-09
4770 -6.04683e-10
4771 5.22624e-11
4772 5.92486e-09
4773 -2.25942e-09
4774 -1.08297e-09
4775 4.82961e-10
4776 -1.05151e-09
4777 -7.09571e-10
4778 -9.49079e-10
4779 6.06789e-10
4780 -1.67369e-09
4781 4.19798e-10
4782 6.50029e-09
4783 1.09461e-09
4784 -8.54656e-12
4785 4.81416e-10
4786 -1.03594e-09
4787 9.17835e-11
4788 1.79674e-10
4789 -2.85224e-09
4790 -3.65612e-10
4791 -8.08647e-10
4792 -1.44204e-10
4793 6.68692e-10
4794 9.28542e-10
4795 2.30182e-09
4796 8.88579e-11
4797 -4.19481e-10
4798 2.86702e-10
4799 1.01212e-09
4800 9.30834e-10
4801 -4.1812e-10
4802 1.41434e-09
4803 2.09139e-09
4804 4.90481e-10
4805 3.06146e-09
4806 6.07982e-09
4807 4.44661e-10
4808 1.1231e-09
4809 -1.85303e-09
4810 -8.94543e-10
4811 3.41916e-09
4812 -1.21409e-09
4813 7.85054e-10
4814 -1.0753e-08
4815 -5.42305e-09
4816 2.00698e-09
4817 4.58293e-11
4818 5.56756e-11
4819 -2.19457e-09
4820 2.80508e-09
4821 2.38682e-09
4822 3.35087e-09
4823 3.72169e-09
4824 3.51916e-10
4825 9.58441e-09
4826 1.70685e-11
4827 1.7169e-09
4828 -0
4829 1.40001e-09
4830 -1.02697e-09
4831 -2.39071e-10
4832 1.04517e-08
4833 -1.41266e-09
4834 -4.04236e-10
4835 3.57135e-09
4836 -1.33809e-09
4837 1.1526e-11
4838 5.30021e-10
4839 -6.44787e-09
4840 3.18521e-09
4841 4.23534e-09
4842 8.42609e-09
4843 1.1244e-09
4844 2.23408e-09
4845 2.72836e-11
4846 -1.15384e-09
4847 3.60571e-09
4848 4.54622e-10
4849 3.3273e-10
4850 4.60529e-10
4851 2.85082e-10
4852 -2.22662e-09
4853 -9.62253e-09
4854 -5.37964e-09
4855 -2.42924e-10
4856 -1.49478e-08
4857 1.10063e-09
4858 7.33807e-10
4859 -3.68973e-10
4860 3.07369e-09
4861 2.10236e-07
4862 1.76674e-11
4863 1.2168e-08
4864 5.20067e-09
4865 4.48589e-10
4866 -1.21998e-08
4867 6.5339e-09
4868 1.27121e-08
4869 -1.28278e-09
4870 -9.34526e-10
4871 1.19707e-09
4872 6.85512e-10
4873 2.48095e-09
4874 8.41905e-08
4875 -9.55793e-08
4876 -2.45527e-09
4877 1.87485e-09
4878 5.02981e-10
4879 8.03905e-09
4880 -7.47331e-11
4881 -2.97765e-10
4882 1.10815e-09
4883 8.04164e-10
4884 1.04754e-09
4885 1.89761e-09
4886 -2.27783e-09
4887 4.51657e-09
4888 -5.66758e-11
4889 -2.68845e-10
4890 5.57211e-09
4891 -1.20046e-07
4892 2.85886e-09
4893 -3.66301e-09
4894 5.55609e-11
4895 2.70706e-10
4896 1.00383e-08
4897 -3.90982e-10
4898 -2.8147e-09
4899 -1.41974e-09
4900 1.76944e-08
4901 -1.22075e-08
4902 5.52955e-09
4903 -1.16463e-10
4904 7.41352e-11
4905 8.36227e-09
4906 1.78461e-08
4907 2.22702e-10
4908 7.93282e-10
4909 -7.5588e-10
4910 1.99779e-09
4911 1.14085e-09
4912 1.95032e-09
4913 -9.24057e-09
4914 1.59711e-10
4915 -9.13045e-10
4916 -1.29746e-09
4917 2.34977e-09
4918 -2.2918e-11
4919 -9.58123e-10
4920 -1.01205e-09
4921 1.12364e-08
4922 2.7407e-08
4923 -1.34481e-10
4924 -3.77962e-09
4925 2.12273e-09
4926 2.04737e-09
4927 -3.61864e-09
4928 -1.41226e-10
4929 9.42921e-10
4930 -2.32753e-09
4931 5.32989e-09
4932 -7.62815e-09
4933 8.40522e-10
4934 -1.28005e-09
4935 1.08138e-10
4936 -9.54691e-09
4937 4.18344e-10
4938 -2.36003e-10
4939 -3.1056e-10
4940 -1.56843e-09
4941 6.50126e-10
4942 1.05616e-09
4943 2.3974e-10
4944 -1.10894e-08
4945 -1.04165e-08
4946 4.80278e-09
4947 1.07404e-08
4948 -8.15964e-10
4949 -1.51577e-08
4950 -4.16632e-09
4951 1.85332e-10
4952 9.2901e-09
4953 2.70184e-09
4954 2.97158e-10
4955 5.49774e-10
4956 1.02451e-08
4957 2.25818e-09
4958 4.74304e-10
4959 1.37347e-09
4960 -6.59916e-09
4961 2.93458e-08
4962 6.23122e-08
4963 1.49025e-08
4964 -1.23766e-09
4965 1.22651e-09
4966 -2.81949e-09
4967 2.0093e-09
4968 2.44105e-08
4969 4.77754e-09
4970 6.08986e-10
4971 -1.05143e-09
4972 3.46265e-09
4973 -3.64175e-09
4974 5.2373e-09
4975 -6.02591e-10
4976 1.87988e-09
4977 -1.35556e-10
4978 1.19935e-09
4979 -6.18952e-10
4980 4.14893e-09
4981 2.91119e-10
4982 4.8415e-10
4983 2.24126e-09
4984 8.9153e-09
4985 1.88332e-09
4986 8.56834e-10
4987 -1.78006e-09
4988 -3.53169e-11
4989 -3.37079e-09
4990 -2.50283e-11
4991 -6.94391e-09
4992 1.1487e-09
4993 -7.36587e-10
4994 -1.23412e-09
4995 1.12903e-08
4996 1.04488e-09
4997 -1.8972e-10
4998 1.20852e-10
4999 -7.58684e-10
5000 1.01334e-08
5001 -5.70052e-09
5002 7.17383e-09
5003 2.10893e-09
5004 1.62706e-09
5005 4.38975e-10
5006 -1.23334e-09
5007 8.87347e-10
5008 -7.69907e-09
5009 1.14614e-09
5010 -1.94926e-10
5011 -2.32784e-10
5012 9.30114e-09
5013 2.97012e-09
5014 1.37917e-09
5015 1.75015e-10
5016 1.36018e-10
5017 3.85333e-10
5018 -4.25154e-10
5019 -6.44446e-09
5020 1.85295e-08
5021 5.69843e-09
5022 2.06562e-08
5023 1.17476e-08
5024 -2.61495e-09
5025 1.59465e-10
5026 9.62435e-10
5027 3.15275e-09
5028 -2.76999e-10
5029 1.18921e-09
5030 7.21961e-10
5031 -4.23309e-10
5032 2.99292e-09
5033 -1.39297e-08
5034 -8.11665e-10
5035 7.52391e-10
5036 -1.23544e-08
5037 2.12726e-10
5038 -3.59049e-09
5039 -2.11867e-09
5040 -2.52796e-09
5041 -2.8394e-10
5042 -5.8306e-09
5043 -1.32104e-09
5044 3.35887e-10
5045 -5.75898e-10
5046 -4.05798e-10
5047 3.42893e-09
5048 7.23277e-09
5049 2.14425e-09
5050 1.1291e-09
5051 1.96103e-09
5052 2.29754e-09
5053 3.10827e-09
5054 6.16391e-09
5055 -5.44994e-10
5056 7.62412e-11
5057 -2.64165e-09
5058 -2.33178e-10
5059 5.01396e-09
5060 -2.41052e-09
5061 -3.36431e-10
5062 2.19407e-09
5063 -3.4478e-10
5064 6.73766e-10
5065 6.7607e-10
5066 8.35683e-09
5067 -2.38873e-10
5068 -7.37845e-10
5069 1.40061e-10
5070 5.9036e-10
5071 1.14568e-08
5072 -2.34532e-11
5073 -6.92995e-11
5074 3.33808e-10
5075 4.54203e-10
5076 -6.75667e-10
5077 -2.42346e-09
5078 -2.85512e-08
5079 1.17232e-08
5080 1.0485e-08
5081 -1.02165e-09
5082 -7.84528e-10
5083 -1.44107e-09
5084 -1.05168e-09
5085 -6.65898e-09
5086 6.45851e-09
5087 1.0536e-08
5088 8.74025e-10
5089 -3.71124e-10
5090 2.07096e-09
5091 9.16682e-10
5092 2.4398e-09
5093 -3.37832e-09
5094 5.82381e-10
5095 7.74733e-10
5096 4.11115e-09
5097 2.25687e-09
5098 -4.55734e-10
5099 5.83803e-09
5100 1.28279e-09
5101 -1.28817e-10
5102 6.15332e-10
5103 -6.5467e-10
5104 -4.82801e-10
5105 6.39247e-10
5106 -1.45159e-10
5107 2.41571e-10
5108 -5.26465e-09
5109 5.12464e-09
5110 9.46562e-10
5111 2.90272e-08
5112 4.97837e-10
5113 -2.78565e-09
5114 2.94655e-09
5115 3.6694e-08
5116 1.04397e-09
5117 -4.54061e-10
5118 -1.8852e-09
5119 6.31352e-10
5120 -5.79903e-10
5121 -4.8084e-09
5122 -4.21521e-10
5123 -2.91252e-09
5124 7.33683e-09
5125 1.67442e-09
5126 -5.33884e-09
5127 9.9408e-09
5128 8.61512e-09
5129 8.60851e-09
5130 -1.10985e-09
5131 1.75953e-08
5132 3.42788e-10
5133 1.08003e-08
5134 2.48778e-08
5135 5.34626e-10
5136 -1.3794e-10
5137 1.40271e-09
5138 1.91719e-09
5139 -6.60238e-11
5140 -3.48623e-10
