type vector
size 5141
values
0 -1.67857
1 -1.6122
2 -2.98127
3 -9.01667
4 -9.28178
5 -1.67416
6 -3.36
7 -4.05
8 -1.67557
9 -1.65709
10 -1.63394
11 -1.655
12 1.07733
13 -3.38001
14 -1.73501
15 -5.5853
16 -1.59079
17 -0.928359
18 -0.917769
19 -0.87001
20 -0.89501
21 -1.70594
22 -1.5167
23 -3.44501
24 -0.956634
25 -0.250539
26 -3.01311
27 -1.41623
28 -1.43603
29 -4.789
30 -4.60424
31 -1.53564
32 -1.69883
33 -1.64901
34 6.21097
35 2.05255
36 -1.00807
37 0.06547
38 -0.005
39 0.05806
40 0.15523
41 -0.03269
42 -0.03269
43 0.01305
44 -3.25903
45 0.07702
46 0.02657
47 0.03702
48 0.23067
49 -0.20926
50 -0.53078
51 -0.73263
52 -0.15367
53 0.1003
54 0.04821
55 -0.01192
56 -0.01192
57 -0.03311
58 -0.02384
59 0.12582
60 -2.07133
61 -0.40852
62 0.1021
63 0.0352856
64 0.05799
65 0.02433
66 0.01598
67 0.00911
68 0.02141
69 0.00769
70 0.09799
71 0.02966
72 -0.0106
73 0.14553
74 0.02411
75 -1.50299
76 -1.80778
77 0.30046
78 -0.72511
79 -0.79476
80 0.05702
81 0.02627
82 0.08285
83 0.16658
84 -1.1
85 0.04865
86 0.03714
87 0.07324
88 0.00953
89 -1.68
90 -1.66504
91 0.07472
92 0.11847
93 0.03909
94 -2.01775
95 0.07523
96 0.09316
97 0.05709
98 0.23714
99 0.12549
100 0.05603
101 0.09114
102 -1.655
103 0.01504
104 0.12173
105 -0.88829
106 -0.04924
107 0.01603
108 -0.02144
109 0.01878
110 -0.100314
111 -0.30849
112 0.03312
113 0.02404
114 0.06077
115 0.01151
116 -0.03011
117 -0.0021
118 -0.59498
119 -0.39001
120 -0.00111
121 0.07388
122 -0.89243
123 -0.8
124 -0.13511
125 0.11545
126 -2.75526
127 -2.73187
128 -0.0277
129 -0.017
130 -1.1
131 0.06713
132 -0.15011
133 -0.17277
134 -0.0416
135 -0.19998
136 -0.12099
137 0.03873
138 0.03299
139 -0.326478
140 0.04148
141 -0.03362
142 0.06498
143 -0.02346
144 0.11791
145 -0.01109
146 -0.50374
147 -0.93574
148 0.562542
149 -0.0701
150 0.05144
151 0.48873
152 0.324632
153 0.18334
154 0.14428
155 -0.389677
156 -1.57001
157 -1.59913
158 0.03191
159 -0.02011
160 0.02539
161 0.02993
162 -0.829966
163 -0.8978
164 -1.68674
165 -1.57367
166 -0.79347
167 -0.81801
168 -0.46001
169 0.02797
170 -0.131819
171 0.1752
172 0.19987
173 -0.09476
174 -1.59472
175 0.05969
176 0.00576
177 0.01971
178 0.03999
179 -0.02011
180 0.06861
181 0.05152
182 0.12089
183 0.10954
184 0.04769
185 0.016
186 -0.0553
187 -0.00431
188 -0.84354
189 -0.89001
190 -0.856869
191 -1.18135
192 0.06063
193 0.07549
194 -0.0135
195 0.06115
196 -0.0597182
197 -0.19003
198 -1.64967
199 -1.79252
200 0.03826
201 0.05371
202 -0.03011
203 0.00923
204 -0.37999
205 0.08184
206 0.04254
207 0.00855
208 0.09924
209 -1.0314
210 -1.07852
211 0.01817
212 -0.00074
213 0.05505
214 0.04506
215 -0.48135
216 -0.35588
217 -1.49562
218 -1.16767
219 -0.86178
220 0.01814
221 0.07618
222 -0.02953
223 -0.80141
224 -0.0163754
225 0.11279
226 -0.13807
227 -0.0037
228 -0.94398
229 0.06046
230 0.08304
231 -0.01477
232 0.07507
233 0.05477
234 -0.00741
235 0.07125
236 0.104491
237 0.22367
238 -0.79145
239 -0.261812
240 -0.373528
241 0.2359
242 0.15876
243 0.02926
244 0.00673
245 0.07918
246 0.04829
247 0.0589516
248 0.01117
249 0.09927
250 0.04551
251 0.0765
252 -1.70898
253 -1.72752
254 0.10043
255 0.09694
256 0.240718
257 -0.51391
258 -0.36144
259 0.08994
260 0.09672
261 -0.01003
262 -0.00501
263 0.04498
264 0.02735
265 0.01261
266 0.02572
267 0.07909
268 0.11832
269 0.01329
270 0.13402
271 0.05466
272 0.00054138
273 -0.0180626
274 0.03597
275 -0.2
276 0.03854
277 -1.30597
278 -1.05028
279 -0.7622
280 0.05921
281 -0.01379
282 -0.058
283 0.01606
284 0.06425
285 0.04055
286 -0.35344
287 0.06138
288 0.04122
289 0.09876
290 -1.07492
291 -0.44378
292 0.10088
293 0.07018
294 0.04997
295 0.07475
296 -0.29381
297 -0.43929
298 0.04088
299 0.02577
300 0.02477
301 0.00155
302 0.04528
303 0.04094
304 -0.1977
305 -0.75041
306 -0.89847
307 0.06751
308 -0.00803
309 0.12508
310 0.07263
311 0.11953
312 0.14716
313 0.71209
314 0.02106
315 0.11565
316 0.06968
317 0.07006
318 0.05316
319 0.06265
320 0.06231
321 0.09565
322 0.13504
323 0.01166
324 0.10687
325 0.08527
326 0.05097
327 0.09003
328 0.01146
329 0.1353
330 -0.06392
331 0.07696
332 0.36225
333 0.13841
334 0.02307
335 0.07675
336 0.10848
337 0.35027
338 0.286187
339 0.03135
340 0.04343
341 0.0710577
342 -0.31274
343 0.12955
344 -0.69456
345 -1.25
346 -0.07669
347 -2
348 -0.8
349 0.0105897
350 0.00039581
351 0.0198742
352 0.00180026
353 0.00517379
354 0.00745351
355 -0.340144
356 0.34768
357 0.0171446
358 2.85882e-14
359 0.0159696
360 0.00949097
361 0.0197676
362 1.37668e-14
363 0.0149363
364 0
365 0.00295573
366 0.00655526
367 -0.0068789
368 0
369 0.0130348
370 -0.0180869
371 0.00952186
372 0.00173297
373 0.0262648
374 0.00767164
375 0
376 0.00547915
377 -0.00201818
378 -0.00613047
379 4.57412e-15
380 -0.00392968
381 -0.00288016
382 -0.0466897
383 -4.29967e-14
384 0.0499127
385 0.0311842
386 -0.0144466
387 -1.34559e-13
388 -0.0174861
389 0.0209795
390 0.00137483
391 -6.86118e-14
392 0.0160965
393 0.00375122
394 0
395 -0.0213161
396 -0.00482901
397 -0.00444351
398 -0.00541465
399 -0.00525751
400 -0.00271689
401 0
402 -0.00241353
403 -0.000883176
404 0.068
405 0.11331
406 -0.0037132
407 0
408 -2.74447e-14
409 -0.00471768
410 2.28706e-14
411 -9.14824e-14
412 0.10085
413 2.19558e-14
414 -0.0129406
415 -0.00438795
416 -0.00200284
417 0.44148
418 -2.19558e-14
419 -0.0129549
420 0.00115169
421 -0.0243394
422 -0.0228567
423 0.024831
424 0.0232983
425 -0.00246422
426 -0.00311702
427 -0.0034561
428 0
429 0.17111
430 -4.48264e-14
431 -0.0179544
432 -0.0129551
433 -0.00967516
434 -0.00407097
435 -0.00455459
436 0.523918
437 0.56444
438 -0.00714304
439 0.00444804
440 0
441 -0.00512364
442 0
443 0.0235511
444 -0.0027039
445 -0.0098779
446 0.00531201
447 -7.72715e-14
448 0.0143923
449 0.0119693
450 -0.00454414
451 0.0213528
452 -0.00234765
453 0.00263596
454 -7.31859e-15
455 2.71999
456 2.665
457 0.08013
458 -0.00208989
459 -0.00274767
460 0.00175669
461 -0.00249269
462 -0.00994195
463 -0.00445582
464 0
465 -0.0132958
466 -0.0104604
467 0
468 0.0939181
469 0.0272329
470 -0.0172468
471 -0.01091
472 -0.0107032
473 0
474 0.00794266
475 -0.00914487
476 0
477 -0.00241688
478 -0.00103774
479 0
480 0.1436
481 -0.058258
482 -0.038029
483 -0.0738298
484 -0.0209853
485 0.139383
486 0
487 0.00193683
488 -0.00296587
489 -0.0227228
490 -0.0029286
491 -0.00304282
492 -0.00556386
493 0
494 -0.00744474
495 0.0142817
496 -0.0295216
497 0.0310894
498 0.0181154
499 0.00467935
500 0.00438736
501 -0.00549435
502 -0.00214389
503 -0.00927536
504 -0.000717965
505 0.0321532
506 0.0088652
507 0.00882994
508 0
509 0.00794897
510 -0.00995545
511 0.00432116
512 0.0135086
513 2.27374e-13
514 0.00225691
515 0.00158337
516 0.00875676
517 0.00874375
518 0.00285987
519 0.00346339
520 0.05821
521 0.04366
522 0.07761
523 0.06306
524 0.02523
525 0.04851
526 0.14553
527 0.04851
528 0.04851
529 0.05822
530 0.01649
531 0.02425
532 0.02911
533 0.10672
534 0.06791
535 0.11642
536 0.04366
537 0.08732
538 0.16493
539 0.03978
540 0.08926
541 0.04463
542 0.05821
543 0.07471
544 0.04463
545 0.06791
546 -2.20624e-14
547 0.02231
548 -3.67706e-15
549 0.06792
550 0.0116127
551 0.0078454
552 0.02911
553 0.02814
554 0.10672
555 0.21345
556 0.08732
557 0.18433
558 0.03396
559 0.02425
560 0.02425
561 0.06791
562 0.04851
563 0.02134
564 0.07276
565 0.00776
566 0.41719
567 0.4366
568 0.02911
569 0.08247
570 0.05336
571 0.07761
572 0.05821
573 0.10672
574 0.00098
575 0.00097
576 0.00097
577 0.0727186
578 0.044569
579 0.05239
580 0.0194
581 0.05336
582 0.10672
583 0.07761
584 0.22314
585 0.15524
586 0.07762
587 0.10672
588 0.05821
589 0.03396
590 0.02425
591 0.02425
592 0.16008
593 0.05239
594 0.0194
595 0.06209
596 0.03881
597 0.07276
598 0.098
599 0
600 0.03881
601 0.0815
602 0.09605
603 0.13291
604 0.14844
605 1.47082e-14
606 0.08053
607 0.0194
608 0.0097
609 0.05578
610 0.08489
611 0.12419
612 0.06694
613 0.10672
614 0.11642
615 0.11613
616 0.04977
617 0.09702
618 0.14553
619 0.08926
620 0.05336
621 0.02911
622 0.38225
623 0.11643
624 0
625 0.06791
626 0.03881
627 0.08635
628 0.07276
629 0.14553
630 0.14553
631 0.03396
632 -0.0145059
633 -0.0163938
634 0.11642
635 0.09703
636 0
637 0.03396
638 0.04754
639 0.11642
640 0.065
641 0
642 0.03396
643 0.0106711
644 -0.0068915
645 -0.00925477
646 1.60871e-13
647 0.07761
648 0.07762
649 0.07373
650 -7.35412e-15
651 -0.0185321
652 0.06307
653 0.05821
654 -0.0142309
655 0.04172
656 0.03396
657 -1.83853e-15
658 0.16008
659 0.02911
660 0.05821
661 0.06306
662 0.05433
663 0.0388
664 0.06791
665 0.0194
666 0.09993
667 0.10284
668 0.15524
669 0.0194
670 0.11158
671 0.10284
672 0.064298
673 0.0349916
674 -0.0102952
675 -0.000395399
676 0.02134
677 0.0194
678 0.04366
679 0.00337587
680 0.03202
681 0
682 0.06791
683 0.03105
684 0.189904
685 0.301832
686 0.0700335
687 0.0554802
688 0.07276
689 0.06791
690 0.07665
691 0.08732
692 0.03396
693 -0.00929027
694 0
695 0.21345
696 0.06306
697 0.03104
698 0.12709
699 0.02425
700 0.07276
701 0.11642
702 0.12613
703 0.06015
704 0.07179
705 0.06889
706 0.13582
707 0.09702
708 0.05433
709 0.06306
710 0.04269
711 0.06306
712 0.04269
713 0.03881
714 0.06791
715 0
716 0.15524
717 0.07277
718 0.01455
719 0.01941
720 0.02425
721 0.06791
722 0.11642
723 0.03881
724 0.02426
725 0.05336
726 0.04268
727 0.07276
728 0.03008
729 0.14553
730 0.0097
731 0.11157
732 0.06791
733 0.15523
734 0.03008
735 0.03591
736 0.11642
737 0.06791
738 0.10672
739 0.071025
740 0.11642
741 0.04851
742 0.08344
743 0.03396
744 0.04463
745 0.01455
746 0.02425
747 0.13583
748 0.0097
749 0.0097
750 0.06791
751 0.02425
752 0.01455
753 0.13098
754 0.11836
755 0.07275
756 0.02134
757 0.06791
758 0.03396
759 0.06791
760 0.06791
761 0.0387744
762 -0.00685607
763 0
764 0
765 0.07276
766 0.05821
767 0.12613
768 0.12613
769 0.09217
770 0.16494
771 0.0194
772 0.05821
773 0.0553
774 0.11642
775 0.13582
776 0.11642
777 0.12613
778 0.11642
779 0.04366
780 0.24255
781 0.53361
782 0.00776
783 0.01454
784 0.15038
785 0
786 0.0194
787 0.02425
788 0.07762
789 0.06791
790 0.05822
791 0.05822
792 0.14553
793 0.08053
794 0.08052
795 0.10964
796 0.29591
797 0.12127
798 0.30076
799 0.09702
800 0.06015
801 0.04851
802 0.04851
803 0.26195
804 0.05821
805 0.20374
806 0.05821
807 0.08732
808 0.14553
809 0.14553
810 0.15524
811 0.19404
812 0.34927
813 0.215648
814 0.14553
815 0.10672
816 0.10672
817 0.21344
818 0.11642
819 0.04851
820 0.12612
821 0.04366
822 0.11643
823 0.04851
824 0.0097
825 0
826 0
827 -2.94165e-14
828 3.67706e-15
829 -7.35412e-15
830 0.09702
831 0.06792
832 0.03688
833 0.03396
834 0.09217
835 0.03202
836 0.0877529
837 0.0358489
838 0.04851
839 0
840 0.05336
841 0.02911
842 0.00194
843 0.05336
844 0.05142
845 0.04851
846 0.02134
847 0.10187
848 3.30935e-14
849 0.0528204
850 0.01652
851 0.0521
852 0.05178
853 0.03636
854 0.129616
855 1.14908e-14
856 0.1443
857 0.04958
858 0.02754
859 0.03304
860 0.04958
861 0.0705
862 0.09032
863 0.01873
864 0.02534
865 0.11015
866 0.02754
867 0.04351
868 0.05287
869 0
870 0.25403
871 0.07379
872 0.00398623
873 -9.19265e-15
874 0.06609
875 0.04958
876 0.00290314
877 2.02238e-14
878 0.05508
879 0.08481
880 0.08635
881 0.02203
882 0.02203
883 0.04185
884 0.02203
885 0.04076
886 0.19825
887 0.02754
888 0.11015
889 0.10575
890 0.08923
891 0.11015
892 0.0022
893 0.0705
894 0.02203
895 0.05508
896 0.0782
897 0.07159
898 0.02203
899 0.10464
900 0.06057
901 0.01763
902 0.02975
903 0.03415
904 0.02093
905 0.02863
906 0.02203
907 0.076
908 0.03735
909 0.03304
910 0.11015
911 0.25334
912 0.06057
913 0.00661
914 0.00551
915 0.03525
916 0.0586
917 0.02754
918 0.05508
919 0.224309
920 0.06609
921 0.018316
922 0.09142
923 0.03636
924 0.04958
925 0.01101
926 0.06057
927 0.12117
928 0.1487
929 0.12667
930 0.05949
931 0.14684
932 0.07225
933 0.07929
934 1.28697e-14
935 0.10575
936 0.03965
937 0.02754
938 0.03855
939 0.05949
940 0.11467
941 0.05508
942 0.04958
943 -0.0197848
944 -2.84972e-14
945 0.02313
946 0.13218
947 0.1074
948 0.1465
949 0
950 0.05838
951 0.0782
952 0.06609
953 0.01983
954 0.11015
955 0.06389
956 0.02093
957 0.05508
958 0.01101
959 -1.83853e-14
960 -0.00136986
961 0.24232
962 0.04958
963 0.1487
964 0.03636
965 0.04297
966 0.04185
967 0.02203
968 0.04958
969 0.0022
970 0.03856
971 0.04185
972 0.31944
973 -0.00371213
974 0.01101
975 1.17666e-13
976 -0.0154287
977 0.34145
978 0.05398
979 0.06719
980 0.04407
981 0.00210537
982 0.05761
983 0.03856
984 0.03746
985 0.07093
986 0.00551
987 0.02975
988 0.01983
989 0.07379
990 0.04958
991 0.01101
992 0.06609
993 0.11015
994 0.06057
995 0.17624
996 0.187239
997 0.0109285
998 0.09362
999 0.12117
1000 0.01101
1001 0.12888
1002 0.14319
1003 0.07929
1004 0.05618
1005 0.0265343
1006 0.0048911
1007 0.13218
1008 0.13218
1009 0.13218
1010 0.06939
1011 0.08039
1012 0.02975
1013 0.06609
1014 0.03525
1015 0.00549266
1016 0.0053343
1017 0.02203
1018 0.11676
1019 0.12403
1020 0.02203
1021 0
1022 0.04958
1023 0.12779
1024 0.06609
1025 0.04737
1026 0.04847
1027 0.03195
1028 0.03525
1029 1.83853e-15
1030 0.03304
1031 0.03304
1032 0.03304
1033 0.0782
1034 0.03084
1035 0.12117
1036 0
1037 0.05067
1038 0.02203
1039 0.09913
1040 0.06389
1041 0.01101
1042 0.08812
1043 0.03525
1044 0.05508
1045 0.03525
1046 0.0782
1047 0.06609
1048 0.03525
1049 0.03195
1050 0.01321
1051 0.04297
1052 0.11015
1053 0.02534
1054 0.09142
1055 0.06057
1056 0.04737
1057 0.03304
1058 0.06609
1059 0.08072
1060 7.35412e-15
1061 0
1062 0.0784291
1063 0.01101
1064 0.03304
1065 0.02203
1066 0.06057
1067 0.05067
1068 0.04407
1069 0
1070 0.00671
1071 0.04877
1072 0
1073 0
1074 0.07238
1075 3.67706e-15
1076 1.10312e-14
1077 0.10218
1078 0.15087
1079 3.67706e-15
1080 0.0666648
1081 0.07954
1082 -7.35412e-14
1083 1.47082e-14
1084 0.07932
1085 0.07386
1086 0
1087 0
1088 0.18254
1089 0.15689
1090 0.09082
1091 0
1092 -1.83853e-15
1093 0.06819
1094 0.05109
1095 0.03653
1096 0.04505
1097 0.0204
1098 0.01814
1099 -1.01119e-13
1100 0.15185
1101 1.47082e-14
1102 0.10884
1103 0.06108
1104 0.03178
1105 -3.67706e-15
1106 0.04435
1107 0.04557
1108 0.10799
1109 3.67706e-15
1110 0.02157
1111 0.01133
1112 1.83853e-14
1113 3.67706e-15
1114 -1.56275e-14
1115 0.0136
1116 0.04067
1117 1.83853e-15
1118 0.0964
1119 -3.67706e-15
1120 0.04422
1121 0.02721
1122 4.59632e-15
1123 0.07931
1124 0.095437
1125 1.10312e-14
1126 0.05221
1127 0.05161
1128 0.06951
1129 0.13286
1130 -3.67706e-15
1131 0.06009
1132 0.03061
1133 0.04193
1134 0
1135 0.12465
1136 0
1137 0
1138 0.12497
1139 0.07141
1140 0.07845
1141 0.04655
1142 1.47082e-14
1143 0.2289
1144 0.02945
1145 0.04536
1146 0
1147 1.47082e-14
1148 -2.94165e-14
1149 0.02383
1150 -3.67706e-15
1151 0.134
1152 0.05784
1153 0.15441
1154 0
1155 0.21247
1156 -9.19265e-15
1157 0.11098
1158 1.47082e-14
1159 0.04306
1160 1.83853e-14
1161 0.02427
1162 0.09144
1163 0.04763
1164 3.30935e-14
1165 0.11331
1166 0.04533
1167 5.51559e-15
1168 0.04308
1169 0.05216
1170 0.06246
1171 4.59632e-15
1172 0.0454
1173 1.83853e-15
1174 0.02156
1175 -1.83853e-15
1176 0.20758
1177 0
1178 0.07404
1179 0
1180 0.03398
1181 0.02158
1182 9.19265e-15
1183 0.06026
1184 -7.35412e-15
1185 -1.83853e-14
1186 0.00566
1187 0.02948
1188 3.67706e-15
1189 0.03966
1190 -9.19265e-15
1191 0.06826
1192 1.47082e-14
1193 0.03401
1194 0.04537
1195 0.13947
1196 -3.67706e-15
1197 0.13608
1198 -7.35412e-15
1199 0.20398
1200 0.09864
1201 2.94165e-14
1202 0.0136
1203 0
1204 0.05561
1205 -9.19265e-15
1206 0.06346
1207 0.06006
1208 -7.35412e-15
1209 0.03176
1210 3.67706e-15
1211 0.07448
1212 0.09922
1213 0.05329
1214 0.03632
1215 0.26291
1216 0.29089
1217 0.12577
1218 1.47082e-14
1219 0.05897
1220 0
1221 4.41247e-14
1222 0.08187
1223 0.0352
1224 -1.83853e-15
1225 0.44194
1226 0.01475
1227 -2.35332e-13
1228 0.05212
1229 0.07592
1230 0.02497
1231 3.03357e-14
1232 0
1233 -7.35412e-15
1234 0
1235 0.05893
1236 -7.35412e-15
1237 0
1238 0
1239 0
1240 -2.20624e-14
1241 0
1242 -2e-05
1243 7.35412e-15
1244 0.00225
1245 0
1246 0.0272
1247 1.47082e-14
1248 0.017
1249 0.00566
1250 6.61871e-14
1251 1.83853e-14
1252 0.13277
1253 0
1254 0.04601
1255 7.35412e-15
1256 0.09763
1257 0.09195
1258 0.00339
1259 1.47082e-14
1260 0.07479
1261 0
1262 0.00907
1263 -2.94165e-14
1264 0.06814
1265 0
1266 0.06913
1267 0.07139
1268 -1.47082e-14
1269 0.09405
1270 0.02054
1271 -5.51559e-15
1272 0.07271
1273 0
1274 0.04308
1275 0.01021
1276 0.10878
1277 0.11331
1278 0.08843
1279 2.57394e-14
1280 0.0699
1281 0.05887
1282 0.0204
1283 0.0454
1284 2.02238e-14
1285 2.06835e-15
1286 0.03403
1287 0.0965
1288 0
1289 2.94165e-14
1290 2.94165e-14
1291 0.04085
1292 0.02268
1293 0.0238
1294 2.75779e-14
1295 0.00453
1296 0
1297 0.0426228
1298 0.0430667
1299 0.03742
1300 -2.75779e-14
1301 0.05308
1302 0.02236
1303 0
1304 0
1305 -2.94165e-14
1306 0
1307 0
1308 0.03859
1309 0
1310 0.11343
1311 0
1312 0
1313 0.00226
1314 0.00453
1315 0.01699
1316 0
1317 0.03629
1318 0.0269458
1319 3.67706e-15
1320 0.03629
1321 0.1027
1322 2.02238e-14
1323 0.11785
1324 0.00679
1325 0
1326 -7.35412e-15
1327 0.07025
1328 0
1329 -1.17666e-13
1330 6.61871e-14
1331 0.02719
1332 0
1333 4.41247e-14
1334 -1.02958e-13
1335 0.09078
1336 0.32665
1337 2.94165e-14
1338 0.05217
1339 -1.83853e-14
1340 0.04986
1341 0.30595
1342 0
1343 0.97453
1344 1.47082e-14
1345 -7.35412e-15
1346 -3.49321e-14
1347 0.11784
1348 0.22664
1349 2.20624e-14
1350 0
1351 0.017
1352 0.01699
1353 0.05666
1354 0.017
1355 0.01473
1356 0.09658
1357 0.04829
1358 0.07359
1359 0.14064
1360 0.11832
1361 0.14683
1362 0
1363 0.13747
1364 0.06202
1365 0.03865
1366 0.03865
1367 0.06017
1368 3.67706e-14
1369 -3.67706e-15
1370 0.03286
1371 0.0034
1372 0.01133
1373 -3.67706e-15
1374 0.00453
1375 -1.83853e-15
1376 7.35412e-15
1377 0.06351
1378 0.03741
1379 0.01724
1380 0.00895
1381 0
1382 3.67706e-15
1383 0.12465
1384 0.10199
1385 1.03336
1386 0.03404
1387 -7.35412e-15
1388 0.02837
1389 0
1390 0.18585
1391 0
1392 7.35412e-15
1393 0.017
1394 0.00566
1395 -2.57394e-14
1396 0
1397 0.0272
1398 0
1399 0.02267
1400 0.02609
1401 -5.51559e-15
1402 0.02833
1403 1.10312e-14
1404 0.00226
1405 -2.94165e-14
1406 0.1305
1407 0
1408 0.02836
1409 0
1410 0.03315
1411 0.02146
1412 0.05668
1413 1.91207e-13
1414 0.05668
1415 0.02947
1416 0.01258
1417 5.51559e-15
1418 0.0397
1419 0.06236
1420 0.05881
1421 4.59632e-15
1422 0.07246
1423 1.83853e-15
1424 -1.83853e-15
1425 0.06576
1426 3.67706e-15
1427 0.00314189
1428 0.00248214
1429 0.0737
1430 0.10433
1431 0.04421
1432 0
1433 0
1434 -9.92806e-14
1435 0.04274
1436 -7.35412e-15
1437 0.05227
1438 5.51559e-15
1439 0.06915
1440 -7.35412e-15
1441 -7.35412e-15
1442 0.01586
1443 0.07139
1444 3.67706e-15
1445 1.28697e-14
1446 0.0133847
1447 0.0187796
1448 0.06459
1449 -7.35412e-15
1450 0.05562
1451 1.47082e-14
1452 0.0034
1453 -1.65468e-13
1454 -2.11431e-14
1455 -1.47082e-14
1456 0.00794
1457 3.21743e-15
1458 0.0454
1459 0.0329
1460 0.05666
1461 0.03853
1462 0.10652
1463 -7.35412e-15
1464 0.07042
1465 -9.19265e-16
1466 0
1467 1.47082e-14
1468 0.07369
1469 1.83853e-15
1470 0.08504
1471 -2.94165e-14
1472 0
1473 0.0964
1474 1.83853e-14
1475 0.02267
1476 0.0566842
1477 0.00907
1478 0.01927
1479 2.39009e-14
1480 0.04544
1481 0.01473
1482 1.19504e-14
1483 0.05666
1484 0.07253
1485 0.05331
1486 0.09656
1487 -2.94165e-14
1488 0.02949
1489 0.02385
1490 0.13348
1491 0
1492 0.07282
1493 0.0254
1494 0.02766
1495 0.01736
1496 0
1497 1.17666e-13
1498 0.02155
1499 0
1500 0.11051
1501 -2.20624e-14
1502 0.00793
1503 2.94165e-14
1504 0.11898
1505 0
1506 0
1507 0
1508 5.51559e-15
1509 1.10312e-14
1510 0.07253
1511 0.03853
1512 0.01133
1513 0
1514 1.88449e-14
1515 1.88449e-14
1516 0.04039
1517 0.0579
1518 0.04544
1519 0.04773
1520 0.01134
1521 0.02837
1522 0.03403
1523 0.08957
1524 -3.67706e-15
1525 0.13178
1526 0.05099
1527 0
1528 0.05107
1529 0.04198
1530 0
1531 0.01133
1532 0.10216
1533 0.03402
1534 1.65468e-14
1535 0.00279259
1536 0.03748
1537 0.03431
1538 0.06692
1539 0.11352
1540 -1.83853e-15
1541 -6.43485e-15
1542 0.20426
1543 -1.47082e-14
1544 0
1545 0.09868
1546 -2.94165e-14
1547 0.0227
1548 1.28697e-14
1549 0.10699
1550 0.25043
1551 0
1552 0.09526
1553 -1.47082e-14
1554 3.67706e-15
1555 0.04313
1556 0.01814
1557 1.10312e-14
1558 0
1559 0.07714
1560 0
1561 0.04389
1562 2.94165e-14
1563 0.17904
1564 0.24413
1565 -1.47082e-14
1566 0.00337523
1567 0.0681
1568 0
1569 0.06859
1570 0.04999
1571 0.00725
1572 0.0552663
1573 0.05687
1574 0
1575 0.20543
1576 0
1577 0
1578 -1.47082e-14
1579 0.05892
1580 0.01133
1581 0
1582 0.15865
1583 -3.67706e-15
1584 0.05107
1585 0.02834
1586 7.35412e-15
1587 -1.28697e-14
1588 0.05767
1589 -1.83853e-14
1590 0.13631
1591 0
1592 1.28697e-14
1593 -1.65468e-14
1594 7.35412e-15
1595 0.24957
1596 2.20624e-14
1597 0.02268
1598 0.04307
1599 0.04308
1600 0
1601 0.01134
1602 0
1603 0.04646
1604 -7.35412e-15
1605 0.1057
1606 2.94165e-14
1607 3.49321e-14
1608 0.00565
1609 7.35412e-15
1610 -1.10312e-14
1611 0.09419
1612 0.11268
1613 0.07718
1614 0
1615 1.83853e-14
1616 0.0841
1617 -3.67706e-15
1618 0
1619 0.02622
1620 0.02131
1621 0.00226
1622 1.47082e-14
1623 0.07483
1624 0
1625 0.07943
1626 0.03517
1627 0.0482
1628 0.05126
1629 0.17344
1630 0
1631 0.04312
1632 0
1633 0.00816
1634 0.05483
1635 0.08281
1636 0.00907
1637 0
1638 0.0204
1639 0.01361
1640 0
1641 -4.41247e-14
1642 0.08868
1643 0.05906
1644 0.08048
1645 7.35412e-15
1646 0.02381
1647 0.04309
1648 1.47082e-14
1649 0
1650 0.00226
1651 0.02039
1652 0.05104
1653 0.01813
1654 0.04309
1655 -1.10312e-14
1656 0.04762
1657 0.03407
1658 0.06359
1659 -1.83853e-15
1660 0.03976
1661 0.06815
1662 2.94165e-14
1663 0.0329
1664 0.18708
1665 0
1666 0.23149
1667 0
1668 0.01247
1669 0
1670 0.03175
1671 0.02494
1672 0.03292
1673 -2.20624e-14
1674 0.02834
1675 0.10208
1676 1.83853e-15
1677 0.03739
1678 0.08273
1679 0.03857
1680 0
1681 0.01474
1682 0.02495
1683 0.07489
1684 0
1685 -2.94165e-14
1686 7.35412e-15
1687 0.04991
1688 0.05217
1689 1.47082e-14
1690 -7.35412e-15
1691 0
1692 2.94165e-14
1693 0.09982
1694 0.02884
1695 0.00668
1696 0.05116
1697 0
1698 0.07932
1699 0
1700 2.94165e-14
1701 1.83853e-14
1702 0.05265
1703 0.02178
1704 0
1705 0.04986
1706 -5.88329e-14
1707 0.03922
1708 0.07322
1709 0.01133
1710 0
1711 0.11357
1712 -1.47082e-14
1713 0.01587
1714 -2.94165e-14
1715 0.03973
1716 0
1717 0
1718 7.35412e-15
1719 0.05107
1720 2.94165e-14
1721 0.00794
1722 0.01817
1723 0.04664
1724 0.0253
1725 0
1726 0
1727 0.0136
1728 9.19265e-15
1729 0.16451
1730 0
1731 1.10312e-14
1732 -7.35412e-15
1733 0.07033
1734 0
1735 0.00520156
1736 -4.59632e-15
1737 0.07506
1738 0.14769
1739 0.0727
1740 5.51559e-15
1741 0.04084
1742 0.04119
1743 0.04306
1744 -1.83853e-15
1745 0.04533
1746 0.07938
1747 2.94165e-14
1748 0.04533
1749 0.09065
1750 0.02382
1751 2.20624e-14
1752 0.06017
1753 0.05331
1754 0.02835
1755 0.08061
1756 0
1757 0.05221
1758 0.02495
1759 0.03739
1760 -1.47082e-14
1761 0.09072
1762 1.83853e-14
1763 0.10235
1764 -2.35332e-13
1765 0.09069
1766 2.94165e-14
1767 0.04379
1768 0.06434
1769 0.07632
1770 0
1771 0.02665
1772 9.19265e-16
1773 0.03742
1774 2.20624e-13
1775 2.94165e-14
1776 0.02039
1777 0.02204
1778 0.02762
1779 0
1780 1.83853e-15
1781 0.0476
1782 0.02494
1783 0.04651
1784 0
1785 0.01586
1786 2.57394e-14
1787 0.06472
1788 -2.20624e-14
1789 0.13416
1790 2.94165e-14
1791 0.07384
1792 0.05676
1793 -0.0109963
1794 7.35412e-15
1795 -0.0118516
1796 0.04535
1797 2.94165e-14
1798 0.10446
1799 0.11059
1800 0.07261
1801 0
1802 0
1803 0
1804 0.08511
1805 0.17578
1806 0
1807 0
1808 0.00226
1809 0.00566
1810 2.80376e-14
1811 0.10312
1812 0.04193
1813 0.01699
1814 1.47082e-14
1815 0.02267
1816 0
1817 0.06804
1818 0.06235
1819 0.03399
1820 1.7466e-14
1821 0.16998
1822 0
1823 0.02952
1824 0.06613
1825 7.35412e-15
1826 0.0816
1827 0
1828 0
1829 -4.59632e-15
1830 0.01359
1831 2.75779e-15
1832 7.35412e-15
1833 0.093
1834 0.0355855
1835 0.06237
1836 0
1837 0.02724
1838 0
1839 0.0944
1840 0
1841 0
1842 0.07932
1843 1.83853e-14
1844 0.03679
1845 0.05642
1846 0.03406
1847 -5.51559e-15
1848 4.59632e-15
1849 0
1850 0.01133
1851 0.04759
1852 0.12506
1853 -2.75779e-14
1854 0.09065
1855 0
1856 0.034
1857 0.03968
1858 0
1859 0
1860 0.08726
1861 0.03853
1862 3.67706e-15
1863 0.06365
1864 0.05405
1865 0.02267
1866 0.02267
1867 0.05561
1868 0.03061
1869 0
1870 0
1871 0.10676
1872 2.94165e-14
1873 0.05515
1874 -2.94165e-14
1875 0.02267
1876 0.11331
1877 0.0284
1878 0
1879 0.05451
1880 0.04085
1881 0
1882 1.47082e-14
1883 0.09839
1884 -9.19265e-16
1885 0.08502
1886 0
1887 0.02948
1888 0
1889 0.02268
1890 0.07371
1891 0
1892 0.10426
1893 0
1894 0.11345
1895 -7.35412e-15
1896 0.05289
1897 0.03176
1898 0.07711
1899 0.09065
1900 0.07932
1901 -1.47082e-14
1902 0.01815
1903 2.94165e-14
1904 0.07262
1905 0.00759
1906 0.0454
1907 0.05676
1908 0.06978
1909 -2.20624e-14
1910 0.05901
1911 0.02835
1912 1.47082e-14
1913 0.02608
1914 0.08061
1915 0.07383
1916 0.09092
1917 -1.47082e-14
1918 2.94165e-14
1919 0.02267
1920 3.1255e-13
1921 0.03404
1922 2.94165e-14
1923 -0.00034564
1924 1.47082e-14
1925 1.83853e-14
1926 0.09068
1927 0
1928 0.1264
1929 0
1930 0.26969
1931 0
1932 0.02493
1933 2.94165e-14
1934 0.06572
1935 7.35412e-15
1936 0.05218
1937 0
1938 0.06238
1939 0.06803
1940 -3.67706e-15
1941 0
1942 0.04079
1943 -2.94165e-14
1944 0.01133
1945 0
1946 -0.00523812
1947 2.94165e-14
1948 0.0541741
1949 0.04655
1950 0.11705
1951 0.10015
1952 0.02949
1953 0.03405
1954 5.88329e-14
1955 0.05896
1956 0.03968
1957 0.06926
1958 0.08504
1959 0.03175
1960 0
1961 0.03403
1962 0
1963 0.08166
1964 0.05669
1965 0.10923
1966 1.65468e-14
1967 0.04629
1968 -1.47082e-14
1969 0.02157
1970 -4.70664e-13
1971 0
1972 0.004597
1973 0.11513
1974 0
1975 0.05216
1976 -2.94165e-14
1977 0.0932
1978 0.14304
1979 0
1980 0.11844
1981 0.03859
1982 0.06235
1983 -5.88329e-14
1984 0.1022
1985 0
1986 0.13725
1987 2.94165e-14
1988 0.03513
1989 0
1990 -0.00157772
1991 4.41247e-14
1992 0.02042
1993 0.05006
1994 0.09942
1995 0.2075
1996 0
1997 0.03405
1998 0.10218
1999 0.09083
2000 0.0413
2001 0.03191
2002 0.172104
2003 -2.94165e-14
2004 0
2005 0.11357
2006 0
2007 0.091934
2008 0.00985342
2009 0.01373
2010 0.11339
2011 0
2012 0.00566
2013 2.94165e-14
2014 0.00794
2015 0.01813
2016 1.17666e-13
2017 -5.88329e-14
2018 5.88329e-14
2019 -3.67706e-15
2020 0.27196
2021 0.03406
2022 0.05108
2023 -4.70664e-13
2024 -4.70664e-13
2025 0.07595
2026 0
2027 0.07376
2028 0.08612
2029 0.17904
2030 0.12631
2031 0
2032 0.04741
2033 0
2034 0.04428
2035 0
2036 0.02153
2037 0.04986
2038 0.06188
2039 0.04821
2040 0.02156
2041 0.01133
2042 0.16716
2043 0
2044 0.00678
2045 0
2046 0.10992
2047 0.07819
2048 0.07204
2049 0
2050 0.03358
2051 0
2052 0
2053 0
2054 0.02268
2055 0.02268
2056 2.35332e-13
2057 0.11933
2058 0
2059 0.11361
2060 2.94165e-14
2061 0.01701
2062 0
2063 0.017
2064 0.11227
2065 0.03288
2066 0.0431
2067 0.03738
2068 0
2069 0
2070 0.06379
2071 0.12005
2072 0.08397
2073 0.04334
2074 0
2075 0.04516
2076 0.0046
2077 0.05248
2078 0
2079 0.04056
2080 0.10876
2081 0.08844
2082 0.05394
2083 5.51559e-15
2084 0.06082
2085 0.05536
2086 0.06451
2087 0.03686
2088 0.15469
2089 0.039389
2090 0.0308975
2091 0.05127
2092 0.07467
2093 0.01109
2094 0.06452
2095 0.00645
2096 0.03226
2097 9.19265e-15
2098 0.03359
2099 0.04054
2100 0
2101 0.01845
2102 0.11934
2103 0.04426
2104 0.02674
2105 0.0378
2106 0.02305
2107 0.05623
2108 0.00707
2109 0.00276876
2110 0
2111 -0.00174892
2112 0.00250845
2113 0.02762
2114 0.03318
2115 0.09459
2116 0.01475
2117 0.0783081
2118 0.01659
2119 0.0663
2120 0.07466
2121 0.02672
2122 0.03133
2123 0.03132
2124 0.06081
2125 0.03045
2126 0
2127 0.01381
2128 0.02718
2129 0.04862
2130 0.02304
2131 0.05159
2132 0
2133 0.04701
2134 0.05161
2135 0.04871
2136 0.01841
2137 0.09471
2138 0.07004
2139 0.0127913
2140 -1.83853e-15
2141 0.08663
2142 0.03408
2143 0.10144
2144 0.04056
2145 0.05164
2146 0.03964
2147 0.08309
2148 0.01567
2149 0.06452
2150 0.05073
2151 0
2152 0.10142
2153 0.04883
2154 0.03781
2155 0.11256
2156 0.0286
2157 0.02946
2158 0.0315
2159 0.01528
2160 0.06454
2161 0.04681
2162 0.45829
2163 0.23119
2164 0.02808
2165 0.82092
2166 0.02487
2167 0.03132
2168 0.04243
2169 0.02117
2170 0.07659
2171 0.06265
2172 0.01012
2173 0.10141
2174 0.0999
2175 0.04788
2176 0.0378
2177 0.04798
2178 0.01841
2179 0.02766
2180 0.09867
2181 0.07922
2182 0.09306
2183 0.11063
2184 0.02301
2185 0.0553
2186 0.09955
2187 0.1777
2188 0.12073
2189 0.11967
2190 0.03411
2191 0.00744555
2192 0.00320575
2193 0.06739
2194 0.11045
2195 0.05249
2196 0.03684
2197 0.05898
2198 0.0206
2199 0.02948
2200 0.04612
2201 0.09123
2202 0.0138
2203 0.06724
2204 0.00311463
2205 0.01845
2206 0.09237
2207 0.10296
2208 0.0103
2209 0.08423
2210 0.02213
2211 0.06356
2212 0.00375
2213 0.00825696
2214 0.01288
2215 1.83853e-15
2216 0
2217 0.67381
2218 0.27143
2219 0.04152
2220 0.09222
2221 0.0276
2222 0.096
2223 -4.59632e-15
2224 0.11243
2225 0.10204
2226 0.01933
2227 0.05074
2228 0.02946
2229 0.00562
2230 0.08855
2231 0.04774
2232 0.03688
2233 0.14409
2234 0.06544
2235 1.47082e-14
2236 0.0323
2237 0.07288
2238 0.01498
2239 0.05721
2240 0.03689
2241 1.3789e-14
2242 0.05071
2243 0.05436
2244 0.0848
2245 0.05805
2246 0.0092
2247 0.01843
2248 0.30462
2249 0.02762
2250 0
2251 0.164584
2252 0.24616
2253 0.10876
2254 0.10296
2255 0.09397
2256 0.08661
2257 0.07781
2258 0.02763
2259 0.0111492
2260 0.0109334
2261 0.00089
2262 0.00553
2263 0.03037
2264 0.02394
2265 0.05991
2266 0.03688
2267 0.04147
2268 0.02767
2269 0.07188
2270 0.03094
2271 0.03872
2272 0.00276
2273 0.02863
2274 0.06911
2275 0.01381
2276 0.0278036
2277 0.0251637
2278 0.03802
2279 0.01991
2280 0.07185
2281 0.0553092
2282 0.09016
2283 0.01841
2284 0.03963
2285 0.03777
2286 0.07867
2287 0.03314
2288 0.0716
2289 0.06188
2290 0.04424
2291 0.0663
2292 0.02952
2293 0.01842
2294 0.05351
2295 0.0424
2296 0.06551
2297 0.0682
2298 0.0673
2299 0.04611
2300 9.19265e-16
2301 0.03688
2302 0.08131
2303 0.03685
2304 0.04696
2305 0.15292
2306 0.05435
2307 0.10321
2308 0.00243903
2309 0
2310 0.05989
2311 -0.000254288
2312 0.00129654
2313 0.04604
2314 0.10578
2315 0.0518
2316 0.04681
2317 0.06819
2318 0.02486
2319 0.03318
2320 0.03625
2321 0.01473
2322 0.02393
2323 0.08854
2324 0.08842
2325 0
2326 0.09911
2327 0.08044
2328 0.0320761
2329 0.0295964
2330 0.154758
2331 -0.0181792
2332 -0.00928748
2333 0.03317
2334 0.02152
2335 0.03965
2336 0.07085
2337 0.01656
2338 0.11806
2339 0.07269
2340 0.06719
2341 0
2342 0.03224
2343 0.0389
2344 0.15912
2345 -0.00192735
2346 0.00298894
2347 0.12818
2348 0.08047
2349 0.14553
2350 0.07454
2351 0.11669
2352 0.14322
2353 0.08281
2354 0.08662
2355 0.05914
2356 0.05258
2357 0.09105
2358 0.02946
2359 0.07828
2360 0.0276
2361 0.06356
2362 0.01381
2363 0.04795
2364 0.05159
2365 0.05349
2366 0.02491
2367 0.03143
2368 0.08574
2369 0.3567
2370 0.02026
2371 0.03409
2372 0.05067
2373 0.05721
2374 0.04149
2375 0.04618
2376 0.0267
2377 0
2378 0.01853
2379 0
2380 0.05394
2381 0.054
2382 0.02763
2383 0.11796
2384 0.04149
2385 0.05897
2386 0.04685
2387 0.06463
2388 0
2389 0.00553
2390 0.061
2391 0.01382
2392 0.071
2393 0.12916
2394 0.09686
2395 0
2396 0.0461
2397 0.00183
2398 0.04426
2399 0.10785
2400 0.04442
2401 0.04499
2402 0.035
2403 0.02945
2404 0.08759
2405 0.03872
2406 0.03781
2407 0.04143
2408 0.14586
2409 0.06181
2410 0.08306
2411 0.05394
2412 0.14748
2413 0
2414 0.00276
2415 0.04143
2416 0.0276
2417 0.07821
2418 0.0184
2419 0.12547
2420 0.16416
2421 0.05346
2422 0.01751
2423 0.05438
2424 0.10697
2425 0.05153
2426 0
2427 0.11758
2428 0.01841
2429 0.0129
2430 0.00737
2431 0.05304
2432 0
2433 0.02765
2434 0
2435 0.09192
2436 0.00727
2437 0.06736
2438 0.06721
2439 0.0516
2440 0.06276
2441 0.0626
2442 0.06998
2443 0.04056
2444 0.03688
2445 0.16872
2446 0.07182
2447 0.05807
2448 0.11404
2449 0.09776
2450 0.03781
2451 0.09941
2452 0.11696
2453 0.05706
2454 0.0589
2455 0.04798
2456 0.06258
2457 0.023
2458 0.09299
2459 0.07731
2460 -5.14788e-14
2461 -4.59632e-15
2462 0
2463 0
2464 3.67706e-15
2465 9.41327e-13
2466 -7.35412e-15
2467 0
2468 -8.82494e-14
2469 7.35412e-15
2470 0
2471 0
2472 0
2473 -7.35412e-15
2474 0
2475 -5.88329e-14
2476 0
2477 -1.47082e-14
2478 0
2479 -2.35332e-13
2480 0
2481 0
2482 0
2483 0
2484 0.03813
2485 0.02397
2486 0.04334
2487 0.07372
2488 0.36512
2489 0.04518
2490 0
2491 0.0655816
2492 0
2493 0.09592
2494 0.04702
2495 0.15117
2496 0.22562
2497 0.04518
2498 0.09219
2499 0.0737
2500 0.04493
2501 0.02947
2502 0.05721
2503 0.08858
2504 0.0341
2505 0.04884
2506 0
2507 0.07846
2508 0.09921
2509 0.00484933
2510 0.00267078
2511 0.05352
2512 0.00183
2513 0.07269
2514 0.14067
2515 0.0623
2516 0.06188
2517 0.06999
2518 0.04083
2519 0.13504
2520 0.03115
2521 0.06788
2522 0.02251
2523 0.13504
2524 0.06751
2525 1.83853e-14
2526 -0.0137436
2527 0.03559
2528 0.05628
2529 0.1103
2530 0.07877
2531 0.08909
2532 0.05064
2533 0.04291
2534 0.10554
2535 0.11408
2536 0.03397
2537 0.0623
2538 0.00954
2539 0.06999
2540 -0.0172615
2541 1.83853e-15
2542 0.0623
2543 0.09553
2544 0.08307
2545 0.09003
2546 0.04722
2547 0.01666
2548 -0.00460899
2549 -0.00432551
2550 0.00218467
2551 0.00557454
2552 0.14339
2553 0.06802
2554 0.04501
2555 0.04154
2556 0.06681
2557 0.05516
2558 0.04528
2559 0.11723
2560 0.09944
2561 0.01696
2562 0.03115
2563 0.00209
2564 0.09757
2565 0.00157957
2566 -0.02254
2567 0.000719292
2568 0.02777
2569 0.06225
2570 0.11423
2571 0.06469
2572 0.0813762
2573 0.0476498
2574 0.04662
2575 0.02264
2576 0.05409
2577 0.01125
2578 0.0135
2579 0.08268
2580 0
2581 0.08688
2582 0.08581
2583 0.03962
2584 0.07849
2585 0.0335
2586 0.06792
2587 0.0619
2588 0.10188
2589 0.05627
2590 0.04502
2591 0.03115
2592 0.09003
2593 0.11423
2594 0.04154
2595 0.09003
2596 0.04879
2597 0.07061
2598 0.06791
2599 0.07106
2600 0.0106
2601 0.07788
2602 0.05554
2603 0.00523
2604 0.11559
2605 0.10258
2606 0.08697
2607 0.00742
2608 0.08268
2609 0.07891
2610 0.10049
2611 0.03635
2612 0.03288
2613 0.10384
2614 0.08827
2615 0.07877
2616 0.06749
2617 0.105
2618 0.06749
2619 0.02813
2620 0.04501
2621 0.07849
2622 0.12456
2623 -4.59632e-16
2624 -0.00774104
2625 0.07745
2626 -0.00427124
2627 0.05194
2628 0.1413
2629 0.10384
2630 0.06802
2631 0.05711
2632 0.14538
2633 0.03532
2634 0.02223
2635 0.16319
2636 0.05297
2637 0.04501
2638 0.12037
2639 0.00106
2640 0.02222
2641 0.07423
2642 0.08827
2643 0
2644 0.02931
2645 0.03768
2646 0.04082
2647 0.00831
2648 0.04528
2649 0.04187
2650 0.08268
2651 0.05834
2652 0.04501
2653 0.01801
2654 0.00106
2655 0.05628
2656 0.07315
2657 0.09003
2658 0
2659 0.10696
2660 0.11408
2661 0.14339
2662 0.04154
2663 0
2664 0.14423
2665 0.10885
2666 0.02588
2667 0.1238
2668 0.09438
2669 0.0456
2670 0.09565
2671 0.06751
2672 0.09056
2673 0.07923
2674 0
2675 0.05628
2676 0.03963
2677 0.02264
2678 0.05893
2679 0.04999
2680 0.05554
2681 -0.0129613
2682 8.27338e-15
2683 0.07776
2684 0.04454
2685 0.14339
2686 0.00523
2687 0.07775
2688 0.00209
2689 0.14538
2690 0.0471
2691 0.03939
2692 0.04501
2693 0.06335
2694 0.03289
2695 0.0394
2696 0.14026
2697 -0.00157374
2698 0.05443
2699 0.09757
2700 0.25029
2701 0.1103
2702 0.07314
2703 0.08909
2704 0.06751
2705 0.02228
2706 0.07775
2707 0.03963
2708 0.10075
2709 0.15596
2710 0.13084
2711 0.13397
2712 0.42422
2713 0.07877
2714 0.14211
2715 -2.94165e-14
2716 0.1262
2717 0.03663
2718 0
2719 0
2720 -1.17666e-13
2721 0.28134
2722 0.01125
2723 0.06385
2724 0.09734
2725 0.29695
2726 0.34998
2727 0.0566
2728 0.07477
2729 -0.00597085
2730 -0.00569175
2731 0.06188
2732 -0.00283687
2733 -0.00343113
2734 0.01697
2735 2.2715
2736 3.30835
2737 -0.68958
2738 2.89047
2739 0.33
2740 0.33
2741 0.5
2742 0.51
2743 0.25
2744 0.68
2745 0.436328
2746 0.00701629
2747 0.745827
2748 -0.040848
2749 0.14275
2750 0.276831
2751 -0.192162
2752 0.288826
2753 0.0381498
2754 -0.150859
2755 0.584619
2756 0.308509
2757 1.70223
2758 -0.681439
2759 0.451816
2760 0
2761 0.0703346
2762 0.183564
2763 -0.456602
2764 0
2765 0.45808
2766 -0.75918
2767 -0.453912
2768 -0.0648656
2769 0.562569
2770 0.324334
2771 -0.0507826
2772 0.186989
2773 -0.243497
2774 -0.31925
2775 -0.0500639
2776 -0.275794
2777 -0.170144
2778 -2.99631
2779 -0.0755324
2780 2.72452
2781 1.65245
2782 -0.627576
2783 -0.50904
2784 -1.10549
2785 0.669624
2786 0.0018119
2787 -0.0589468
2788 0.406241
2789 -0.00381673
2790 -0.0745107
2791 -0.96537
2792 -0.28553
2793 -0.297854
2794 -0.609322
2795 -0.421587
2796 -0.119557
2797 -0.0865721
2798 -0.184911
2799 -0.0382242
2800 -0.00384099
2801 0.0204489
2802 -0.21257
2803 -0.0119898
2804 -0.0382693
2805 -0.267123
2806 -0.0985099
2807 -0.0151735
2808 -0.0201395
2809 -0.0136586
2810 -0.656936
2811 -0.206214
2812 -0.123898
2813 0.0969939
2814 -0.00371739
2815 -0.630218
2816 0.0229466
2817 -0.880723
2818 -0.870543
2819 0.515398
2820 0.181075
2821 -0.123103
2822 -0.149322
2823 -0.192936
2824 -0.0351009
2825 0.0419684
2826 -0.0191837
2827 -0.846105
2828 -0.6142
2829 -0.459761
2830 -0.226268
2831 -0.274162
2832 -0.0338622
2833 0.028938
2834 -0.371669
2835 0.179756
2836 -0.0338995
2837 -0.250844
2838 -0.0244617
2839 0.665614
2840 -0.223099
2841 -0.545593
2842 0.0140974
2843 -0.748656
2844 0.502838
2845 -0.360298
2846 -0.213562
2847 1.08932
2848 -0.111099
2849 0.116593
2850 -0.0404824
2851 -0.625073
2852 -0.253027
2853 0.0217123
2854 -0.137064
2855 -0.192917
2856 -0.281705
2857 -0.329934
2858 -0.52806
2859 -0.239521
2860 0
2861 -0.679084
2862 -0.528875
2863 0
2864 -0.266492
2865 -0.858166
2866 -0.712916
2867 -0.438742
2868 -0.52646
2869 0
2870 0.384859
2871 -0.782154
2872 0
2873 -0.354988
2874 -0.514697
2875 -0.22816
2876 0.13623
2877 -2.23323
2878 -1.47777
2879 -5.08957
2880 -0.974794
2881 7.81485
2882 0
2883 -0.0881624
2884 -0.235801
2885 -0.730952
2886 -0.245407
2887 -0.231228
2888 -0.31961
2889 0
2890 -0.360566
2891 0.579416
2892 -1.61644
2893 1.42406
2894 0.328478
2895 -0.337368
2896 -0.319138
2897 -0.337511
2898 -0.197141
2899 -0.676194
2900 -0.0775479
2901 1.62748
2902 0.170151
2903 0.256755
2904 -0.32896
2905 0.483279
2906 -0.546589
2907 0.0966044
2908 0.728279
2909 -0.20576
2910 0.0628865
2911 0.0163192
2912 0.183008
2913 0.308939
2914 0.0465565
2915 -0.0121004
2916 0.0021453
2917 -0.0107202
2918 0.0176937
2919 0.0483193
2920 -0.0015516
2921 0.00807344
2922 0.010811
2923 0.00835781
2924 -0.00547385
2925 0.00977724
2926 7.87809e-05
2927 -0.0058794
2928 -0.00560031
2929 -0.0156429
2930 0.0121635
2931 0.0569513
2932 0.00630481
2933 0.00412433
2934 0.135018
2935 0.00217679
2936 0.0315741
2937 -0.0148525
2938 0.00159678
2939 -0.00261849
2940 0.0149218
2941 0.00160638
2942 -0.000514724
2943 0.00615274
2944 -0.0036577
2945 0.00796152
2946 -0.320388
2947 -0.477718
2948 -0.00364425
2949 -0.00286761
2950 0.0614093
2951 0.0428164
2952 0.00943237
2953 0.00351909
2954 3.43365e-05
2955 -2.37014e-06
2956 -0.0010045
2957 0.019331
2958 -0.00501215
2959 0.00200593
2960 0.013059
2961 -0.00190994
2962 0.368563
2963 0.398174
2964 0.00878416
2965 0.000573186
2966 0.00195779
2967 0.00609276
2968 -0.00103677
2969 0.0250619
2970 -0.0072313
2971 -0.00152644
2972 -0.00253875
2973 -0.0463801
2974 -0.197167
2975 0.00122883
2976 -0.0115098
2977 -0.00529721
2978 0.0289657
2979 0.00838245
2980 0.208935
2981 0.12817
2982 0.0259154
2983 0.0117638
2984 -0.0105494
2985 -0.00750875
2986 0.00124
2987 0.000358929
2988 0.0566947
2989 0.0164024
2990 0.00712969
2991 -4.75664e-05
2992 0.0132936
2993 0.0288436
2994 0.0357305
2995 -0.00371769
2996 0.000634223
2997 0.0311629
2998 0.0351287
2999 0.0479111
3000 0.0542724
3001 -0.00110925
3002 -0.00275081
3003 -0.00765926
3004 0.00024894
3005 0.00263182
3006 0.0112686
3007 0.0271291
3008 0.0217167
3009 0.0224023
3010 0.0454208
3011 0.04649
3012 0.019796
3013 0.0128432
3014 0.0187468
3015 0.0320492
3016 0.00533535
3017 0.00304342
3018 0.140305
3019 -0.00555901
3020 -0.00401709
3021 0.0188324
3022 -0.00722218
3023 0.0300119
3024 -0.00307313
3025 0.0435378
3026 0.0401961
3027 -0.0110824
3028 -0.6107
3029 -0.68587
3030 0.0278651
3031 0.0134859
3032 -0.003369
3033 0.00129303
3034 -0.000829595
3035 0.0420044
3036 0.0148284
3037 -0.00118852
3038 0.00488008
3039 -0.352619
3040 -0.288943
3041 -0.384823
3042 -0.00433311
3043 0.0150842
3044 0.0143471
3045 0.00318161
3046 -0.00185643
3047 -1.11072
3048 0.00262037
3049 0.00523251
3050 -0.866917
3051 -0.00698701
3052 -0.000390347
3053 -0.0105082
3054 0.0589241
3055 -0.00291582
3056 0.00554697
3057 0.0042765
3058 -0.00015902
3059 0.00274511
3060 0.00338037
3061 0.00229623
3062 0.0216026
3063 0.01439
3064 0.0225448
3065 -0.00324736
3066 0.0166417
3067 0.00891492
3068 -0.0999505
3069 -0.259349
3070 -0.444168
3071 -0.0258587
3072 -0.00258966
3073 -0.00302348
3074 0.0123573
3075 0.139126
3076 -0.00476316
3077 -0.00156452
3078 0.0124658
3079 -0.00171388
3080 -0.336737
3081 -0.121737
3082 0.0983296
3083 0.703705
3084 0.00532095
3085 0.00176121
3086 0.0066283
3087 0.00225558
3088 -0.00296315
3089 -0.399746
3090 -0.00893509
3091 0.0648153
3092 0.0159116
3093 0.00410017
3094 -0.000869173
3095 -0.00599023
3096 0.00342803
3097 0.0193751
3098 0.0325191
3099 0.02797
3100 -0.0109543
3101 -0.0022645
3102 0.0250707
3103 0.0176433
3104 0.0146867
3105 0.00323358
3106 0.00219927
3107 -0.0010383
3108 0.0125351
3109 0.00900752
3110 0.0130799
3111 -0.00387837
3112 0.0595774
3113 0.00208091
3114 0.00204287
3115 0.00528174
3116 0.00475149
3117 0.0258945
3118 0.039111
3119 -0.00332877
3120 -0.00450624
3121 0.00872744
3122 0.00271883
3123 -0.000902985
3124 0.00368513
3125 0.0306503
3126 -0.00443058
3127 0.000828149
3128 0.00953348
3129 0.0469358
3130 0.0010659
3131 0.00609858
3132 -0.00916106
3133 0.0220456
3134 -0.00381504
3135 -0.0790128
3136 0.00891115
3137 9.21941e-05
3138 0.0280827
3139 -0.00118514
3140 0.0116058
3141 -0.00564425
3142 0.00030963
3143 0.0101072
3144 0.00101933
3145 -0.0048323
3146 0.000503055
3147 -0.00708824
3148 -0.00360892
3149 0.0356637
3150 0.0426873
3151 0.0119915
3152 -0.00452428
3153 0.0110049
3154 -0.00508558
3155 0.00502362
3156 0.00958276
3157 -0.548759
3158 -0.569861
3159 -0.000743966
3160 -0.000417242
3161 0.0370745
3162 0.00345208
3163 0.037955
3164 0.0378854
3165 0.0188965
3166 0.0398648
3167 0.00190362
3168 0.00919129
3169 -0.00303365
3170 0.034345
3171 0.0384275
3172 0.0345431
3173 0.0202477
3174 0.0273273
3175 0.000182758
3176 0.0730129
3177 0.164186
3178 -0.000335806
3179 0.00109322
3180 0.0599169
3181 -0.00087894
3182 0.00323194
3183 -0.00544444
3184 0.0195608
3185 0.0167769
3186 0.0149304
3187 0.00653789
3188 0.0360597
3189 0.0203608
3190 0.0204085
3191 0.0104735
3192 0.064501
3193 0.0261683
3194 0.0909208
3195 0.0274242
3196 0.00661975
3197 0.00601909
3198 0.00601909
3199 0.0787981
3200 0.0154232
3201 0.0603748
3202 0.0173573
3203 0.0263573
3204 0.0348118
3205 0.0328611
3206 0.0295604
3207 0.0487997
3208 0.105659
3209 -0.271233
3210 0.0437568
3211 0.0324542
3212 0.0295239
3213 0.0527719
3214 0.0330482
3215 0.0118244
3216 0.0295003
3217 0.000246496
3218 0.00742971
3219 0.00701501
3220 -0.00927996
3221 -0.00347613
3222 -0.00578515
3223 -0.00660839
3224 -0.00276322
3225 -0.00276376
3226 0.00836049
3227 0.0111757
3228 0.00146492
3229 -0.00141235
3230 0.00629094
3231 -0.000236113
3232 -0.0698853
3233 -0.107899
3234 0.00188383
3235 -0.00531328
3236 0.00829945
3237 0.00765454
3238 -0.000133789
3239 0.0138576
3240 -0.0058756
3241 0.0175299
3242 0.000329995
3243 0.012556
3244 -0.00844768
3245 0.0946586
3246 -0.000780364
3247 -0.00752905
3248 -0.0101707
3249 -0.0059785
3250 0.270747
3251 -0.0239055
3252 0.0282523
3253 0.00341679
3254 0.00444088
3255 0.000259829
3256 -0.00811072
3257 -0.0181299
3258 -0.0066898
3259 -0.0126522
3260 -0.00595548
3261 -0.000591795
3262 -0.00416707
3263 -0.00373154
3264 0.0072095
3265 -0.00159559
3266 0.0482539
3267 -0.00196677
3268 0.192902
3269 -0.0109372
3270 -0.00219761
3271 -0.00587567
3272 0.115745
3273 -0.0105098
3274 -0.00702777
3275 0.00636479
3276 -0.00567586
3277 -0.00471762
3278 -0.000637914
3279 -0.00249638
3280 0.00173116
3281 0.00430268
3282 0.0457232
3283 0.000367487
3284 0.0227772
3285 0.0940917
3286 0.00491597
3287 0.0167274
3288 -0.00727951
3289 -0.00158795
3290 -0.00240811
3291 -0.000434267
3292 0.00727282
3293 0.00267598
3294 -0.00433846
3295 -0.00317029
3296 0.00313773
3297 -0.00684243
3298 -0.000816216
3299 -0.00919324
3300 -0.00448361
3301 0.000604217
3302 0.00401828
3303 0.00122021
3304 -0.00137617
3305 0.00365615
3306 -0.0032833
3307 0.0384033
3308 -0.00211513
3309 -0.00274553
3310 -0.00268824
3311 0.00301561
3312 0.00561546
3313 0.00615377
3314 -0.00293462
3315 0.661314
3316 0.00976433
3317 0.810921
3318 0.00528497
3319 -0.00249649
3320 -0.00583818
3321 -0.000889117
3322 -0.00430043
3323 0.00822177
3324 -0.00572034
3325 0.017772
3326 -0.00437797
3327 0.02091
3328 -0.00200851
3329 0.00127001
3330 -0.00819969
3331 0.0107563
3332 -0.000782484
3333 -0.00354572
3334 -0.000798063
3335 0.00563365
3336 0.00735843
3337 0.000139909
3338 -0.0121707
3339 -0.908253
3340 -0.0167106
3341 -0.00660406
3342 0.0148999
3343 0.0120436
3344 0.00234017
3345 -0.00607385
3346 0.00410553
3347 0.00307074
3348 0.0264055
3349 -0.00871013
3350 0.0119867
3351 -0.00551031
3352 -0.00277501
3353 0.0113011
3354 -0.00395871
3355 -0.00406476
3356 -0.0734732
3357 -0.00274115
3358 0.00365781
3359 0.0314881
3360 -0.00248414
3361 -0.00641128
3362 -0.00868228
3363 0.00207776
3364 0.00558655
3365 -0.00652376
3366 -0.00194582
3367 0.00788813
3368 0.0467067
3369 -0.1801
3370 -0.00472672
3371 -0.0138402
3372 -0.677173
3373 0.0412374
3374 -0.0121477
3375 -0.0180287
3376 0.00379434
3377 0.0850921
3378 0.00234717
3379 -0.00672247
3380 -9.747e-05
3381 -0.00264585
3382 -0.00188642
3383 -0.00610651
3384 0.000175237
3385 0.0181104
3386 -0.0034043
3387 0.000560832
3388 -0.00254199
3389 -0.0208948
3390 0.00174131
3391 0.0112127
3392 0.508375
3393 0.441235
3394 -0.00363301
3395 0.00340125
3396 -0.00723666
3397 0.016915
3398 0.0157199
3399 0.000272137
3400 0.00303863
3401 0.208133
3402 0.191187
3403 0.0143498
3404 0.0178586
3405 0.0164328
3406 0.0130435
3407 0.0090183
3408 0.00334553
3409 -0.00190678
3410 -0.00254416
3411 0.227346
3412 0.21876
3413 -0.00440863
3414 0.0118785
3415 0.0993216
3416 -0.00506797
3417 -0.00303692
3418 0.00580562
3419 0.00797382
3420 -0.00201117
3421 0.000439271
3422 -0.00155492
3423 -0.0112569
3424 0.00372642
3425 -0.0116549
3426 -0.00139313
3427 -0.00686917
3428 0.00385379
3429 0.0149004
3430 -0.0044204
3431 -0.00246948
3432 -0.00517455
3433 0.00443012
3434 -0.00630952
3435 0.0102807
3436 0.00385869
3437 0.00632677
3438 0.00383723
3439 0.00514089
3440 -0.00737538
3441 -0.00793135
3442 0.000584422
3443 -0.0137706
3444 -0.00510704
3445 0.00160794
3446 -0.00491639
3447 -0.00276479
3448 0.0124532
3449 -0.0168348
3450 -0.0213885
3451 0.00643818
3452 -0.00537003
3453 -0.00493299
3454 -0.00731165
3455 0.00304041
3456 -0.00275305
3457 -0.0093534
3458 0.0677616
3459 -0.00271499
3460 -0.0170491
3461 -0.00407863
3462 -0.00298765
3463 0.000308536
3464 -0.00654453
3465 -0.00287624
3466 0.00262376
3467 0.00370182
3468 -0.000189071
3469 -0.000134974
3470 0.0165854
3471 -0.000794849
3472 -0.000665231
3473 0.0196734
3474 0.0257972
3475 -0.00229831
3476 0.032837
3477 0.0117312
3478 -0.00284785
3479 -0.00254202
3480 0.0241731
3481 0.0234871
3482 -0.000150507
3483 -0.00100052
3484 0.0138685
3485 0.0101864
3486 0.0193652
3487 -5.19544e-05
3488 -0.00327206
3489 0.0302424
3490 0.0215575
3491 -0.0076879
3492 -0.00776801
3493 0.0055834
3494 0.000938775
3495 -0.00605081
3496 0.0790045
3497 -0.000627202
3498 0.0312467
3499 0.0040794
3500 -0.00629899
3501 -0.00743162
3502 0.00633313
3503 0.011725
3504 0.194168
3505 -0.00870745
3506 0.0104761
3507 0.00547609
3508 -0.00141562
3509 -0.00139206
3510 -0.00328973
3511 0.000857823
3512 0.00951019
3513 -0.00687619
3514 0.0187397
3515 -0.0010407
3516 0.00309944
3517 0.000687823
3518 -0.00812846
3519 -0.00775181
3520 0.254303
3521 -0.000799669
3522 0.0152739
3523 0.0121953
3524 0.016675
3525 0.0221268
3526 -0.0093609
3527 0.0270598
3528 0.0149077
3529 0.00934002
3530 -0.00193892
3531 0.0258386
3532 -7.76638e-05
3533 -7.76638e-05
3534 0.0501514
3535 -0.0129522
3536 0.018505
3537 0.0142927
3538 -0.00116549
3539 0.0736871
3540 -0.00264432
3541 0.00874949
3542 -0.000242097
3543 -0.00106426
3544 -0.00073861
3545 -6.61536e-05
3546 -0.00354254
3547 0.0255264
3548 0.01915
3549 0.0109952
3550 -0.00261593
3551 0.0447879
3552 -0.00350719
3553 0.0128534
3554 -0.000431704
3555 0.0237167
3556 -0.00180448
3557 -0.0028754
3558 -0.0169658
3559 0.0205997
3560 -0.000755749
3561 0.0153055
3562 0.00888391
3563 -0.00339578
3564 0.00776364
3565 0.00894933
3566 0.0179825
3567 -0.00404013
3568 0.00640406
3569 -0.00342149
3570 0.00462753
3571 -0.00304656
3572 0.00383862
3573 -0.000627202
3574 -0.00582218
3575 -0.000989276
3576 -0.000989276
3577 0.0110053
3578 -0.00344774
3579 0.00305893
3580 -0.00383927
3581 -0.000864479
3582 -0.0136487
3583 -0.00713054
3584 -0.0035554
3585 0.0242871
3586 -0.00145312
3587 0.00113195
3588 -0.000996775
3589 -0.00285189
3590 -0.00704107
3591 0.0415433
3592 -0.000771282
3593 0.0402786
3594 -0.00148525
3595 0.0717802
3596 0.026387
3597 -0.00221529
3598 -0.00648536
3599 -0.00444612
3600 0.00109742
3601 -0.00312798
3602 0.00807904
3603 0.014422
3604 -0.0018018
3605 0.00976327
3606 -0.00236312
3607 0.00964888
3608 0.015542
3609 0.0249358
3610 0.0167277
3611 0.0229955
3612 0.0234774
3613 0.0417691
3614 -0.000440809
3615 -0.000912296
3616 -0.00314833
3617 -0.00202783
3618 0.0128054
3619 0.00605172
3620 -0.00270752
3621 0.202803
3622 0.00537643
3623 -0.00505832
3624 0.0102993
3625 0.0207295
3626 0.00635787
3627 -0.00690137
3628 0.000618251
3629 -0.000768604
3630 -0.000508296
3631 0.0144761
3632 -0.000662553
3633 -0.000115157
3634 -0.000112479
3635 -0.000134974
3636 -0.00121209
3637 -0.000251202
3638 -0.00173503
3639 -0.000512046
3640 -3.48148e-05
3641 -3.64217e-05
3642 0.00545323
3643 -0.000298336
3644 0.0035792
3645 0.00304519
3646 -0.000995168
3647 -0.000838769
3648 0.0589092
3649 -0.000618097
3650 0.0070183
3651 -0.000531328
3652 0.017088
3653 0.0164271
3654 0.000756205
3655 -0.00197266
3656 0.000680382
3657 -0.000129618
3658 0.00314595
3659 -0.00220458
3660 0.0025641
3661 -0.00347398
3662 0.0153446
3663 0.00987816
3664 -0.00102677
3665 0.0228226
3666 0.00506046
3667 -0.00479695
3668 0.0140446
3669 -0.000348684
3670 0.00788276
3671 0.00157952
3672 0.0298595
3673 0.0109161
3674 0.02763
3675 -0.000910006
3676 0.00684611
3677 0.00102152
3678 0.00128236
3679 0.00489904
3680 -0.0160668
3681 -0.0263634
3682 0.000206918
3683 0.0196798
3684 -0.000181573
3685 -0.00162023
3686 -0.00151257
3687 0.00056637
3688 -0.000747373
3689 0.0062545
3690 -0.00119013
3691 -6.48091e-05
3692 -6.37379e-05
3693 0.235376
3694 0.307487
3695 0.00686097
3696 -0.0033299
3697 0.00914635
3698 0.0023043
3699 -0.000377071
3700 -0.000247453
3701 -0.00198444
3702 -0.000718256
3703 -3.64217e-05
3704 0.0201688
3705 -0.000453664
3706 0.0170001
3707 -0.00180823
3708 -0.00128172
3709 -0.0011394
3710 -0.00642367
3711 0.00317284
3712 -0.000124262
3713 0.00275014
3714 0.109209
3715 -0.00703581
3716 0.00909191
3717 -0.00103371
3718 -0.00762016
3719 -0.0106296
3720 -0.000117835
3721 -0.000304764
3722 -0.0013326
3723 0.000688593
3724 -0.000103909
3725 -0.0017536
3726 -0.000515795
3727 0.000652171
3728 -1.55328e-05
3729 -0.000763783
3730 -0.000772353
3731 0.00447272
3732 0.0134897
3733 -0.000941071
3734 0.00424378
3735 -0.00342578
3736 0.00938953
3737 0.0647143
3738 -6.85584e-05
3739 0.27522
3740 -0.00264164
3741 -0.000990348
3742 -0.00151685
3743 0.0356725
3744 -0.00674658
3745 -0.000479373
3746 -0.000386177
3747 0.0101336
3748 -0.0184658
3749 -0.00154332
3750 0.00697238
3751 0.000984536
3752 0.0255254
3753 0.0128465
3754 0.0374202
3755 0.0418295
3756 0.0294983
3757 0.0362118
3758 -0.000167111
3759 0.0594413
3760 0.00484182
3761 0.00944668
3762 0.0103765
3763 0.0172454
3764 -0.00597583
3765 -0.00156185
3766 0.00795592
3767 0.000136199
3768 -2.90587e-06
3769 -0.00155542
3770 0.000611823
3771 -0.00533363
3772 -0.0048489
3773 0.0167579
3774 0.0150032
3775 -0.0021444
3776 -0.00276154
3777 -6.42735e-06
3778 -0.00119388
3779 0.0392999
3780 0.0213718
3781 0.958635
3782 0.0127499
3783 -0.00131546
3784 0.00520994
3785 -0.00635879
3786 0.12749
3787 -0.00113443
3788 -0.00151364
3789 0.00514306
3790 0.00108306
3791 -0.00201712
3792 -0.00232777
3793 0.000276604
3794 -0.00165129
3795 0.00469932
3796 0.000457094
3797 -0.00405834
3798 0.00523149
3799 -0.000577926
3800 -0.000186775
3801 -0.00125494
3802 0.0401247
3803 -0.00149864
3804 -0.0230557
3805 -0.00659875
3806 0.00176846
3807 0.00261524
3808 0.0173761
3809 -0.00194534
3810 0.00891913
3811 0.00336745
3812 0.00236394
3813 -0.00267646
3814 0.00166338
3815 0.011643
3816 0.00974478
3817 -0.00327259
3818 0.00738366
3819 -0.00492978
3820 -0.00612794
3821 0.0294762
3822 -0.000771282
3823 0.125
3824 0.115691
3825 0.011022
3826 0.0178886
3827 0.0144254
3828 -0.000505618
3829 -1.01766e-05
3830 -0.00151257
3831 0.00727428
3832 -0.00234491
3833 0.00418599
3834 -0.00456503
3835 0.00707712
3836 -0.000954997
3837 -0.00189768
3838 0.00389949
3839 0.0103731
3840 -0.00122227
3841 -0.00188482
3842 0.541205
3843 0.751649
3844 0.00972
3845 -0.00162826
3846 0.00425965
3847 -0.00215798
3848 0.000723487
3849 -0.00162826
3850 -0.00591584
3851 -0.0127144
3852 -0.00116573
3853 -0.0061258
3854 0.00641294
3855 -0.00349433
3856 0.0124405
3857 0.000747869
3858 0.0339441
3859 -0.00272948
3860 0.0195122
3861 -0.00926235
3862 -9.05185e-05
3863 -0.00273484
3864 0.0170522
3865 -0.00284678
3866 0.0132921
3867 -0.00862229
3868 -8.40912e-05
3869 0.0193304
3870 -0.0010032
3871 0.00630378
3872 0.170362
3873 -0.000962986
3874 -0.0043097
3875 -0.00385105
3876 0.00212609
3877 -0.000685686
3878 -0.00367591
3879 0.00283936
3880 0.0274867
3881 0.00372795
3882 0.0360265
3883 -0.000469197
3884 -0.0101584
3885 0.000841151
3886 -0.0173287
3887 -0.00863889
3888 -0.0110858
3889 -0.0156089
3890 0.00420797
3891 -0.0014895
3892 -0.000360467
3893 -0.00138617
3894 0.000126148
3895 -0.00170218
3896 0.0441917
3897 -0.000483658
3898 0.0022473
3899 -0.00114085
3900 0.0339816
3901 -0.000848946
3902 -0.000470803
3903 -0.000470803
3904 -0.0043631
3905 -0.00261861
3906 0.0137983
3907 0.00418811
3908 0.00154769
3909 -7.23077e-05
3910 -0.00676318
3911 -0.00676586
3912 0.0043979
3913 0.0116364
3914 -0.00305577
3915 0.00806488
3916 0.00184746
3917 0.00143265
3918 0.0025464
3919 -0.00641145
3920 -0.000990348
3921 0.0413488
3922 0.0128331
3923 -0.00012694
3924 0.00501233
3925 0.0032051
3926 -0.00608134
3927 -0.00151488
3928 0.0210988
3929 -0.000846125
3930 -0.00505136
3931 0.131391
3932 0.00825952
3933 0.00598797
3934 0.0185504
3935 0.0282706
3936 -0.0028425
3937 -0.00238455
3938 0.024802
3939 -0.00506582
3940 -0.000527043
3941 0.00113883
3942 -0.00342578
3943 0.00749651
3944 -0.00205461
3945 0.0535821
3946 0.0417438
3947 -0.000496513
3948 0.0339235
3949 -0.00204979
3950 -0.00212156
3951 0.00788854
3952 0.000367402
3953 -0.000642433
3954 -0.000376769
3955 0.0351728
3956 -0.000195499
3957 0.0120371
3958 -0.000888046
3959 -0.00974
3960 -0.01139
3961 -0.0033283
3962 0.153016
3963 0.0207722
3964 -0.00296569
3965 -0.0184568
3966 -0.00742058
3967 -0.00902241
3968 0.335209
3969 0.0188879
3970 -0.00516652
3971 0.0585522
3972 -0.000439202
3973 -0.000514724
3974 -0.00271341
3975 0.0089
3976 0.00081
3977 0
3978 0.0727936
3979 -0.00150079
3980 0.00726361
3981 0.00217361
3982 -0.00273377
3983 -0.00224368
3984 0.00898634
3985 -0.000969459
3986 0.0320287
3987 -0.000534006
3988 -0.0046218
3989 -0.00460627
3990 -0.00435399
3991 0.0255906
3992 -0.000801276
3993 0.0113058
3994 0.00770658
3995 0.00674782
3996 -0.000526507
3997 0.00191399
3998 -0.000964638
3999 0.0183604
4000 -0.00157899
4001 0.0206054
4002 -0.00069094
4003 -0.00216227
4004 0.00307464
4005 -0.00215584
4006 -0.00138081
4007 0.0207929
4008 0.0212932
4009 0.0188494
4010 -0.000400638
4011 -0.00134974
4012 0.0225116
4013 -0.00464322
4014 -0.00487193
4015 -0.00211566
4016 0.00177415
4017 -0.000509681
4018 -0.000793242
4019 0.0181328
4020 -0.000338507
4021 0.00701613
4022 -0.00197749
4023 0.000743824
4024 -0.00658695
4025 0.0522372
4026 -0.00150346
4027 0.0144009
4028 -0.00153721
4029 -0.0033087
4030 0.00180855
4031 -0.0126706
4032 0.00223876
4033 -0.00165022
4034 0.00324536
4035 0.00232536
4036 -0.00143009
4037 -0.00163737
4038 0.00682621
4039 0.00338186
4040 0.0293648
4041 -0.000703795
4042 0.0106098
4043 0.0200099
4044 -0.000422598
4045 -0.00045902
4046 -0.000377459
4047 0.00573432
4048 0.00978022
4049 0.0137628
4050 -0.0106851
4051 -0.00152168
4052 0.00975484
4053 0.0109205
4054 0.0103285
4055 -0.00354629
4056 0.00967982
4057 0.0128713
4058 -0.00219708
4059 -0.00491076
4060 0.0472289
4061 -0.000388855
4062 0.0967478
4063 -0.00659875
4064 -0.00140912
4065 -0.000252809
4066 -0.0123109
4067 -0.0108752
4068 0.00120513
4069 -0.000598815
4070 0.0135292
4071 0.022903
4072 -0.00323028
4073 0.00793664
4074 0.016034
4075 -0.0109293
4076 -0.00244186
4077 0.00507738
4078 0.0101622
4079 0.00641625
4080 -3.74929e-06
4081 -0.000565071
4082 -0.00107712
4083 -0.000280695
4084 0.0149843
4085 -0.000283875
4086 -0.00692708
4087 -0.00455646
4088 -0.00225546
4089 0.0448125
4090 0.00140382
4091 -0.00249442
4092 0.0166601
4093 -0.00204015
4094 0.0142688
4095 -0.000311191
4096 -0.00443969
4097 -0.00744662
4098 -0.00590504
4099 0.00178327
4100 -2.35669e-05
4101 0.00991313
4102 -0.00106051
4103 0.00965715
4104 0.0145494
4105 0.00268794
4106 -0.00122227
4107 0.0277204
4108 0.00037898
4109 0.00561059
4110 -0.00073004
4111 0.0190301
4112 0.000408291
4113 -0.00134546
4114 -0.00168075
4115 0.0112762
4116 -0.00275037
4117 -0.000409732
4118 -0.0145539
4119 -0.00240022
4120 0.00100611
4121 -0.00116924
4122 -0.00321475
4123 0.00260621
4124 -0.00104605
4125 0.026904
4126 -0.000172467
4127 -0.00203372
4128 -0.00115639
4129 -0.00340925
4130 -0.00394532
4131 0.23268
4132 -0.00487622
4133 -0.00906184
4134 -0.00528995
4135 0.000966217
4136 -0.00166575
4137 -0.00215415
4138 -0.00131238
4139 -0.00802922
4140 -0.00351255
4141 0.00039008
4142 0.0049546
4143 -0.0011355
4144 0.00918225
4145 0.035128
4146 0.00482519
4147 -0.00111354
4148 0.00390646
4149 0.00566174
4150 0.0129081
4151 0.0377608
4152 -0.00595065
4153 0.00820232
4154 0.00242948
4155 0.00705165
4156 -0.00143223
4157 0.0199148
4158 -0.00127797
4159 0.0299498
4160 -0.00665338
4161 0.0123075
4162 -0.00119013
4163 -0.00592515
4164 0.00212797
4165 -0.00474946
4166 -0.00124851
4167 0.00374531
4168 -0.00282964
4169 0.00961715
4170 -0.000620775
4171 -0.000881618
4172 0.00463183
4173 0.00500034
4174 0.0045461
4175 -0.00363949
4176 -0.0132109
4177 0.00456888
4178 0.00156199
4179 0.00659776
4180 -0.00364752
4181 0.00254906
4182 -0.00209692
4183 0.00550496
4184 -0.000602564
4185 0.0655076
4186 -0.00172896
4187 0.017256
4188 0.00998754
4189 -0.445742
4190 -0.0101579
4191 -0.485883
4192 0.00883545
4193 -0.000416558
4194 -0.00566843
4195 -0.0116105
4196 0.00321741
4197 -5.35613e-06
4198 -5.35613e-06
4199 -0.000613276
4200 0.0175022
4201 0.0311465
4202 -0.000233527
4203 -0.00176966
4204 -0.000116764
4205 -0.000339578
4206 -0.00319761
4207 0.0279077
4208 0.0269233
4209 0.00607668
4210 -0.00281786
4211 -0.00342806
4212 -0.00664695
4213 0.00889276
4214 0.00889276
4215 0.00451093
4216 -0.0123159
4217 0.0479364
4218 -0.000274769
4219 0.00280786
4220 0.00391886
4221 -0.00273912
4222 0.0220164
4223 -0.00125066
4224 -0.000462769
4225 -0.00768015
4226 0.00242231
4227 -0.00303424
4228 -0.00191428
4229 0.00848705
4230 0.131648
4231 0.00746025
4232 -0.000929288
4233 0.00311266
4234 -0.00644342
4235 0.0298021
4236 -0.00197266
4237 -0.00673211
4238 0.0231902
4239 -0.000587031
4240 -0.00270861
4241 0.00847138
4242 -0.00271675
4243 -0.00693565
4244 -0.0237823
4245 -0.00962442
4246 -0.000203533
4247 0.0160018
4248 0.020681
4249 -0.00593512
4250 0.020789
4251 -0.000913755
4252 0.0076962
4253 0.0136717
4254 -0.00451575
4255 -0.00502833
4256 0.0198611
4257 0.011691
4258 -0.0047075
4259 0.00417003
4260 0.00238678
4261 0.00720713
4262 0.00751297
4263 0.0248337
4264 0.0152279
4265 -0.00337971
4266 -0.00337543
4267 0.0210854
4268 -0.00152542
4269 0.00825884
4270 -0.0005249
4271 -0.00607599
4272 0.0017621
4273 0.0029677
4274 -0.00152168
4275 0.0174927
4276 0.0125415
4277 -0.00092286
4278 -0.00186393
4279 0.0241528
4280 -0.0036968
4281 0.0260883
4282 -0.000283875
4283 0.00812432
4284 -0.000876262
4285 0.0111057
4286 0.0202077
4287 -0.000801276
4288 -0.000468581
4289 -0.00365127
4290 0.0224153
4291 -0.00132832
4292 0.00834343
4293 0.00696209
4294 0.0159721
4295 0.0238747
4296 0.0158524
4297 -0.000864479
4298 -0.00272275
4299 -0.0033208
4300 0.0121943
4301 -0.0121003
4302 -0.00489504
4303 0.00786545
4304 0.0550542
4305 -0.00528328
4306 0.000340103
4307 -0.00212071
4308 -0.00234116
4309 0.000796684
4310 -0.00430599
4311 0.000567761
4312 0.00712856
4313 -0.00236955
4314 -0.00226457
4315 0.000798621
4316 -0.00334383
4317 0.000299647
4318 -0.00153346
4319 -0.00197008
4320 -0.000233527
4321 -0.000614348
4322 0.0137125
4323 -0.000771282
4324 -0.00892455
4325 -0.0118397
4326 0.0780244
4327 -0.000710758
4328 0.00288757
4329 -0.000614348
4330 0.0126788
4331 -0.00568606
4332 0.0233407
4333 -0.000761105
4334 0.0127538
4335 0.0129894
4336 -0.00362556
4337 -0.0031028
4338 0.00796428
4339 -0.000605242
4340 -3.93958e-05
4341 -0.0020905
4342 -0.246578
4343 -0.0253837
4344 -0.583747
4345 0.021308
4346 0.0564878
4347 0.0504423
4348 0.0140177
4349 0.0162706
4350 -0.00167058
4351 0.012856
4352 0.0112304
4353 0.0030061
4354 0.00975855
4355 -0.0057221
4356 -0.00219066
4357 -0.00949308
4358 0
4359 0.0348441
4360 0.0245832
4361 0.0242337
4362 -0.00442952
4363 0.0111111
4364 -0.0066341
4365 0.00643089
4366 -0.000858051
4367 -0.00246971
4368 0.18173
4369 0.0196499
4370 -0.000794849
4371 0.0239761
4372 -0.0017552
4373 0.0113108
4374 0.0231628
4375 -0.00293194
4376 0.0537425
4377 0.0179503
4378 0.0285281
4379 -0.00396246
4380 0.0329604
4381 -0.0036968
4382 0.0396254
4383 -0.00175252
4384 0.00723552
4385 -0.00100213
4386 -0.0715121
4387 -0.00312178
4388 0.00642493
4389 0.00963317
4390 0.0126204
4391 0.0490745
4392 -0.000931966
4393 0.016562
4394 0.0201517
4395 0.0240645
4396 0.00106947
4397 0.0032993
4398 0.0249365
4399 -0.00481034
4400 -0.00083502
4401 0.0204366
4402 -0.00017086
4403 0.0823581
4404 -0.133426
4405 -0.0144163
4406 0.0216256
4407 -0.00416332
4408 0.000692068
4409 -0.00151525
4410 0.00361149
4411 0.00603934
4412 -0.00263896
4413 -0.00256933
4414 -0.00171932
4415 -0.003775
4416 0.142438
4417 0.00939089
4418 0.0140409
4419 -0.00130529
4420 -0.00104498
4421 0.010615
4422 -0.000775031
4423 -0.00619809
4424 0.0281102
4425 0.0608135
4426 0.0216041
4427 -0.00446005
4428 -0.00178583
4429 -0.00325974
4430 0.00185683
4431 -0.0106233
4432 0.00974671
4433 0.0256202
4434 0.0099993
4435 -0.00217815
4436 -0.00225183
4437 -0.0150239
4438 0.0372897
4439 -0.000145151
4440 0.00311217
4441 -0.00108729
4442 0.00178046
4443 0.0139733
4444 -0.00293214
4445 -0.00234491
4446 0.0096397
4447 -0.000150507
4448 -5.35613e-06
4449 -0.000404387
4450 8.28434e-05
4451 0.000147652
4452 -0.000951248
4453 0.0290534
4454 -0.00140116
4455 0.034084
4456 -0.00116549
4457 0.000582279
4458 -0.00367591
4459 0.00643383
4460 0.0167638
4461 0.0149403
4462 0.0187976
4463 0.0135645
4464 -0.000883761
4465 -0.00810382
4466 0.0182049
4467 0.0224533
4468 0.00342054
4469 -0.000860051
4470 -3.48148e-05
4471 -0.023657
4472 -0.00846284
4473 0.00203546
4474 0.00059
4475 -0.00974228
4476 0.0098328
4477 0.0103172
4478 -0.00439678
4479 -0.00348684
4480 0.0136627
4481 -0.00673481
4482 -0.00697846
4483 0.00424
4484 0.00540726
4485 0.0281907
4486 0.048393
4487 -0.00185877
4488 0.0057496
4489 -0.0142354
4490 0.00293287
4491 -0.0066038
4492 -0.00161422
4493 -0.00103427
4494 -0.00723462
4495 -0.0171558
4496 0.00045
4497 -0.0128931
4498 -0.00602233
4499 -0.0119393
4500 -0.00111903
4501 -0.014232
4502 -0.00548291
4503 -0.00661091
4504 -0.0068575
4505 0.110936
4506 0
4507 -0.097925
4508 0.0849718
4509 -0.0113913
4510 -0.00703453
4511 0.00148905
4512 -0.00676704
4513 0.447443
4514 -0.00525566
4515 0.00386553
4516 -0.0037962
4517 -0.010097
4518 -0.00335502
4519 -0.010028
4520 -0.013111
4521 0.0093397
4522 0
4523 -0.00723149
4524 -0.00291
4525 -0.0168955
4526 -0.00580264
4527 -0.0055908
4528 0
4529 -0.000200427
4530 0.0055788
4531 -0.000931789
4532 -0.00352646
4533 0.00740655
4534 0.0119889
4535 0.194297
4536 -0.00519437
4537 -0.00366374
4538 -0.00464775
4539 -0.00222749
4540 0.00298672
4541 0.00608209
4542 -0.00012241
4543 -0.00971781
4544 0.00309006
4545 0.00822613
4546 0.000817123
4547 0.00026
4548 0.000865185
4549 -0.000746792
4550 -0.0214023
4551 0.000576787
4552 0.00781715
4553 0.00233905
4554 0.00152795
4555 -0.00429393
4556 -0.00982675
4557 -0.00682456
4558 0.172036
4559 0.0330548
4560 0.00120382
4561 0.30429
4562 0.00453485
4563 0.00398142
4564 0.000927755
4565 0.00065
4566 0.00188881
4567 -0.00222966
4568 0.0011937
4569 -0.00278063
4570 0.00422355
4571 -0.00652584
4572 -0.0109592
4573 0.00894505
4574 -0.00651394
4575 -9.37606e-05
4576 0.000523282
4577 0.0190816
4578 0.000697698
4579 0.0159434
4580 0.0040516
4581 0.00460681
4582 0.00386632
4583 0.00557256
4584 -0.00855075
4585 0.0391924
4586 -0.0214728
4587 0.343503
4588 0.135261
4589 0.0119734
4590 0.025437
4591 0.0106566
4592 -0.00104409
4593 0.0132336
4594 0.00167855
4595 8.46728e-05
4596 -0.0105216
4597 0.00570026
4598 -0.00690536
4599 -0.00110217
4600 0.128946
4601 0.000445299
4602 -0.00452385
4603 0.0337592
4604 0.00242915
4605 0.0242484
4606 0.00160363
4607 0.020048
4608 0.000972541
4609 0.308284
4610 0.00510054
4611 -0.00747126
4612 -0.00190678
4613 0.313668
4614 0.0660158
4615 0.0164744
4616 0.0256032
4617 0.00313488
4618 0.0421289
4619 -0.00375518
4620 0.0876626
4621 0.0159624
4622 0.00348456
4623 -0.00289218
4624 0.00938667
4625 0.000196183
4626 0.0211598
4627 0.00680693
4628 0.00373972
4629 0.0104748
4630 0.001613
4631 -0.00205116
4632 -0.00018
4633 0.0305377
4634 0.00209251
4635 0.00430125
4636 0.00489257
4637 -0.00198419
4638 0.00363
4639 -0.00719105
4640 0.00774421
4641 0.024531
4642 0.000114228
4643 -0.00075755
4644 0.0495448
4645 -0.00936895
4646 0.00026
4647 0.627751
4648 0.01752
4649 0.00554717
4650 -0.00534288
4651 0.00314828
4652 0.000608576
4653 -0.00304054
4654 -0.0034019
4655 0.382261
4656 0.377072
4657 -0.00174074
4658 -0.0130687
4659 0.000353783
4660 -0.000540849
4661 -0.0202556
4662 -0.008473
4663 -0.00563723
4664 -0.0103076
4665 0.00969433
4666 0.142364
4667 0.0020785
4668 -0.00787307
4669 -0.00473997
4670 -0.00808547
4671 -0.00352123
4672 -0.00768129
4673 0.0756667
4674 -0.008111
4675 0.00190997
4676 -0.00491666
4677 0.295808
4678 0.00441746
4679 -0.00618054
4680 -0.00282267
4681 -0.00689965
4682 0.0207951
4683 0.0209936
4684 0.0100746
4685 0.00250646
4686 -0.00408939
4687 -0.00142993
4688 -0.00649179
4689 0.00146299
4690 -0.00362159
4691 -0.0168927
4692 -0.0130114
4693 -0.0287694
4694 0.00670618
4695 -0.00805248
4696 -0.012232
4697 0.00405
4698 -0.00816572
4699 -0.00149159
4700 -0.00663711
4701 -0.00376097
4702 0.0071631
4703 0.00656046
4704 0.14938
4705 -0.0138033
4706 -0.00297558
4707 -0.0268178
4708 0.0418564
4709 -0.0104512
4710 -0.0123458
4711 0.0012408
4712 0.0114436
4713 0.00227621
4714 -0.000865179
4715 0.0009
4716 -0.0117244
4717 0.000138211
4718 0.00151624
4719 0.00699274
4720 0.00335954
4721 0.00063
4722 -0.00243892
4723 -0.00143262
4724 1.1426
4725 1.05297
4726 0.770667
4727 -1.11292
4728 -0.492626
4729 0.00454804
4730 -1.55328e-05
4731 -0.0166879
4732 0.00855815
4733 -0.00584432
4734 0.00673091
4735 -0.0030876
4736 -0.019087
4737 0
4738 -0.000997692
4739 -0.0107087
4740 0.0156436
4741 -0.0828143
4742 0.117767
4743 0.00662347
4744 0.00236407
4745 0.743462
4746 -0.00995673
4747 -0.00875193
4748 0.00402561
4749 0.004817
4750 0.00933901
4751 0.0011876
4752 0.00510981
4753 0.00558756
4754 -0.00460655
4755 -0.00532766
4756 -0.000197231
4757 0.00273277
4758 0.00161607
4759 -0.00566635
4760 -0.00706986
4761 0.0117238
4762 -0.00431088
4763 -0.00193905
4764 -0.00582761
4765 0.0835923
4766 -0.00158415
4767 -0.00558618
4768 -0.0106736
4769 -0.0279311
4770 -0.0153414
4771 -0.000173897
4772 -0.00206183
4773 -0.00681942
4774 -0.0101141
4775 0.00034
4776 0.00299177
4777 0.000302074
4778 -0.0114088
4779 -0.0149143
4780 0.00778351
4781 -0.024176
4782 -0.0028945
4783 -0.00367402
4784 -0.00442587
4785 0.00193399
4786 -0.00759095
4787 -0.00317381
4788 0.00655889
4789 0.00163724
4790 0.0104142
4791 0.00044
4792 -0.00646457
4793 -0.00398741
4794 -0.010569
4795 -0.0014262
4796 0.0011502
4797 0.0014502
4798 -0.0023364
4799 0.00454513
4800 0.00472418
4801 -0.0136547
4802 -0.0168648
4803 0.00918709
4804 -0.00536771
4805 0.00344188
4806 0.0125969
4807 -0.0108245
4808 0.0553771
4809 0.00319974
4810 -0.00585757
4811 -0.00011143
4812 -0.00574598
4813 0.00994908
4814 0.000481852
4815 0.0515371
4816 0.0134687
4817 -0.00150811
4818 0.000719801
4819 0.01283
4820 -0.0133174
4821 0.0213576
4822 -0.00151525
4823 0.00169588
4824 -0.00939273
4825 -0.00443174
4826 -0.0116686
4827 -0.00150612
4828 0
4829 -0.0044727
4830 -0.000808775
4831 -0.0109359
4832 -0.00273
4833 0.00556607
4834 0.00524653
4835 -0.00394176
4836 -0.0163566
4837 0.00761113
4838 0.00470667
4839 0.00485219
4840 0.00318709
4841 0.0167597
4842 -0.0033058
4843 0.0139118
4844 -0.0100601
4845 -0.00574629
4846 -0.0108761
4847 0.0077814
4848 0.00955553
4849 -0.00476044
4850 0.00730382
4851 -0.0390386
4852 0.00566018
4853 0.00541334
4854 0.000708981
4855 0.000301117
4856 -0.0036652
4857 -0.00429026
4858 -0.0156822
4859 -0.00202462
4860 -0.00962549
4861 -0.00353504
4862 -0.00417242
4863 -0.000914826
4864 -0.000825379
4865 -0.00544664
4866 -0.00747126
4867 -0.00871442
4868 -0.00736414
4869 -0.00609473
4870 -0.0107819
4871 -0.00219066
4872 -0.00404441
4873 -0.00262986
4874 -0.00814131
4875 -0.00148311
4876 -0.00389926
4877 -0.00253934
4878 -0.00326777
4879 -0.00773317
4880 -0.00250994
4881 -0.0023323
4882 -0.0212922
4883 0.0123847
4884 0.029733
4885 0.000983619
4886 0.00026
4887 0.216571
4888 -0.015901
4889 -0.00252234
4890 0.00203774
4891 0.0100949
4892 0.0240318
4893 -0.0189952
4894 -0.014195
4895 0.000432308
4896 0.000645568
4897 -0.00496856
4898 0.00401562
4899 -0.00241847
4900 -0.00623704
4901 0.00629854
4902 0
4903 0.00593325
4904 0.00599284
4905 0.182766
4906 0.0918382
4907 0.00193784
4908 -0.00603151
4909 0.009502
4910 0.0163471
4911 0.00424972
4912 0.00888646
4913 0.0012198
4914 0.000718057
4915 0.0138709
4916 0.00949706
4917 0.00298136
4918 -0.00181299
4919 0.018473
4920 0.00888646
4921 -0.00439791
4922 -0.593143
4923 0.00196101
4924 -0.00475612
4925 0.0221212
4926 0.00359943
4927 0.0275475
4928 0.00774989
4929 -0.000199447
4930 0.00438142
4931 0.0200052
4932 0.00485485
4933 0.00587102
4934 -0.00116011
4935 0.0456401
4936 -0.76752
4937 -0.00503958
4938 0.0227697
4939 -0.00317455
4940 0.0010231
4941 0.0189877
4942 0.00698769
4943 -0.00261535
4944 -0.253079
4945 -0.230531
4946 0.0981638
4947 0.213636
4948 0.0258031
4949 0.0112408
4950 0.00763855
4951 0.00519127
4952 0.014459
4953 0.0155791
4954 -0.00136308
4955 0.0217615
4956 0.0194022
4957 0.00660847
4958 0.00657797
4959 -0.00250024
4960 0.0352887
4961 0.0504315
4962 -1.61913
4963 0.0183882
4964 0.00378636
4965 -0.00188471
4966 0.0133295
4967 0.00725136
4968 -0.365721
4969 -0.360974
4970 0.0020949
4971 -0.00583282
4972 0.00698458
4973 0.002
4974 -0.00132775
4975 0.00108172
4976 -0.00432239
4977 0.00947621
4978 0.0131758
4979 0.00424961
4980 0.0147727
4981 0.00373191
4982 0.00299954
4983 -0.00177496
4984 0.00844619
4985 0.00792236
4986 0.00456246
4987 -0.000165925
4988 0.0141998
4989 0.00257545
4990 -0.00317565
4991 0.00901501
4992 0.00100972
4993 0.00451799
4994 0.00266746
4995 0.00446773
4996 -0.00287354
4997 0.0144018
4998 0.00621429
4999 -0.00342808
5000 0.018328
5001 0.0187609
5002 0.0202808
5003 -0.0050792
5004 0.00881543
5005 -0.00508828
5006 0.0122518
5007 0.00762997
5008 0.00831229
5009 0.00514586
5010 0.000391647
5011 0.0101233
5012 -0.00360991
5013 0.0185293
5014 -0.00965013
5015 0.00170974
5016 0.00291487
5017 0.0138937
5018 0.0241027
5019 -0.0181723
5020 -0.48436
5021 0.0152322
5022 -0.185168
5023 0.00346291
5024 0.0267833
5025 0.0183278
5026 0.00623764
5027 0.0092871
5028 0.00311202
5029 0.00581103
5030 -0.00566621
5031 0.0240119
5032 0.0085742
5033 0.00423038
5034 0.0209477
5035 -0.00668497
5036 0.00496251
5037 0.00882177
5038 0.026368
5039 -0.00368501
5040 0.00394508
5041 0.00384048
5042 0.00739072
5043 -0.00324046
5044 -0.00664904
5045 0.00586529
5046 0.0153301
5047 0.00490636
5048 -0.00669991
5049 -0.0125097
5050 -0.00722165
5051 0.0112673
5052 0.0081929
5053 0.0122625
5054 -0.000219066
5055 0.00467442
5056 0.017498
5057 0.0213131
5058 0.00721428
5059 -0.00016604
5060 0.0335056
5061 0.0201859
5062 -0.0128836
5063 0.0189502
5064 0.0172507
5065 0.011616
5066 0.00825568
5067 0.00831074
5068 -0.0156088
5069 0.00505094
5070 -0.00518473
5071 -0.00792106
5072 -0.00635129
5073 -0.00722321
5074 0.00228131
5075 -0.00339251
5076 0.0046337
5077 -0.931664
5078 -0.00567053
5079 -0.00661744
5080 0.000468263
5081 0.0267287
5082 -0.00272
5083 0.00829193
5084 -0.00256023
5085 0.00446295
5086 0.00897222
5087 -0.00288257
5088 0.00654483
5089 -0.0065023
5090 0.00308252
5091 0.00288814
5092 0.0180041
5093 -0.060706
5094 0.00986225
5095 0.0145432
5096 0.0491532
5097 0.0292299
5098 0.0122791
5099 0.0194285
5100 0.00504243
5101 0.00349607
5102 0.00455068
5103 -0.00811399
5104 0.0271522
5105 0.0234956
5106 0.0209756
5107 0.0232588
5108 0.336707
5109 0.0079867
5110 0.0362111
5111 -0.01031
5112 0.0327869
5113 0.00726251
5114 -0.00637861
5115 -0.00681942
5116 -0.00340757
5117 0.0381462
5118 0.00461382
5119 0.0117059
5120 0.0190059
5121 0.0432169
5122 0.055
5123 -0.0108413
5124 0.0271328
5125 -0.273664
5126 -0.252367
5127 0.00134674
5128 -0.153421
5129 -0.15281
5130 -0.00164695
5131 0.24569
5132 0.68615
5133 0.0500039
5134 1.4592
5135 0.118971
5136 0.118971
5137 0.114821
5138 0.134821
5139 0.0981023
5140 0.258312
