type vector
size 5141
values
0 -1.09599e-11
1 -3.10241e-12
2 -1.2923e-13
3 -6.85674e-13
4 1.04805e-13
5 4.04665e-11
6 1.05249e-13
7 7.03135e-11
8 1.84623e-11
9 1.33851e-10
10 5.32161e-11
11 -5.03784e-11
12 -4.27924e-12
13 -1.01963e-12
14 -9.67004e-13
15 5.55112e-13
16 -3.97051e-11
17 -1.11217e-11
18 -5.16044e-11
19 -9.09961e-12
20 3.02356e-11
21 3.9432e-11
22 2.27587e-11
23 3.18896e-11
24 6.67147e-11
25 1.43048e-10
26 2.09557e-11
27 -3.02783e-10
28 7.95846e-11
29 -1.46025e-11
30 8.03801e-13
31 2.03638e-10
32 -5.7927e-11
33 5.86153e-12
34 4.09217e-10
35 -7.19568e-10
36 1.08269e-12
37 -3.02175e-13
38 3.73521e-14
39 -2.86576e-15
40 1.52739e-13
41 2.87846e-13
42 -1.60139e-12
43 -2.01951e-13
44 -7.99361e-15
45 -4.48364e-13
46 -3.87735e-13
47 -1.05645e-13
48 -1.06321e-12
49 -1.0853e-12
50 -2.08944e-13
51 1.95544e-12
52 -2.01505e-12
53 -2.64636e-13
54 3.27495e-13
55 2.31757e-13
56 -9.35675e-14
57 2.16979e-14
58 7.93289e-14
59 -9.46049e-13
60 1.91402e-13
61 1.62537e-13
62 1.7733e-13
63 -1.76328e-12
64 -2.53598e-12
65 -5.25118e-12
66 1.61458e-13
67 5.67775e-14
68 8.58865e-13
69 -4.78393e-13
70 5.32213e-14
71 -5.6205e-14
72 -2.63161e-12
73 -9.81437e-14
74 -7.37535e-14
75 -4.85656e-12
76 -1.68776e-12
77 1.66533e-15
78 6.30718e-13
79 -6.43452e-12
80 -6.8158e-13
81 -1.00787e-13
82 -8.12128e-14
83 -1.07692e-14
84 5.18385e-12
85 -4.85723e-15
86 2.03254e-13
87 4.70041e-14
88 4.85664e-13
89 -1.2482e-11
90 1.7887e-11
91 -1.29743e-12
92 -4.87804e-14
93 -1.77997e-13
94 -5.57998e-12
95 1.93946e-12
96 6.52256e-15
97 -4.306e-13
98 -5.01543e-14
99 2.34202e-13
100 -1.78892e-13
101 -4.97102e-13
102 2.03637e-12
103 -2.59272e-14
104 6.68632e-14
105 -3.35509e-13
106 2.30371e-15
107 6.81687e-12
108 -7.72885e-13
109 -1.96808e-12
110 -8.6435e-13
111 3.8014e-13
112 1.75207e-14
113 1.77228e-12
114 5.49734e-13
115 4.07313e-15
116 -1.12677e-13
117 -6.38604e-14
118 2.20379e-13
119 2.55795e-12
120 1.44486e-12
121 -3.14596e-12
122 4.74509e-13
123 6.40266e-13
124 7.98001e-13
125 -1.6756e-13
126 -7.74936e-13
127 -1.41709e-12
128 -8.3087e-13
129 5.30703e-12
130 -6.70108e-12
131 2.67764e-12
132 -5.17364e-14
133 3.43198e-13
134 -2.53923e-12
135 9.77093e-12
136 -1.51004e-12
137 -1.88509e-13
138 4.34312e-13
139 9.8791e-12
140 5.99368e-12
141 3.46542e-12
142 -3.64861e-13
143 3.93772e-13
144 9.11771e-14
145 -7.99043e-13
146 4.35985e-13
147 3.06644e-13
148 -5.70766e-13
149 -9.81951e-13
150 3.53398e-14
151 -2.96707e-13
152 -2.73115e-13
153 4.51747e-12
154 -7.61002e-13
155 -1.4328e-12
156 1.97842e-12
157 -2.49711e-12
158 7.21875e-12
159 -8.73097e-13
160 -2.06804e-12
161 5.75131e-12
162 -1.109e-12
163 8.47433e-13
164 3.31646e-12
165 9.59788e-12
166 -5.71609e-12
167 2.5191e-13
168 -8.9595e-14
169 3.61929e-12
170 -8.96144e-13
171 4.04399e-13
172 1.51712e-13
173 -3.92089e-13
174 -2.93521e-12
175 -1.97689e-14
176 -4.50108e-13
177 -1.51165e-11
178 9.20791e-14
179 -1.12129e-11
180 -3.03674e-12
181 3.86228e-12
182 2.16632e-13
183 -1.5879e-13
184 -2.13994e-12
185 -2.41634e-12
186 -5.08379e-12
187 6.97553e-12
188 1.0677e-12
189 8.52651e-14
190 1.09635e-12
191 6.32383e-13
192 -5.11158e-12
193 8.95131e-13
194 -4.56932e-12
195 3.12828e-12
196 1.68303e-13
197 6.44254e-12
198 -1.5743e-13
199 -1.80167e-12
200 2.25181e-13
201 3.9212e-12
202 2.04564e-12
203 3.24635e-12
204 -1.04472e-13
205 6.32508e-12
206 3.83155e-12
207 -2.88887e-12
208 3.69926e-13
209 -9.72555e-14
210 5.3848e-12
211 1.40176e-11
212 1.56654e-11
213 1.00732e-13
214 -8.88773e-12
215 5.2125e-13
216 1.44573e-12
217 4.88389e-11
218 -2.09499e-12
219 1.9741e-11
220 -1.38712e-13
221 3.6755e-11
222 -5.69579e-14
223 -3.99347e-12
224 3.59739e-12
225 2.65121e-13
226 -1.27748e-12
227 -3.60217e-13
228 3.01182e-11
229 3.3362e-12
230 1.46452e-13
231 1.62937e-12
232 -8.75688e-14
233 1.42011e-13
234 -1.60622e-12
235 1.27329e-13
236 -7.72174e-12
237 -1.02934e-12
238 9.33742e-12
239 3.90543e-12
240 6.67799e-14
241 -9.00668e-13
242 1.31006e-13
243 -5.43818e-13
244 1.67227e-15
245 -1.15088e-13
246 -2.74163e-13
247 -1.43466e-12
248 -9.58417e-13
249 6.48773e-13
250 -9.89736e-13
251 -3.75547e-13
252 -9.01501e-13
253 1.79257e-12
254 4.97809e-12
255 -1.16189e-12
256 1.25844e-13
257 -3.47142e-11
258 -2.78713e-11
259 -3.47083e-14
260 -3.16046e-11
261 9.24325e-13
262 3.47749e-13
263 4.9924e-13
264 -2.44922e-13
265 -5.20795e-13
266 -1.05221e-12
267 -1.88127e-13
268 2.42542e-13
269 -2.1593e-13
270 3.41505e-13
271 -3.91374e-13
272 -7.48217e-14
273 2.77698e-13
274 3.69267e-13
275 3.01187e-12
276 8.88394e-13
277 -2.81726e-11
278 7.73603e-13
279 1.66533e-15
280 3.19646e-12
281 7.69062e-13
282 -2.06134e-13
283 -1.78797e-12
284 1.1773e-11
285 -1.63161e-13
286 -7.4124e-13
287 1.74993e-12
288 -6.73475e-13
289 4.2264e-12
290 3.29337e-12
291 2.68724e-12
292 3.37764e-11
293 -4.58711e-12
294 -9.34947e-13
295 -3.74784e-13
296 -1.06367e-11
297 -1.61626e-12
298 -9.24122e-14
299 1.03684e-13
300 -6.15976e-13
301 1.15746e-13
302 1.56555e-13
303 1.12022e-13
304 -6.09345e-11
305 -6.58229e-12
306 1.01508e-12
307 2.4955e-13
308 1.78229e-13
309 1.73575e-12
310 -3.01301e-13
311 1.24488e-12
312 -8.81156e-12
313 2.90179e-12
314 1.30455e-13
315 1.92364e-12
316 -1.37015e-13
317 -1.36116e-11
318 -4.98024e-12
319 3.04687e-13
320 5.51219e-13
321 -1.41803e-13
322 -1.08999e-12
323 2.15808e-13
324 -7.20119e-11
325 1.3913e-12
326 4.90927e-13
327 -2.66941e-11
328 6.84479e-13
329 -7.5992e-13
330 3.07329e-12
331 -4.96136e-12
332 -1.37063e-12
333 2.85871e-12
334 3.90972e-13
335 -2.00364e-11
336 8.15056e-13
337 -3.57381e-13
338 -5.49629e-11
339 1.03806e-14
340 -9.49643e-13
341 -7.3512e-13
342 -3.56448e-12
343 1.28592e-13
344 -9.1438e-13
345 3.77476e-15
346 -1.07285e-12
347 4.54591e-10
348 -1.80966e-13
349 -2.35687e-14
350 2.20016e-14
351 -1.89183e-13
352 -6.838e-12
353 -5.16527e-11
354 -3.27296e-11
355 7.58062e-11
356 -2.52293e-10
357 -1.64767e-11
358 1.91854e-11
359 -1.47296e-10
360 -5.17825e-11
361 -6.38247e-12
362 8.79464e-12
363 -5.90383e-11
364 0
365 -3.44992e-11
366 7.23885e-11
367 -1.29334e-12
368 -2.32139e-13
369 -2.86105e-13
370 2.01766e-11
371 -1.17794e-12
372 4.7391e-14
373 1.78039e-13
374 4.51061e-13
375 3.81392e-11
376 7.21887e-13
377 -4.20201e-13
378 -2.48745e-13
379 -3.69049e-11
380 2.62103e-11
381 -9.37587e-14
382 3.62408e-12
383 -1.70263e-11
384 3.28518e-13
385 -6.60384e-11
386 4.55313e-13
387 -9.80217e-11
388 -4.00566e-11
389 -2.3313e-13
390 8.43421e-12
391 -3.05079e-12
392 1.09014e-10
393 3.04836e-11
394 4.54674e-11
395 -7.00922e-13
396 -2.19038e-11
397 2.02771e-11
398 -4.41363e-11
399 3.87113e-11
400 1.78123e-13
401 1.27687e-12
402 -5.13726e-13
403 5.47707e-14
404 -7.42587e-13
405 -4.15529e-13
406 -3.32009e-13
407 2.91682e-11
408 1.27414e-12
409 -1.06536e-11
410 9.56795e-13
411 2.24502e-11
412 1.71849e-11
413 3.51567e-12
414 -1.03749e-12
415 5.38965e-12
416 2.62784e-11
417 5.72425e-12
418 -1.12383e-11
419 -3.44803e-12
420 -2.26312e-11
421 -5.93435e-12
422 -2.06566e-11
423 1.46943e-11
424 -6.73812e-12
425 -1.51683e-11
426 -1.79311e-11
427 -1.23579e-11
428 -2.45227e-11
429 -9.55083e-12
430 -5.13565e-13
431 1.9282e-11
432 -6.90524e-11
433 1.17099e-12
434 -3.08764e-11
435 1.158e-11
436 1.94702e-11
437 1.44212e-11
438 -1.41585e-13
439 8.61377e-13
440 2.68531e-11
441 -2.80709e-11
442 3.93185e-11
443 6.59811e-13
444 2.17172e-11
445 -2.62278e-11
446 -1.6443e-11
447 1.47924e-11
448 -4.16761e-11
449 9.48521e-12
450 2.90454e-13
451 -4.72844e-11
452 4.68566e-12
453 -4.10798e-12
454 1.71307e-12
455 2.33591e-13
456 -1.28209e-12
457 -9.49871e-11
458 -1.37915e-12
459 1.07845e-12
460 9.6177e-11
461 -1.78455e-10
462 9.94982e-13
463 6.54787e-13
464 0
465 -1.96216e-12
466 -2.66492e-11
467 1.36303e-13
468 -5.86714e-11
469 2.77466e-11
470 -1.30429e-12
471 1.418e-10
472 7.0067e-12
473 0
474 -1.40656e-10
475 4.00593e-11
476 0
477 4.09728e-13
478 5.42779e-11
479 -1.27406e-10
480 -6.8568e-11
481 -4.65191e-13
482 -9.73307e-13
483 -6.15741e-11
484 1.64924e-10
485 9.83322e-11
486 0
487 -1.16663e-11
488 1.42132e-11
489 2.59741e-12
490 -7.8667e-11
491 9.65668e-11
492 -6.3181e-11
493 3.6835e-11
494 1.36036e-13
495 -5.10059e-13
496 1.23313e-12
497 -7.84522e-11
498 4.03136e-11
499 -5.14922e-10
500 -8.89327e-14
501 -1.32793e-10
502 1.77866e-10
503 -1.54927e-11
504 -7.84916e-11
505 -2.9089e-12
506 -1.18346e-10
507 6.82187e-11
508 2.23052e-10
509 -3.53234e-11
510 1.3869e-11
511 -1.24739e-10
512 8.76323e-11
513 4.24027e-10
514 -7.37036e-12
515 -7.09427e-11
516 -8.77718e-11
517 7.37164e-11
518 -3.14813e-11
519 -5.98448e-11
520 -8.33708e-14
521 -1.72216e-13
522 7.09738e-13
523 -1.1402e-13
524 -3.93054e-14
525 -2.668e-14
526 1.0405e-12
527 7.64874e-13
528 -2.86174e-13
529 -5.7028e-13
530 -4.91586e-14
531 -5.39572e-13
532 -2.89387e-13
533 -1.28411e-13
534 -1.00586e-13
535 2.26194e-13
536 1.31631e-14
537 2.19089e-13
538 9.85323e-14
539 -7.85622e-14
540 5.43315e-14
541 6.26027e-14
542 1.36072e-13
543 5.27051e-13
544 4.08995e-12
545 7.01517e-12
546 -9.43186e-12
547 -4.67681e-15
548 3.3055e-13
549 -5.94746e-13
550 7.79682e-13
551 4.42233e-13
552 2.45966e-13
553 -3.81827e-13
554 -1.40055e-13
555 -2.06335e-13
556 -2.33966e-13
557 -7.85372e-13
558 1.00287e-12
559 -1.49405e-12
560 1.98921e-12
561 -2.10068e-13
562 2.60139e-14
563 4.24799e-14
564 -2.28428e-14
565 1.58098e-13
566 -7.83262e-14
567 8.37663e-14
568 9.18009e-13
569 -1.04583e-13
570 6.38163e-13
571 -1.42247e-14
572 -8.95714e-13
573 1.93595e-14
574 1.41219e-13
575 -2.45926e-13
576 -6.44526e-13
577 -3.91354e-14
578 -1.65875e-12
579 2.51028e-13
580 2.80352e-13
581 6.13537e-14
582 -2.48274e-14
583 -1.11203e-13
584 2.80895e-12
585 -7.15566e-13
586 2.26055e-13
587 -1.67144e-13
588 -6.50258e-13
589 4.68167e-14
590 3.29729e-13
591 2.33466e-13
592 3.33816e-13
593 -2.30684e-13
594 1.02043e-13
595 1.3952e-13
596 2.27297e-13
597 -1.26221e-12
598 2.9321e-13
599 7.43529e-14
600 -1.26357e-14
601 -1.63813e-13
602 -2.32432e-12
603 1.37473e-13
604 -1.45697e-12
605 2.50244e-12
606 5.32768e-14
607 2.93029e-14
608 -4.26343e-13
609 -4.49959e-12
610 -1.33907e-13
611 -8.98309e-14
612 -9.7497e-13
613 -1.01127e-13
614 2.63829e-12
615 4.0308e-13
616 4.08437e-13
617 -2.01764e-12
618 1.31561e-14
619 -6.15512e-12
620 -5.65062e-13
621 2.21479e-13
622 8.68861e-13
623 -6.2339e-14
624 -6.56706e-14
625 1.34517e-13
626 5.43766e-13
627 1.37106e-12
628 -3.05603e-13
629 -9.31338e-13
630 2.26819e-13
631 3.31082e-13
632 2.9881e-13
633 2.44651e-12
634 -3.35135e-13
635 -6.57273e-12
636 9.592e-14
637 1.56188e-13
638 5.66804e-13
639 7.96863e-14
640 2.28305e-12
641 -3.84491e-13
642 6.23758e-13
643 -2.06852e-10
644 -1.61081e-12
645 3.69828e-12
646 1.98434e-10
647 -2.33744e-13
648 -3.93713e-13
649 1.41109e-13
650 1.27239e-12
651 -1.10268e-11
652 -2.90185e-14
653 -1.41206e-14
654 7.53578e-14
655 -1.06096e-14
656 5.35544e-14
657 -4.02668e-13
658 -1.20653e-13
659 5.12666e-13
660 1.34406e-14
661 4.67931e-13
662 -5.01862e-13
663 -7.97982e-12
664 1.16475e-11
665 6.16604e-13
666 -2.64935e-12
667 1.03366e-12
668 -1.76803e-14
669 -1.52926e-13
670 9.02417e-13
671 1.17822e-13
672 4.9194e-13
673 8.44678e-13
674 1.2035e-13
675 1.13377e-14
676 2.75342e-13
677 1.46126e-13
678 1.56319e-13
679 -1.95253e-12
680 -3.17912e-12
681 3.08132e-13
682 -2.41834e-13
683 -4.48391e-14
684 1.12596e-12
685 -2.57461e-13
686 4.51722e-14
687 -1.93602e-13
688 6.58223e-14
689 -2.14301e-13
690 2.07404e-13
691 8.25173e-14
692 -3.72341e-14
693 9.86908e-13
694 -6.26027e-13
695 -8.199e-14
696 -1.06831e-13
697 4.02279e-12
698 -2.95486e-13
699 -7.60475e-13
700 7.34746e-13
701 3.86202e-12
702 -8.86002e-12
703 -1.34704e-12
704 -4.11338e-14
705 -1.00808e-13
706 -7.44571e-13
707 6.85799e-13
708 1.47316e-11
709 -3.70079e-13
710 -5.08232e-13
711 1.47993e-13
712 -1.06205e-12
713 -4.90372e-14
714 -5.67879e-14
715 -8.1888e-15
716 -7.66887e-14
717 9.87668e-13
718 -6.21031e-13
719 9.5482e-13
720 2.86923e-13
721 -7.40658e-14
722 -2.89116e-13
723 -6.2797e-15
724 -1.9576e-13
725 1.55834e-13
726 1.22399e-12
727 3.47958e-13
728 -4.21475e-13
729 3.25573e-13
730 -1.74888e-13
731 -2.01089e-14
732 5.46785e-13
733 -3.28182e-13
734 -1.85095e-13
735 2.61027e-13
736 -2.03448e-14
737 1.78191e-14
738 2.1862e-12
739 -2.14612e-11
740 -1.51726e-13
741 -1.17358e-13
742 8.83238e-13
743 8.43908e-14
744 8.56287e-13
745 -2.76307e-14
746 2.07043e-13
747 4.60271e-13
748 -4.06168e-14
749 -2.59619e-14
750 -3.97862e-13
751 -5.73847e-15
752 1.92913e-13
753 -9.60898e-14
754 -7.78683e-14
755 -8.93063e-13
756 -8.84313e-13
757 1.06859e-15
758 -4.1829e-13
759 -1.06068e-13
760 -4.27006e-13
761 -4.71991e-13
762 -1.79305e-13
763 1.2698e-12
764 -2.05548e-12
765 -1.32251e-12
766 1.32318e-13
767 7.76057e-12
768 -6.23404e-12
769 2.89617e-12
770 -5.50032e-13
771 -9.77447e-14
772 9.72507e-13
773 -3.6976e-13
774 7.28251e-13
775 -2.46303e-13
776 4.86444e-13
777 4.44675e-12
778 -1.06076e-12
779 -1.55626e-13
780 -2.72368e-12
781 -1.07891e-12
782 1.60997e-12
783 -5.01933e-12
784 1.59081e-12
785 1.42708e-13
786 2.68795e-12
787 4.30697e-14
788 3.72563e-12
789 -8.20594e-12
790 1.90119e-13
791 -3.39756e-13
792 3.35898e-13
793 2.30593e-13
794 3.07671e-14
795 -3.87149e-13
796 -7.23782e-12
797 -1.80078e-13
798 -1.02901e-12
799 -2.40225e-14
800 -9.64923e-14
801 4.6013e-12
802 1.88864e-12
803 1.63275e-12
804 -3.91645e-12
805 -4.0451e-13
806 1.04067e-12
807 -3.1998e-13
808 -1.99002e-12
809 1.51242e-11
810 4.47253e-13
811 -4.36873e-14
812 2.50522e-13
813 4.85548e-12
814 1.68857e-12
815 -7.1694e-13
816 3.78031e-14
817 -1.74472e-12
818 -5.55195e-13
819 -6.04392e-13
820 -5.1853e-13
821 5.60066e-13
822 -1.43691e-13
823 9.15795e-13
824 -9.73874e-15
825 8.42667e-14
826 2.56945e-13
827 2.12588e-12
828 -1.94569e-12
829 -6.52341e-13
830 1.25649e-13
831 6.35214e-13
832 4.28546e-14
833 2.70839e-13
834 -3.64181e-13
835 8.66529e-14
836 -1.47681e-11
837 -8.70776e-13
838 -1.58887e-13
839 -8.51401e-15
840 -1.65423e-14
841 -1.66928e-12
842 8.68962e-12
843 9.84629e-14
844 -1.10544e-13
845 1.39667e-12
846 8.16774e-13
847 5.41747e-13
848 3.97381e-13
849 7.92449e-13
850 -4.90198e-14
851 2.62498e-14
852 5.14658e-14
853 -2.12441e-13
854 -2.92073e-12
855 4.21049e-12
856 2.66093e-13
857 -6.62456e-14
858 -4.52936e-14
859 -2.40336e-13
860 8.66765e-13
861 1.23138e-13
862 2.07834e-13
863 -7.04645e-15
864 -8.00082e-13
865 -4.66988e-13
866 6.18498e-14
867 -1.50685e-13
868 -1.20431e-13
869 8.25615e-14
870 8.37108e-14
871 -2.16549e-13
872 -2.43838e-13
873 3.95157e-13
874 4.06342e-14
875 -1.96884e-13
876 -1.18226e-11
877 2.41006e-12
878 -8.35165e-14
879 -7.13707e-13
880 -4.98074e-14
881 -1.94594e-13
882 -3.98466e-13
883 1.40651e-14
884 -5.60316e-15
885 -6.36088e-14
886 1.02973e-13
887 4.61436e-14
888 3.49401e-13
889 -5.79217e-13
890 -4.27658e-13
891 -4.09131e-13
892 1.42581e-14
893 -4.50057e-14
894 1.21212e-13
895 -1.0078e-13
896 1.58207e-14
897 9.23844e-14
898 -2.17829e-13
899 1.42178e-13
900 2.18769e-13
901 1.58092e-13
902 1.96537e-13
903 -1.81383e-14
904 7.10473e-14
905 -1.1784e-13
906 9.05595e-14
907 -1.27953e-14
908 -4.59285e-14
909 1.5072e-13
910 -3.78572e-13
911 1.86096e-12
912 -5.85546e-13
913 -5.85339e-14
914 1.53341e-14
915 6.6204e-14
916 -6.6884e-14
917 3.44232e-13
918 -1.79544e-13
919 8.50459e-13
920 1.72143e-12
921 3.74145e-13
922 -2.1682e-12
923 2.38261e-13
924 1.03945e-13
925 -1.22909e-12
926 1.09736e-12
927 1.09428e-12
928 2.66703e-13
929 -5.81757e-14
930 4.00444e-14
931 1.49797e-13
932 -5.22429e-13
933 9.29812e-14
934 -4.7145e-12
935 -4.75009e-13
936 1.48367e-13
937 6.77732e-13
938 -2.01228e-14
939 6.90635e-13
940 -1.59733e-14
941 7.56409e-14
942 -3.15484e-13
943 -1.41818e-12
944 -4.9278e-12
945 9.53786e-14
946 8.39606e-14
947 1.46133e-13
948 -2.96985e-14
949 6.50178e-13
950 -1.02481e-12
951 1.14492e-12
952 6.70533e-13
953 -1.02762e-13
954 -5.71071e-14
955 -6.29774e-14
956 1.34018e-13
957 1.75693e-14
958 -4.14386e-13
959 8.23323e-12
960 -1.12033e-11
961 9.98368e-14
962 1.52198e-13
963 1.89543e-13
964 3.6908e-14
965 -2.14509e-13
966 5.4623e-14
967 -7.79418e-13
968 -3.46945e-14
969 -6.48383e-14
970 -2.28983e-15
971 -1.96156e-13
972 1.49692e-11
973 1.7024e-11
974 1.35883e-13
975 -2.74248e-12
976 1.06959e-11
977 -2.90323e-14
978 8.63198e-15
979 -4.76424e-14
980 6.05099e-13
981 -2.94977e-12
982 1.76845e-13
983 5.21111e-15
984 6.67147e-13
985 -2.96013e-14
986 2.46426e-13
987 5.71942e-13
988 -5.78947e-14
989 -3.70731e-13
990 1.04097e-13
991 7.84442e-15
992 -1.55195e-13
993 -3.40325e-13
994 9.37125e-13
995 -9.36806e-13
996 -6.8861e-12
997 -3.44783e-12
998 -1.04777e-13
999 -2.47719e-14
1000 4.67426e-13
1001 -4.21524e-13
1002 1.09968e-13
1003 -1.87947e-13
1004 1.06838e-13
1005 1.14035e-11
1006 3.15594e-12
1007 -4.70735e-14
1008 4.84446e-13
1009 9.95592e-14
1010 -1.20459e-14
1011 5.03902e-14
1012 1.21372e-13
1013 -7.24851e-13
1014 3.62696e-14
1015 6.65076e-12
1016 8.64991e-12
1017 -1.00793e-12
1018 1.54446e-13
1019 -4.02456e-15
1020 -6.29462e-14
1021 -2.79227e-13
1022 -1.6747e-13
1023 -1.64924e-13
1024 -7.15678e-14
1025 5.70655e-14
1026 3.79557e-15
1027 3.34267e-13
1028 6.5857e-14
1029 2.44141e-14
1030 -9.40283e-13
1031 6.48023e-14
1032 -3.28418e-14
1033 -6.3767e-13
1034 -1.08455e-13
1035 -5.81063e-14
1036 7.34667e-13
1037 -6.40397e-13
1038 2.36328e-13
1039 -7.39048e-13
1040 -9.95592e-14
1041 5.63946e-13
1042 1.244e-13
1043 -4.14196e-13
1044 -3.80043e-14
1045 9.92401e-14
1046 3.334e-13
1047 -3.30735e-13
1048 6.69256e-14
1049 -8.47482e-13
1050 -1.24071e-13
1051 3.41394e-15
1052 1.57513e-14
1053 2.2023e-13
1054 -1.20876e-14
1055 3.51802e-15
1056 -3.21201e-14
1057 -2.27623e-13
1058 -5.82173e-14
1059 -6.52131e-13
1060 -2.71607e-13
1061 8.5746e-14
1062 -2.72116e-13
1063 1.69469e-13
1064 3.90937e-14
1065 -1.84238e-13
1066 -3.51663e-14
1067 6.25236e-13
1068 1.73195e-14
1069 1.09341e-14
1070 3.21097e-15
1071 -6.60583e-15
1072 8.73291e-13
1073 1.58042e-13
1074 4.3727e-12
1075 1.11866e-12
1076 -1.53192e-12
1077 2.2311e-12
1078 2.45598e-12
1079 -5.28402e-12
1080 1.41331e-13
1081 -3.40193e-12
1082 8.50575e-12
1083 7.90457e-12
1084 -3.19286e-13
1085 -2.08966e-12
1086 4.41104e-13
1087 -8.73508e-14
1088 -4.19587e-12
1089 6.94028e-12
1090 1.80365e-12
1091 -3.62567e-12
1092 8.00442e-12
1093 -1.7841e-12
1094 5.71831e-12
1095 5.22349e-12
1096 -5.86322e-12
1097 5.7768e-12
1098 -3.37369e-14
1099 -7.54105e-12
1100 -3.36947e-12
1101 -5.46507e-12
1102 1.49902e-12
1103 1.57825e-13
1104 -3.84137e-14
1105 2.10192e-13
1106 9.53086e-12
1107 1.37291e-12
1108 6.32121e-12
1109 2.32413e-12
1110 -1.07383e-12
1111 7.92717e-14
1112 2.36145e-12
1113 -2.43679e-12
1114 6.60313e-13
1115 -1.02824e-11
1116 -7.53286e-14
1117 4.02581e-13
1118 1.76623e-13
1119 -2.2979e-12
1120 1.18655e-15
1121 -9.66935e-14
1122 -1.56899e-14
1123 -1.55834e-13
1124 -1.85793e-12
1125 -8.14317e-13
1126 8.39671e-12
1127 3.73119e-12
1128 -8.39223e-12
1129 -2.38382e-12
1130 2.54487e-13
1131 -1.28291e-12
1132 3.9942e-13
1133 -3.19814e-14
1134 8.74696e-15
1135 9.50587e-13
1136 -8.57149e-13
1137 -8.57149e-13
1138 3.16414e-15
1139 -2.46141e-12
1140 -1.74945e-12
1141 -4.10533e-13
1142 -3.18734e-12
1143 -1.64341e-13
1144 -3.89189e-13
1145 1.44012e-12
1146 -2.61788e-13
1147 -4.06006e-13
1148 6.41396e-13
1149 -3.66577e-12
1150 2.04444e-11
1151 -2.64966e-12
1152 1.47187e-12
1153 -1.50854e-11
1154 5.27441e-12
1155 -2.95075e-12
1156 -4.4298e-13
1157 -2.35596e-12
1158 6.15811e-12
1159 -1.0935e-13
1160 6.53324e-13
1161 -7.04596e-12
1162 1.42237e-11
1163 -8.69534e-13
1164 1.97001e-12
1165 -6.10623e-14
1166 1.42636e-13
1167 -7.5051e-12
1168 3.63627e-12
1169 -1.02766e-12
1170 -3.43282e-12
1171 2.874e-12
1172 2.25653e-14
1173 3.64935e-14
1174 -8.29545e-15
1175 -3.55281e-13
1176 -7.15289e-12
1177 1.35448e-12
1178 5.74281e-12
1179 -1.5422e-14
1180 -6.31509e-14
1181 -5.50823e-12
1182 6.37498e-12
1183 2.00692e-12
1184 -3.72622e-12
1185 2.10495e-12
1186 -6.3051e-12
1187 -4.26796e-12
1188 7.91508e-12
1189 -6.25783e-12
1190 1.74948e-12
1191 2.81804e-12
1192 -1.64738e-13
1193 -3.35423e-12
1194 1.8462e-12
1195 6.44118e-12
1196 -3.35355e-12
1197 -5.74069e-13
1198 -1.11662e-11
1199 2.29416e-12
1200 -2.0576e-12
1201 -1.8656e-12
1202 -6.19487e-11
1203 -4.0018e-11
1204 -3.39749e-13
1205 -5.72578e-12
1206 -7.24448e-13
1207 4.13992e-12
1208 4.06854e-12
1209 -3.2141e-13
1210 -7.57491e-13
1211 1.74458e-13
1212 2.05569e-12
1213 2.22337e-12
1214 1.48513e-13
1215 4.09672e-14
1216 1.05216e-12
1217 -1.86481e-12
1218 6.11206e-12
1219 1.25906e-11
1220 -1.94006e-11
1221 1.06512e-11
1222 -2.72161e-12
1223 6.01652e-12
1224 -4.3644e-12
1225 1.04072e-12
1226 -2.86663e-12
1227 -1.80426e-12
1228 2.89546e-12
1229 -1.6698e-12
1230 1.17078e-12
1231 1.49532e-12
1232 1.45965e-13
1233 -1.47096e-12
1234 -3.56902e-13
1235 4.50175e-13
1236 -4.76547e-12
1237 1.25741e-12
1238 1.87115e-13
1239 -4.89329e-13
1240 5.75223e-13
1241 -5.25076e-13
1242 4.01397e-12
1243 2.84421e-12
1244 -1.45628e-12
1245 3.71082e-12
1246 -2.61994e-12
1247 9.36716e-13
1248 3.88089e-13
1249 3.9427e-13
1250 -1.11199e-11
1251 -8.62848e-12
1252 8.61256e-14
1253 5.45176e-13
1254 4.96039e-12
1255 -5.70143e-12
1256 1.57585e-12
1257 -3.46349e-12
1258 4.84359e-12
1259 -4.54654e-12
1260 -1.34961e-12
1261 2.99369e-12
1262 -4.14981e-14
1263 -7.0888e-13
1264 -1.01193e-12
1265 -7.95672e-12
1266 1.13493e-13
1267 -9.88515e-14
1268 1.93245e-12
1269 -6.06321e-14
1270 3.59018e-13
1271 -1.00893e-12
1272 -1.51638e-12
1273 3.08215e-13
1274 -2.66581e-12
1275 6.01891e-12
1276 -4.24318e-12
1277 5.6099e-12
1278 -5.69331e-12
1279 2.91997e-12
1280 -1.29834e-12
1281 -2.65792e-12
1282 -1.34186e-11
1283 5.5198e-12
1284 -1.92377e-12
1285 5.55481e-12
1286 1.4844e-12
1287 -1.09221e-12
1288 6.59332e-13
1289 -3.6429e-12
1290 6.03853e-13
1291 -8.84337e-12
1292 1.25113e-12
1293 -4.52914e-12
1294 5.5492e-12
1295 1.2945e-12
1296 1.34822e-12
1297 -2.67453e-13
1298 -2.86694e-13
1299 3.05485e-13
1300 -1.47571e-12
1301 -5.42453e-12
1302 -2.75269e-12
1303 2.25872e-13
1304 5.1274e-13
1305 -3.35298e-13
1306 -3.45429e-12
1307 1.38226e-12
1308 -8.00827e-12
1309 6.81378e-13
1310 4.90302e-14
1311 1.19081e-12
1312 -9.09182e-12
1313 -3.14604e-12
1314 1.46932e-11
1315 7.50327e-13
1316 5.21806e-13
1317 -8.04704e-14
1318 6.8005e-13
1319 5.83862e-13
1320 -4.41598e-12
1321 -3.00086e-12
1322 -8.20694e-12
1323 -1.03961e-12
1324 -6.61519e-14
1325 -4.25433e-13
1326 5.39068e-13
1327 4.20636e-13
1328 2.73072e-13
1329 3.16666e-13
1330 7.41498e-12
1331 9.15674e-13
1332 -3.94338e-12
1333 -1.30104e-12
1334 -1.78426e-12
1335 -3.17635e-13
1336 3.08514e-12
1337 -6.81907e-12
1338 1.85431e-12
1339 -2.79885e-14
1340 5.55569e-13
1341 -1.94544e-12
1342 -2.09597e-12
1343 -3.84248e-13
1344 6.01997e-12
1345 3.60335e-12
1346 -5.55984e-12
1347 2.58826e-12
1348 -1.53557e-11
1349 8.68895e-12
1350 -3.00428e-13
1351 1.15144e-13
1352 -4.14105e-11
1353 1.87062e-11
1354 4.13613e-12
1355 2.77148e-12
1356 9.851e-12
1357 -5.12921e-12
1358 6.8176e-13
1359 1.88766e-13
1360 1.11965e-12
1361 -2.78527e-13
1362 -6.19776e-13
1363 1.59592e-12
1364 -1.67807e-12
1365 2.4117e-12
1366 -5.88783e-12
1367 3.43624e-12
1368 4.18064e-12
1369 -1.75384e-12
1370 -2.59041e-12
1371 8.85548e-12
1372 -3.52258e-12
1373 6.20133e-12
1374 -8.71486e-13
1375 -1.22749e-12
1376 6.13166e-13
1377 -5.90777e-13
1378 4.79075e-13
1379 -2.44438e-12
1380 -1.4798e-12
1381 1.1725e-13
1382 -1.20805e-12
1383 -1.28891e-12
1384 3.58405e-12
1385 -2.30926e-14
1386 -2.40204e-13
1387 4.62221e-12
1388 1.08177e-14
1389 -6.88989e-13
1390 1.85821e-12
1391 6.71881e-12
1392 1.48227e-12
1393 1.24751e-13
1394 7.77276e-13
1395 -1.4261e-12
1396 2.7993e-13
1397 -8.1501e-12
1398 1.34142e-11
1399 -1.99853e-12
1400 3.39456e-12
1401 -8.26e-12
1402 -1.63752e-12
1403 -3.0578e-12
1404 1.135e-12
1405 1.01549e-12
1406 -2.70803e-12
1407 1.32484e-12
1408 1.0435e-12
1409 -9.45418e-13
1410 -6.3764e-12
1411 1.05636e-11
1412 -3.20455e-12
1413 4.60251e-12
1414 3.96204e-13
1415 6.56582e-13
1416 6.24469e-12
1417 -2.71155e-12
1418 1.28336e-12
1419 1.34927e-13
1420 -3.00107e-14
1421 -6.50794e-12
1422 1.17378e-13
1423 -4.21119e-13
1424 -1.1603e-12
1425 2.61934e-12
1426 -1.55273e-12
1427 4.16747e-12
1428 -2.56288e-12
1429 -4.46043e-12
1430 7.98232e-12
1431 1.17285e-12
1432 6.37198e-12
1433 3.52163e-13
1434 -6.8234e-12
1435 2.80073e-12
1436 -1.11132e-11
1437 -2.57804e-12
1438 6.00258e-12
1439 2.9686e-12
1440 5.34239e-12
1441 -1.39713e-12
1442 -5.79422e-13
1443 -5.45619e-13
1444 -2.60358e-12
1445 -1.28267e-12
1446 6.8883e-13
1447 -1.74474e-12
1448 1.53819e-12
1449 6.81654e-13
1450 6.10033e-13
1451 1.04214e-11
1452 9.70105e-14
1453 1.01095e-12
1454 3.06278e-12
1455 -8.23907e-14
1456 2.74772e-12
1457 -7.40211e-12
1458 1.27992e-11
1459 -1.82373e-11
1460 5.88279e-14
1461 2.85523e-12
1462 -1.31399e-12
1463 -3.4894e-13
1464 1.89751e-13
1465 -4.95284e-13
1466 1.44481e-12
1467 -9.14642e-13
1468 9.10125e-12
1469 -7.57015e-12
1470 9.74762e-13
1471 8.402e-14
1472 1.28987e-12
1473 -4.28599e-12
1474 -7.80705e-13
1475 4.14946e-13
1476 -2.96586e-12
1477 -8.98242e-13
1478 -5.74776e-12
1479 5.89131e-14
1480 3.53676e-12
1481 -4.24608e-12
1482 5.86346e-12
1483 -4.35444e-12
1484 -3.68719e-12
1485 -2.82736e-12
1486 1.03993e-12
1487 -3.79371e-12
1488 -2.41294e-12
1489 3.14513e-12
1490 -4.41147e-12
1491 3.46919e-12
1492 7.24448e-13
1493 1.61826e-12
1494 6.84908e-12
1495 -9.82107e-12
1496 5.5145e-14
1497 -3.2207e-12
1498 -3.78291e-13
1499 1.44429e-12
1500 3.73075e-12
1501 -1.09272e-11
1502 4.39808e-12
1503 -6.35592e-12
1504 5.02798e-12
1505 -3.53565e-11
1506 -2.65079e-13
1507 1.56259e-13
1508 5.7929e-13
1509 1.05032e-12
1510 -5.54681e-12
1511 1.15154e-11
1512 -9.30412e-13
1513 3.85475e-13
1514 6.34476e-12
1515 1.10385e-12
1516 9.62682e-12
1517 -2.38324e-12
1518 6.25376e-12
1519 3.475e-14
1520 3.37975e-12
1521 1.89349e-12
1522 -1.27079e-13
1523 -2.73363e-12
1524 -4.84567e-12
1525 -3.67761e-14
1526 6.26048e-13
1527 -2.42463e-13
1528 -5.09225e-13
1529 -3.49512e-13
1530 8.79275e-13
1531 1.20418e-13
1532 -8.23508e-14
1533 7.16806e-12
1534 -3.94007e-12
1535 -2.25005e-13
1536 -1.71545e-12
1537 7.73062e-13
1538 2.94736e-13
1539 6.84966e-13
1540 -1.70286e-12
1541 -2.79894e-13
1542 1.22893e-12
1543 -1.12429e-11
1544 2.96299e-12
1545 -4.40255e-12
1546 -1.89057e-13
1547 3.25559e-12
1548 1.02017e-12
1549 1.00272e-11
1550 -7.42012e-12
1551 2.11413e-13
1552 3.53884e-15
1553 7.02435e-13
1554 1.06741e-13
1555 2.37156e-12
1556 1.75918e-12
1557 7.31123e-12
1558 2.21502e-12
1559 1.29406e-12
1560 -7.82602e-12
1561 3.38667e-13
1562 2.06575e-12
1563 -5.42483e-13
1564 2.91434e-15
1565 -3.59141e-12
1566 -9.26703e-12
1567 2.7138e-13
1568 -6.19821e-12
1569 5.13235e-12
1570 -2.07665e-12
1571 7.86131e-12
1572 -9.8687e-13
1573 4.82558e-13
1574 -3.14153e-13
1575 1.2465e-13
1576 1.00198e-12
1577 6.37253e-14
1578 2.36769e-13
1579 1.93943e-12
1580 -2.94168e-12
1581 5.75252e-14
1582 4.5649e-12
1583 -4.32712e-12
1584 -1.58901e-14
1585 4.87249e-13
1586 8.36424e-13
1587 -5.32475e-13
1588 -4.7739e-12
1589 1.00847e-11
1590 -1.89704e-12
1591 2.2414e-12
1592 3.04564e-13
1593 -5.00774e-13
1594 2.09839e-13
1595 -1.40943e-12
1596 1.65149e-12
1597 -1.22041e-12
1598 -7.91797e-14
1599 4.67584e-13
1600 2.84012e-12
1601 -1.99202e-12
1602 1.52087e-12
1603 -4.54102e-13
1604 -2.90426e-13
1605 -3.97854e-12
1606 3.54526e-12
1607 7.56691e-13
1608 -3.13008e-12
1609 -3.39049e-11
1610 -2.27181e-12
1611 9.51461e-14
1612 9.40137e-13
1613 -1.1601e-12
1614 1.48804e-13
1615 -2.08812e-12
1616 5.973e-14
1617 7.19637e-13
1618 4.43676e-13
1619 6.14238e-12
1620 -4.54716e-12
1621 -2.07846e-12
1622 1.20894e-13
1623 4.55713e-12
1624 -6.44667e-12
1625 -1.09871e-11
1626 8.21628e-12
1627 -3.08491e-12
1628 -7.05533e-13
1629 -3.54017e-12
1630 3.85604e-12
1631 7.99473e-12
1632 -7.02591e-12
1633 6.60558e-12
1634 -8.0497e-12
1635 3.80954e-12
1636 9.6814e-13
1637 2.13385e-12
1638 -6.86946e-12
1639 -7.09757e-12
1640 7.0609e-12
1641 -2.12099e-12
1642 -3.29455e-12
1643 2.55413e-12
1644 -4.68857e-12
1645 9.57113e-12
1646 3.34928e-12
1647 -8.11018e-14
1648 -6.03822e-12
1649 6.01573e-12
1650 8.34584e-14
1651 -5.77906e-14
1652 -3.75042e-12
1653 1.60659e-12
1654 -2.6391e-12
1655 8.24785e-12
1656 1.60205e-13
1657 1.97342e-14
1658 4.46365e-12
1659 5.10519e-12
1660 2.46952e-12
1661 -1.47132e-13
1662 -5.45533e-12
1663 -1.25832e-11
1664 3.38143e-12
1665 4.19788e-12
1666 -3.19908e-12
1667 -6.0765e-12
1668 -8.01026e-12
1669 7.17537e-12
1670 1.74064e-12
1671 -1.28487e-12
1672 -2.97884e-12
1673 3.3154e-12
1674 2.28983e-15
1675 -1.57027e-13
1676 1.00167e-12
1677 -1.22593e-12
1678 3.54605e-13
1679 7.56415e-12
1680 -6.75281e-12
1681 3.97633e-14
1682 -9.91845e-14
1683 1.33338e-13
1684 2.99417e-14
1685 -1.609e-12
1686 -5.331e-12
1687 -2.35265e-12
1688 -6.38305e-12
1689 3.64671e-13
1690 -2.9242e-12
1691 4.77991e-12
1692 1.25183e-11
1693 -8.92522e-13
1694 1.21227e-12
1695 -4.8448e-12
1696 1.61281e-13
1697 -1.76359e-12
1698 -4.34375e-15
1699 -1.7676e-13
1700 1.06137e-12
1701 -9.13835e-13
1702 3.97309e-12
1703 -3.15818e-12
1704 8.13302e-12
1705 1.27766e-13
1706 -9.67183e-12
1707 -1.11855e-14
1708 -5.13464e-13
1709 -7.67674e-13
1710 2.39624e-12
1711 2.88072e-12
1712 2.70542e-12
1713 3.20261e-12
1714 6.24339e-13
1715 -2.4751e-13
1716 8.14485e-14
1717 6.26031e-13
1718 1.75761e-12
1719 -2.25154e-12
1720 1.92022e-12
1721 1.56501e-11
1722 -3.31357e-12
1723 -3.01818e-12
1724 -3.36512e-13
1725 1.21788e-14
1726 4.60025e-13
1727 -1.55668e-12
1728 1.04046e-11
1729 -1.00586e-13
1730 -9.6155e-13
1731 8.94467e-13
1732 2.79717e-12
1733 -3.84687e-12
1734 2.05781e-12
1735 5.4656e-12
1736 -4.74397e-13
1737 2.80706e-13
1738 -5.47118e-13
1739 4.14117e-12
1740 -4.65882e-12
1741 4.05551e-13
1742 -5.60144e-12
1743 -2.45995e-12
1744 -2.08967e-12
1745 8.33741e-12
1746 9.92789e-13
1747 1.50977e-11
1748 1.99314e-12
1749 -9.12813e-12
1750 4.47217e-12
1751 4.34474e-12
1752 -2.19829e-12
1753 8.53596e-12
1754 4.44554e-12
1755 -7.49063e-12
1756 -6.22575e-12
1757 -6.12258e-12
1758 9.6674e-12
1759 -6.52013e-13
1760 -3.73024e-13
1761 -4.00444e-13
1762 -2.16733e-12
1763 -2.28782e-12
1764 -2.07065e-11
1765 -1.02403e-11
1766 1.3138e-11
1767 -1.03292e-12
1768 -4.90596e-12
1769 -1.35222e-12
1770 -6.29783e-12
1771 -5.21047e-12
1772 7.01401e-12
1773 -5.81325e-12
1774 -7.89868e-12
1775 -2.51667e-12
1776 -2.0494e-12
1777 -3.72313e-12
1778 4.32377e-12
1779 1.99101e-14
1780 1.39691e-13
1781 -6.80934e-13
1782 3.85081e-12
1783 -6.92243e-12
1784 8.23101e-12
1785 3.83207e-13
1786 -8.33578e-13
1787 -7.17099e-12
1788 9.37582e-12
1789 -1.00528e-12
1790 -7.7249e-12
1791 -2.91034e-12
1792 8.02573e-13
1793 -1.73032e-12
1794 -6.62311e-12
1795 -2.38547e-13
1796 1.11803e-12
1797 -2.43747e-12
1798 -2.63765e-12
1799 5.47865e-12
1800 -3.43449e-12
1801 -7.09317e-12
1802 -2.02e-14
1803 2.4044e-12
1804 -2.65829e-13
1805 1.20265e-13
1806 -9.47967e-13
1807 -5.66849e-13
1808 1.56558e-12
1809 -8.9552e-13
1810 7.58811e-14
1811 4.39469e-12
1812 5.59978e-12
1813 4.396e-13
1814 -2.40211e-12
1815 1.1758e-12
1816 -6.13435e-13
1817 7.29694e-14
1818 1.22381e-13
1819 -8.6841e-13
1820 1.08176e-12
1821 -2.91489e-13
1822 -2.97089e-12
1823 -1.00687e-13
1824 -5.69919e-13
1825 3.21031e-12
1826 -1.06747e-12
1827 2.8923e-12
1828 5.55489e-13
1829 -1.12902e-12
1830 7.89046e-13
1831 9.64358e-13
1832 4.27413e-12
1833 -7.48224e-12
1834 -8.1922e-13
1835 -9.28368e-13
1836 -5.12536e-12
1837 1.33839e-11
1838 -1.50765e-11
1839 -1.32347e-12
1840 7.32319e-13
1841 -2.35523e-13
1842 -1.21148e-12
1843 -6.8461e-13
1844 1.55121e-12
1845 -1.04896e-11
1846 5.16371e-12
1847 -2.71283e-12
1848 -7.46027e-13
1849 -4.05923e-13
1850 -2.24931e-13
1851 2.62411e-12
1852 -1.12876e-12
1853 9.51996e-12
1854 -1.07994e-12
1855 -6.66495e-12
1856 1.52239e-13
1857 8.83668e-14
1858 -1.0117e-12
1859 -1.86958e-13
1860 -7.21742e-13
1861 2.02616e-13
1862 2.34232e-13
1863 1.50817e-12
1864 1.21134e-12
1865 8.4972e-13
1866 -7.30938e-12
1867 -1.582e-13
1868 -2.92558e-13
1869 -1.66602e-13
1870 5.18131e-13
1871 2.79027e-13
1872 2.05382e-12
1873 6.7453e-13
1874 2.46301e-12
1875 6.85838e-12
1876 5.15269e-11
1877 -2.40885e-12
1878 -1.1165e-12
1879 4.04752e-12
1880 5.06262e-14
1881 -1.48077e-12
1882 2.11907e-13
1883 -1.40288e-12
1884 -1.88142e-13
1885 -3.65966e-12
1886 3.85116e-12
1887 3.32932e-13
1888 4.86753e-12
1889 1.73091e-14
1890 -1.17226e-13
1891 -2.32257e-13
1892 -1.46885e-11
1893 7.53074e-12
1894 -2.28928e-13
1895 -2.42534e-13
1896 -6.64951e-12
1897 -2.34299e-13
1898 4.52832e-14
1899 -1.29741e-12
1900 1.64596e-12
1901 -4.09524e-12
1902 7.29982e-13
1903 -4.37112e-12
1904 -6.8351e-12
1905 7.31885e-12
1906 -3.58884e-12
1907 4.06437e-12
1908 -3.24368e-12
1909 4.37767e-12
1910 -1.31186e-12
1911 -2.00417e-12
1912 -6.0697e-13
1913 1.96107e-13
1914 5.59289e-13
1915 6.6902e-13
1916 -2.23235e-12
1917 -5.87682e-12
1918 8.63457e-12
1919 3.14331e-12
1920 8.2979e-12
1921 8.74148e-13
1922 -4.86778e-13
1923 2.12099e-12
1924 -4.44479e-14
1925 -1.30458e-12
1926 -8.61936e-13
1927 -3.14625e-12
1928 -7.95022e-12
1929 8.79906e-12
1930 1.38667e-12
1931 4.63792e-12
1932 -4.285e-12
1933 2.36877e-12
1934 2.05114e-14
1935 2.88399e-13
1936 4.51486e-13
1937 -3.34534e-12
1938 -3.71932e-13
1939 1.91902e-13
1940 6.98705e-13
1941 -3.75367e-13
1942 1.32025e-11
1943 -1.06355e-11
1944 8.02336e-12
1945 -2.45371e-11
1946 -1.93575e-11
1947 1.17934e-11
1948 -1.37959e-13
1949 5.0303e-12
1950 2.41029e-12
1951 -1.2451e-12
1952 -1.84935e-12
1953 -1.37543e-13
1954 6.5287e-12
1955 2.26477e-12
1956 -2.27852e-12
1957 -2.06071e-13
1958 2.23181e-12
1959 1.02258e-11
1960 -3.64971e-12
1961 -5.21148e-12
1962 9.1165e-12
1963 2.5272e-12
1964 -3.49858e-12
1965 5.45564e-13
1966 -1.92879e-12
1967 3.09204e-13
1968 1.85002e-13
1969 8.33496e-12
1970 2.2509e-11
1971 1.85512e-13
1972 -3.4403e-12
1973 1.87339e-12
1974 2.57179e-12
1975 6.28795e-12
1976 -5.43282e-12
1977 -3.20689e-12
1978 -2.98456e-12
1979 -7.94523e-12
1980 1.51879e-13
1981 -4.3486e-14
1982 -2.5405e-12
1983 1.19738e-12
1984 1.18175e-12
1985 3.49564e-12
1986 -1.94206e-12
1987 -2.01347e-12
1988 7.15544e-12
1989 -3.90803e-12
1990 -9.92206e-14
1991 5.23502e-12
1992 -9.76861e-13
1993 3.44169e-14
1994 -5.96981e-13
1995 -5.88685e-12
1996 -4.21411e-12
1997 8.44935e-13
1998 -5.35033e-12
1999 4.53064e-12
2000 -8.39231e-13
2001 -7.13207e-13
2002 -3.82699e-12
2003 -5.03822e-12
2004 8.74525e-14
2005 3.32692e-13
2006 5.49178e-13
2007 -5.58067e-13
2008 -1.71183e-13
2009 -1.8891e-12
2010 1.8964e-13
2011 1.89249e-11
2012 -2.15742e-12
2013 -9.20909e-13
2014 -1.25252e-13
2015 1.88721e-13
2016 1.55601e-11
2017 -2.11723e-12
2018 -4.50816e-13
2019 6.79029e-13
2020 -5.05374e-13
2021 9.87717e-13
2022 2.47045e-13
2023 2.48281e-12
2024 9.77741e-13
2025 -2.81197e-12
2026 -4.07329e-12
2027 -7.83944e-12
2028 2.12882e-12
2029 -2.46492e-12
2030 -2.34665e-12
2031 2.51524e-12
2032 -4.04982e-13
2033 -4.39539e-12
2034 9.7429e-14
2035 -1.18176e-12
2036 -2.08593e-12
2037 -4.31745e-13
2038 -9.57442e-13
2039 4.43342e-12
2040 3.58112e-12
2041 -1.60028e-13
2042 -7.10765e-13
2043 -3.09691e-12
2044 -3.39498e-13
2045 -2.39698e-12
2046 1.10113e-12
2047 3.92661e-12
2048 4.75252e-12
2049 -5.12645e-12
2050 6.78638e-13
2051 -3.2021e-12
2052 1.46327e-14
2053 4.87991e-12
2054 8.41167e-14
2055 5.43076e-13
2056 -1.00501e-11
2057 4.44986e-12
2058 -2.72554e-12
2059 4.43169e-12
2060 -4.40763e-12
2061 5.99398e-12
2062 -4.6798e-12
2063 1.17101e-13
2064 -1.43371e-13
2065 5.05891e-12
2066 -3.37931e-13
2067 4.85682e-12
2068 -7.28477e-12
2069 2.02693e-13
2070 1.2686e-12
2071 3.65263e-14
2072 1.0125e-12
2073 -3.99542e-13
2074 -4.38502e-12
2075 2.05169e-13
2076 1.92705e-13
2077 6.57643e-12
2078 -1.01709e-11
2079 -5.09974e-13
2080 -5.20292e-13
2081 -4.20583e-12
2082 -3.28962e-12
2083 1.34105e-11
2084 -3.86351e-13
2085 -2.51462e-11
2086 -2.81053e-13
2087 -8.4707e-12
2088 -1.52042e-12
2089 -1.35621e-13
2090 1.00541e-12
2091 -3.62807e-13
2092 -1.58554e-13
2093 -9.25163e-14
2094 -6.80817e-13
2095 -4.50933e-14
2096 8.61464e-14
2097 -2.0742e-11
2098 2.64351e-13
2099 -4.95305e-13
2100 -8.15147e-12
2101 1.51039e-13
2102 5.31741e-13
2103 6.37046e-13
2104 6.21031e-15
2105 4.14016e-13
2106 -4.41334e-13
2107 -8.28435e-14
2108 -1.40388e-11
2109 -6.68705e-12
2110 0
2111 7.79705e-13
2112 5.03088e-13
2113 3.71942e-13
2114 -5.2245e-13
2115 4.27738e-12
2116 3.0291e-13
2117 1.88331e-11
2118 -5.15568e-11
2119 -3.97418e-13
2120 3.47719e-12
2121 2.19696e-13
2122 3.07778e-12
2123 4.03219e-14
2124 -4.87665e-13
2125 2.95576e-13
2126 0
2127 2.88756e-12
2128 -8.69756e-13
2129 -6.74759e-13
2130 5.7724e-13
2131 1.4643e-11
2132 0
2133 -7.14706e-15
2134 -1.9225e-12
2135 -1.36539e-12
2136 1.06824e-14
2137 3.9381e-13
2138 -2.04975e-14
2139 -6.76445e-12
2140 1.53395e-11
2141 4.52721e-13
2142 1.30679e-11
2143 -1.79634e-13
2144 -2.74161e-11
2145 2.18924e-11
2146 9.1635e-14
2147 1.27426e-13
2148 2.26826e-13
2149 6.54309e-12
2150 1.70141e-11
2151 1.20686e-11
2152 -9.06608e-13
2153 -9.64055e-13
2154 -1.00413e-13
2155 -1.85131e-12
2156 3.61592e-12
2157 -3.3042e-13
2158 -2.06314e-11
2159 2.43413e-12
2160 -4.06022e-13
2161 -2.67422e-12
2162 4.67348e-13
2163 1.30473e-12
2164 -2.54016e-13
2165 2.24657e-11
2166 2.51341e-12
2167 9.4217e-13
2168 -2.29802e-13
2169 9.86685e-12
2170 -8.48349e-13
2171 2.92726e-12
2172 -3.19912e-13
2173 -1.654e-12
2174 3.96654e-12
2175 7.12208e-14
2176 -4.6068e-13
2177 3.20022e-13
2178 -1.11576e-12
2179 3.5633e-13
2180 7.88009e-13
2181 3.34191e-13
2182 1.81416e-12
2183 1.67644e-14
2184 -1.45856e-13
2185 -3.8614e-12
2186 1.38424e-11
2187 -2.96596e-13
2188 3.63598e-14
2189 1.79995e-14
2190 1.49256e-13
2191 -8.48029e-13
2192 9.21307e-13
2193 2.10096e-13
2194 -9.59688e-12
2195 -3.31644e-13
2196 -4.84272e-13
2197 -1.79419e-13
2198 2.5362e-13
2199 -3.30659e-13
2200 -7.11237e-15
2201 3.62807e-13
2202 1.1551e-11
2203 -1.24425e-12
2204 6.56337e-13
2205 9.41192e-14
2206 2.78097e-13
2207 -1.64589e-12
2208 5.71524e-13
2209 2.4019e-12
2210 -4.49051e-14
2211 7.52397e-12
2212 1.15884e-11
2213 1.59845e-12
2214 1.05604e-12
2215 3.62818e-12
2216 8.47684e-12
2217 -1.55831e-12
2218 7.51732e-13
2219 1.63858e-12
2220 1.00878e-13
2221 1.73094e-13
2222 3.83566e-11
2223 -5.0961e-12
2224 1.80672e-12
2225 4.36734e-13
2226 5.79529e-13
2227 2.11303e-13
2228 -2.0794e-11
2229 -6.06619e-12
2230 -1.83867e-13
2231 -3.47652e-13
2232 9.10105e-13
2233 -2.61349e-12
2234 1.86028e-12
2235 8.85995e-12
2236 -6.02133e-12
2237 1.84297e-14
2238 2.67443e-12
2239 1.31513e-13
2240 4.64309e-13
2241 1.71938e-11
2242 -1.34995e-11
2243 -5.24039e-13
2244 -2.84189e-13
2245 -6.72372e-13
2246 -2.5134e-12
2247 -6.56669e-13
2248 -2.01339e-13
2249 -1.88217e-11
2250 1.58111e-11
2251 -6.82601e-12
2252 1.9871e-11
2253 6.68451e-13
2254 4.23273e-15
2255 -9.89819e-13
2256 -7.09738e-13
2257 -1.16443e-12
2258 -6.11837e-14
2259 -1.87454e-12
2260 -2.5281e-12
2261 1.94729e-12
2262 -6.16222e-13
2263 -1.93754e-12
2264 3.17578e-12
2265 9.22776e-13
2266 1.82472e-13
2267 -1.6136e-12
2268 4.98088e-13
2269 -8.6596e-13
2270 -6.3239e-13
2271 -1.14271e-12
2272 3.50758e-13
2273 5.7452e-13
2274 -3.3179e-13
2275 1.60118e-12
2276 2.91139e-13
2277 -1.20923e-12
2278 4.10158e-14
2279 4.44783e-14
2280 -1.96676e-13
2281 -1.90269e-12
2282 -2.89144e-13
2283 7.8226e-13
2284 -2.65551e-14
2285 -4.04871e-13
2286 8.70332e-13
2287 -5.97143e-12
2288 7.11875e-13
2289 1.791e-13
2290 -2.77771e-13
2291 1.87628e-14
2292 -2.08583e-14
2293 2.12542e-13
2294 1.24318e-12
2295 4.131e-13
2296 -2.8727e-14
2297 -2.58807e-13
2298 -1.7529e-13
2299 -1.82308e-12
2300 2.41093e-11
2301 1.55052e-12
2302 -4.17777e-13
2303 -1.01877e-13
2304 -6.79373e-13
2305 -9.86433e-14
2306 -1.06719e-12
2307 -2.26763e-14
2308 -3.43163e-13
2309 -2.66204e-11
2310 2.89338e-13
2311 2.84123e-13
2312 -1.67535e-13
2313 -1.00524e-11
2314 -2.20777e-11
2315 7.76906e-13
2316 1.74305e-13
2317 3.46709e-13
2318 1.06813e-11
2319 -2.36738e-11
2320 -4.96603e-13
2321 -1.51322e-13
2322 -1.0239e-11
2323 4.34625e-13
2324 -4.0518e-12
2325 1.14963e-11
2326 -3.26587e-10
2327 -9.21432e-12
2328 -1.3936e-12
2329 2.4544e-12
2330 -8.45832e-12
2331 1.80361e-12
2332 -8.58287e-12
2333 3.46307e-11
2334 -2.67761e-12
2335 1.6813e-12
2336 -1.03377e-12
2337 6.16694e-14
2338 1.35261e-12
2339 -3.24256e-12
2340 -2.48133e-11
2341 0
2342 -3.37314e-13
2343 6.6526e-13
2344 5.88501e-12
2345 5.26006e-11
2346 -4.69577e-11
2347 9.65755e-13
2348 4.13689e-12
2349 -6.2024e-13
2350 -1.83994e-12
2351 3.73165e-12
2352 -4.58744e-13
2353 1.80647e-13
2354 1.54626e-13
2355 -2.31933e-13
2356 -3.38687e-14
2357 1.27499e-12
2358 3.49474e-13
2359 -5.62606e-14
2360 -9.15934e-14
2361 -6.04281e-13
2362 -1.22378e-13
2363 -4.63851e-13
2364 4.27023e-11
2365 -4.3341e-13
2366 -1.54946e-13
2367 -3.02675e-13
2368 7.21395e-13
2369 1.03806e-14
2370 3.71994e-13
2371 2.4334e-13
2372 3.00662e-13
2373 -7.53932e-13
2374 1.02903e-12
2375 -1.0271e-13
2376 1.6698e-12
2377 -7.76308e-12
2378 4.0866e-12
2379 1.28196e-11
2380 4.02463e-13
2381 1.46023e-12
2382 7.63285e-13
2383 -4.73746e-13
2384 4.98282e-14
2385 -6.95277e-14
2386 -6.7879e-13
2387 3.23699e-13
2388 3.97273e-14
2389 1.58064e-13
2390 2.73184e-14
2391 2.20391e-13
2392 -1.58773e-12
2393 4.50306e-13
2394 2.86451e-12
2395 -2.27022e-11
2396 1.51927e-13
2397 1.58516e-13
2398 -4.1165e-13
2399 -1.06042e-12
2400 -2.70728e-13
2401 -2.15335e-13
2402 3.07407e-13
2403 3.42382e-13
2404 -8.48627e-14
2405 5.19515e-14
2406 -3.08448e-13
2407 2.17596e-12
2408 1.09676e-12
2409 2.554e-13
2410 9.24399e-14
2411 -3.86247e-13
2412 1.8735e-14
2413 -4.96825e-13
2414 6.2108e-13
2415 -1.48284e-12
2416 7.01755e-13
2417 -4.54868e-12
2418 -1.96857e-12
2419 2.04209e-11
2420 -3.22717e-12
2421 -1.91583e-14
2422 8.78662e-12
2423 -1.79284e-11
2424 -3.60698e-13
2425 -8.63607e-12
2426 5.07083e-12
2427 -8.72025e-13
2428 -1.23452e-12
2429 3.57291e-13
2430 -3.55859e-13
2431 4.00349e-12
2432 0
2433 -3.86677e-13
2434 2.56322e-13
2435 -4.8514e-13
2436 -1.63202e-11
2437 -1.53991e-12
2438 -9.95454e-13
2439 2.2326e-11
2440 1.90831e-12
2441 1.94525e-13
2442 1.09607e-13
2443 9.59725e-13
2444 1.74936e-13
2445 8.8235e-14
2446 3.35079e-13
2447 6.89171e-13
2448 3.08642e-14
2449 2.51049e-14
2450 1.63917e-13
2451 2.3343e-12
2452 -1.34059e-13
2453 -3.38519e-12
2454 -3.10488e-13
2455 -1.2472e-13
2456 -1.07532e-12
2457 -5.40412e-12
2458 2.85487e-12
2459 6.91697e-13
2460 -4.22444e-12
2461 3.03914e-12
2462 4.67876e-14
2463 -1.79106e-13
2464 -1.32175e-13
2465 -4.01083e-11
2466 2.41994e-12
2467 3.19832e-12
2468 -3.93641e-12
2469 6.62411e-13
2470 7.1414e-12
2471 -2.50899e-12
2472 -9.7944e-14
2473 -4.26221e-13
2474 1.46417e-12
2475 1.41868e-11
2476 3.14873e-11
2477 3.20636e-12
2478 -1.69977e-10
2479 -1.39835e-10
2480 -4.01708e-13
2481 -5.12543e-12
2482 5.84036e-13
2483 -2.8952e-13
2484 2.26347e-14
2485 -6.92696e-13
2486 6.77e-13
2487 4.136e-13
2488 5.61384e-13
2489 4.87638e-12
2490 -9.86486e-12
2491 9.67328e-12
2492 -2.67633e-11
2493 -6.60069e-13
2494 1.18239e-14
2495 -4.81256e-11
2496 1.81216e-12
2497 1.1658e-12
2498 -4.5644e-13
2499 -3.60489e-13
2500 3.53252e-13
2501 3.53117e-13
2502 1.59522e-12
2503 -2.61846e-13
2504 -1.18974e-13
2505 8.04113e-12
2506 2.65551e-14
2507 7.43711e-14
2508 -1.78468e-14
2509 -2.97408e-12
2510 -2.99908e-12
2511 3.15969e-13
2512 2.03042e-13
2513 -2.12746e-13
2514 6.26721e-13
2515 5.35648e-13
2516 4.25496e-12
2517 -6.87311e-13
2518 6.43818e-13
2519 -9.45188e-13
2520 1.89059e-12
2521 -1.39144e-12
2522 7.62237e-14
2523 2.74861e-12
2524 1.21264e-12
2525 1.56606e-12
2526 7.54931e-12
2527 4.58474e-13
2528 -1.47625e-13
2529 -2.37768e-13
2530 -3.10153e-12
2531 2.34715e-13
2532 -2.45443e-13
2533 7.6035e-13
2534 1.19063e-12
2535 -1.14649e-12
2536 -4.15704e-12
2537 3.50484e-13
2538 2.25904e-13
2539 9.30325e-13
2540 5.03466e-11
2541 3.57805e-11
2542 3.59162e-11
2543 -1.82823e-12
2544 -2.08858e-12
2545 -2.15106e-15
2546 8.16569e-13
2547 9.11261e-13
2548 -1.36713e-11
2549 -5.74254e-12
2550 6.46144e-12
2551 3.34538e-12
2552 3.64464e-12
2553 -3.51559e-11
2554 1.03122e-10
2555 6.71227e-13
2556 -3.71601e-12
2557 -1.03736e-13
2558 2.71887e-13
2559 2.88741e-13
2560 -1.98748e-12
2561 -1.34187e-12
2562 4.47212e-14
2563 6.75085e-13
2564 4.07023e-12
2565 -3.90036e-11
2566 -8.49122e-11
2567 5.45316e-11
2568 -6.0222e-13
2569 3.47472e-13
2570 -8.60922e-13
2571 6.34118e-13
2572 1.15899e-11
2573 -3.92471e-11
2574 -1.73653e-13
2575 -1.46314e-13
2576 -7.83922e-13
2577 7.83539e-12
2578 -1.06812e-11
2579 -5.75928e-15
2580 5.18687e-13
2581 1.35031e-12
2582 2.21004e-12
2583 -2.25021e-13
2584 -1.39237e-12
2585 1.1755e-12
2586 -1.20044e-12
2587 9.82783e-13
2588 3.1356e-12
2589 7.81611e-13
2590 -1.41769e-12
2591 5.15865e-13
2592 2.92169e-12
2593 7.09016e-14
2594 -5.69753e-14
2595 -4.03608e-12
2596 -2.44797e-13
2597 -1.62174e-12
2598 -2.25889e-13
2599 4.07216e-13
2600 9.2263e-13
2601 1.3263e-13
2602 -5.78577e-12
2603 -5.98874e-13
2604 -6.03642e-13
2605 -1.23029e-11
2606 -2.25667e-13
2607 4.08071e-13
2608 -5.8116e-13
2609 -1.79021e-12
2610 1.8878e-13
2611 4.42139e-13
2612 -1.35247e-12
2613 -5.215e-13
2614 3.71841e-13
2615 1.12979e-13
2616 2.86257e-13
2617 1.35975e-13
2618 -1.09507e-12
2619 -1.63567e-13
2620 -1.60635e-14
2621 8.40439e-13
2622 1.05317e-11
2623 4.25211e-11
2624 -6.82431e-11
2625 7.98986e-12
2626 -6.28068e-11
2627 -4.34715e-13
2628 2.82413e-13
2629 1.03223e-12
2630 1.60709e-12
2631 -2.78458e-13
2632 -5.62606e-13
2633 2.18263e-13
2634 5.17995e-13
2635 -1.69162e-12
2636 -5.99541e-12
2637 -1.1728e-11
2638 1.70555e-12
2639 5.50624e-13
2640 2.33459e-11
2641 -4.06036e-13
2642 8.76262e-12
2643 -2.36233e-11
2644 2.97748e-14
2645 1.37321e-12
2646 -1.03564e-11
2647 5.15581e-13
2648 -2.62637e-14
2649 1.51424e-12
2650 1.96716e-12
2651 -1.14573e-12
2652 -1.13962e-12
2653 3.04819e-13
2654 -5.04728e-13
2655 -3.3417e-13
2656 -2.07641e-12
2657 3.88842e-13
2658 4.05222e-12
2659 5.1123e-13
2660 9.33781e-13
2661 9.37583e-13
2662 1.75915e-13
2663 -1.38467e-12
2664 1.4973e-12
2665 8.12878e-12
2666 2.15172e-13
2667 -2.94247e-12
2668 1.25669e-12
2669 2.61199e-12
2670 1.96079e-13
2671 7.07226e-13
2672 4.05717e-13
2673 -3.25004e-13
2674 1.60908e-13
2675 -8.56371e-13
2676 -3.24532e-14
2677 3.24987e-13
2678 3.24796e-13
2679 1.88287e-13
2680 1.15693e-12
2681 -1.55235e-11
2682 -3.02381e-11
2683 1.66178e-11
2684 5.36739e-12
2685 2.8586e-12
2686 7.95943e-13
2687 -1.02164e-12
2688 -1.64441e-12
2689 8.08242e-14
2690 -5.70711e-12
2691 3.27821e-13
2692 2.98013e-12
2693 -2.78721e-13
2694 6.86159e-13
2695 8.66529e-14
2696 1.57097e-13
2697 3.14908e-11
2698 -3.99059e-12
2699 -1.23018e-12
2700 -6.40588e-12
2701 8.03302e-13
2702 -1.42664e-13
2703 -2.51472e-12
2704 -1.20987e-13
2705 -3.11293e-13
2706 5.88751e-13
2707 5.20417e-14
2708 -3.88953e-13
2709 2.01922e-13
2710 -2.27818e-13
2711 -6.21059e-13
2712 -3.57526e-11
2713 4.23273e-15
2714 -1.84799e-12
2715 4.51059e-11
2716 1.11464e-12
2717 -2.75185e-11
2718 -1.4211e-12
2719 -2.61214e-11
2720 -2.0763e-11
2721 2.67658e-12
2722 -1.2455e-12
2723 -2.05945e-12
2724 -1.0572e-12
2725 -6.30201e-12
2726 -1.1146e-11
2727 3.78229e-12
2728 -2.53028e-12
2729 -3.46183e-11
2730 -8.40137e-11
2731 8.06286e-13
2732 -9.1446e-12
2733 3.89297e-11
2734 -1.47551e-12
2735 -6.03961e-14
2736 1.27454e-13
2737 9.9698e-14
2738 -5.03153e-13
2739 5.66214e-14
2740 -1.40221e-13
2741 1.23068e-13
2742 -9.71445e-14
2743 -5.31797e-14
2744 1.07914e-13
2745 -2.00956e-14
2746 -3.70476e-14
2747 5.73523e-14
2748 6.41629e-12
2749 2.23747e-12
2750 1.35345e-11
2751 -6.78875e-14
2752 1.92042e-11
2753 -8.3255e-12
2754 -8.43877e-12
2755 4.37504e-11
2756 8.25583e-12
2757 -3.20281e-11
2758 1.14293e-10
2759 -7.38225e-11
2760 -0
2761 2.7634e-12
2762 8.34932e-12
2763 8.01597e-12
2764 3.62538e-14
2765 -4.28633e-15
2766 -2.7274e-11
2767 3.10334e-12
2768 5.71746e-14
2769 6.66987e-15
2770 -8.23908e-14
2771 2.28253e-11
2772 2.02495e-14
2773 1.44566e-13
2774 5.23778e-15
2775 4.90707e-12
2776 -5.1695e-12
2777 -2.76354e-15
2778 6.40179e-12
2779 8.92462e-14
2780 5.19419e-14
2781 -7.64517e-12
2782 -4.10779e-14
2783 -2.83272e-12
2784 6.97305e-13
2785 8.31416e-15
2786 4.15293e-12
2787 -2.47081e-12
2788 -1.00126e-12
2789 1.08912e-11
2790 -7.79274e-12
2791 8.03666e-14
2792 1.23099e-12
2793 1.51005e-12
2794 -1.52686e-12
2795 -6.61354e-12
2796 1.0149e-13
2797 -6.33172e-14
2798 4.46385e-15
2799 -7.3855e-14
2800 6.81155e-14
2801 3.14741e-13
2802 4.19989e-12
2803 -2.85662e-12
2804 -9.83071e-13
2805 -2.41315e-12
2806 4.92234e-13
2807 4.81884e-12
2808 1.02834e-13
2809 1.03563e-13
2810 -5.64264e-14
2811 -3.40671e-12
2812 1.06756e-12
2813 3.72581e-12
2814 3.56026e-12
2815 6.7413e-13
2816 -2.3204e-12
2817 6.40715e-12
2818 -4.19198e-12
2819 -5.64871e-12
2820 4.41392e-12
2821 2.26308e-12
2822 -1.13907e-12
2823 -2.39693e-12
2824 2.47532e-12
2825 5.39541e-13
2826 2.65578e-12
2827 -6.49539e-12
2828 6.49994e-12
2829 4.30542e-12
2830 4.21876e-13
2831 3.14238e-13
2832 -2.46489e-12
2833 4.15565e-12
2834 -4.61712e-14
2835 4.24654e-12
2836 -2.32378e-12
2837 -7.32328e-13
2838 -3.24263e-12
2839 -7.13271e-14
2840 -1.14715e-12
2841 2.6794e-12
2842 1.09616e-11
2843 -5.27639e-13
2844 9.47179e-12
2845 1.74999e-12
2846 7.90031e-14
2847 6.80965e-13
2848 3.34437e-12
2849 4.42199e-13
2850 1.1988e-13
2851 -1.84075e-13
2852 -7.23865e-14
2853 -4.65307e-12
2854 3.3435e-14
2855 -6.24781e-14
2856 2.24278e-13
2857 2.65868e-11
2858 3.50559e-14
2859 -1.33719e-11
2860 -0
2861 -1.05216e-13
2862 1.12146e-12
2863 9.43964e-13
2864 -1.83684e-12
2865 -1.40178e-11
2866 4.26258e-14
2867 2.67202e-12
2868 1.50297e-11
2869 0
2870 -1.06816e-11
2871 3.87526e-12
2872 -0
2873 1.20901e-13
2874 1.60584e-11
2875 -2.87564e-11
2876 -3.14301e-12
2877 3.2741e-13
2878 -4.6369e-13
2879 -6.67817e-12
2880 2.7074e-11
2881 -4.55516e-12
2882 -0
2883 1.31563e-12
2884 7.05401e-12
2885 -5.91323e-13
2886 5.29835e-12
2887 -1.84162e-11
2888 7.56461e-12
2889 -3.66285e-12
2890 -2.58216e-13
2891 3.71598e-13
2892 -7.84613e-14
2893 -5.45805e-11
2894 3.1244e-11
2895 -1.1775e-11
2896 6.68412e-11
2897 2.1951e-11
2898 8.44153e-12
2899 7.65777e-12
2900 3.76711e-11
2901 -2.03019e-13
2902 2.70069e-12
2903 1.3162e-11
2904 -2.69274e-11
2905 -1.15399e-11
2906 -6.89086e-12
2907 5.02041e-12
2908 -1.96324e-11
2909 -4.27066e-11
2910 2.45915e-11
2911 4.31086e-11
2912 9.9528e-12
2913 -1.04259e-11
2914 -2.69891e-11
2915 4.94316e-12
2916 -2.1429e-14
2917 8.1205e-14
2918 -3.92669e-13
2919 -5.51018e-14
2920 6.02383e-15
2921 1.07848e-14
2922 -3.62342e-13
2923 7.05363e-13
2924 5.05134e-14
2925 2.6734e-13
2926 7.19563e-15
2927 3.54318e-13
2928 7.67841e-14
2929 1.5711e-13
2930 -2.12018e-14
2931 1.38639e-13
2932 7.96689e-14
2933 -9.23983e-14
2934 -2.226e-14
2935 -5.29065e-14
2936 -5.29923e-14
2937 -1.45085e-13
2938 7.61596e-14
2939 1.71486e-13
2940 -4.51965e-13
2941 2.26113e-13
2942 -1.64255e-13
2943 -7.47076e-14
2944 9.63453e-14
2945 -1.83572e-13
2946 -8.54002e-13
2947 1.43123e-13
2948 -2.61685e-13
2949 1.28062e-13
2950 3.35842e-15
2951 3.53391e-13
2952 -1.80373e-13
2953 -5.1084e-13
2954 3.35676e-13
2955 -6.40364e-14
2956 -6.67561e-13
2957 5.63785e-14
2958 2.76218e-13
2959 -2.79308e-14
2960 5.75824e-14
2961 -2.56135e-13
2962 4.9738e-14
2963 -2.98095e-14
2964 -6.37596e-13
2965 -3.51065e-14
2966 4.77578e-13
2967 1.03363e-13
2968 3.12698e-13
2969 -2.44131e-13
2970 4.97998e-14
2971 -7.13918e-14
2972 4.31784e-13
2973 -4.36026e-13
2974 -2.02695e-13
2975 -1.64865e-13
2976 -6.12895e-14
2977 -7.73145e-14
2978 1.24529e-13
2979 7.62567e-14
2980 -7.04381e-13
2981 2.503e-13
2982 -2.26291e-13
2983 3.41879e-14
2984 6.32107e-14
2985 1.70668e-14
2986 -1.1433e-13
2987 -9.32154e-14
2988 -4.83988e-14
2989 5.91506e-14
2990 3.13655e-14
2991 -3.13447e-14
2992 -3.84484e-14
2993 1.30073e-13
2994 -1.10738e-13
2995 1.02627e-14
2996 -1.95417e-15
2997 6.22766e-14
2998 -3.6561e-13
2999 5.87794e-14
3000 4.16785e-13
3001 -4.20567e-13
3002 -9.13956e-14
3003 7.30131e-15
3004 -2.31904e-13
3005 1.31466e-12
3006 -1.97968e-12
3007 -1.35898e-13
3008 1.18145e-13
3009 4.37442e-13
3010 -4.21184e-13
3011 3.31679e-15
3012 -2.2908e-12
3013 3.03285e-13
3014 -2.94972e-14
3015 -1.4019e-12
3016 1.5936e-13
3017 1.32526e-13
3018 -6.68354e-14
3019 2.61926e-14
3020 3.65438e-14
3021 1.41276e-13
3022 -4.24452e-13
3023 -9.00668e-15
3024 -1.24501e-13
3025 1.26003e-13
3026 -3.76921e-14
3027 -7.82267e-14
3028 -3.55132e-13
3029 4.28493e-13
3030 -3.08272e-12
3031 1.17596e-12
3032 2.79268e-14
3033 -5.84532e-14
3034 -2.75542e-13
3035 -1.74569e-13
3036 7.88342e-13
3037 -1.2495e-12
3038 -4.33781e-13
3039 4.10375e-12
3040 -7.01574e-15
3041 -5.54313e-14
3042 -3.65906e-11
3043 8.74995e-14
3044 7.08635e-14
3045 -5.38875e-14
3046 1.46384e-12
3047 -1.56892e-12
3048 -8.94701e-14
3049 -4.59008e-15
3050 4.35553e-14
3051 -9.10322e-14
3052 1.33088e-14
3053 -2.36218e-13
3054 4.91621e-13
3055 -1.69471e-13
3056 -3.02709e-14
3057 5.67931e-14
3058 7.63172e-13
3059 1.12479e-12
3060 -1.101e-12
3061 -2.26943e-13
3062 2.87239e-13
3063 -6.78308e-13
3064 -2.04864e-13
3065 2.90852e-13
3066 1.82038e-13
3067 2.03702e-13
3068 -5.47479e-15
3069 1.30097e-13
3070 7.81292e-14
3071 -5.77211e-14
3072 2.13518e-14
3073 -7.41039e-14
3074 -1.5731e-13
3075 -1.35623e-13
3076 5.61412e-13
3077 -9.00385e-14
3078 2.16924e-13
3079 -2.35489e-15
3080 -6.1777e-14
3081 4.09763e-13
3082 -8.56346e-14
3083 -1.15047e-14
3084 -1.06562e-13
3085 3.93782e-16
3086 -3.27002e-13
3087 -6.68337e-14
3088 3.61507e-13
3089 5.9045e-13
3090 -1.0689e-13
3091 2.158e-14
3092 9.56943e-14
3093 -4.89636e-13
3094 -6.64677e-14
3095 -2.15366e-14
3096 5.23488e-13
3097 -1.38419e-12
3098 2.76785e-12
3099 -1.84748e-13
3100 -1.05679e-14
3101 -1.60769e-13
3102 2.03618e-13
3103 -5.45723e-13
3104 -1.98576e-12
3105 -3.04774e-14
3106 2.50102e-13
3107 -1.22703e-13
3108 3.49908e-13
3109 2.81788e-14
3110 6.42195e-14
3111 7.05324e-16
3112 4.27852e-14
3113 -1.0956e-13
3114 2.88073e-13
3115 -4.01934e-13
3116 -1.15035e-13
3117 2.80047e-13
3118 -5.71765e-15
3119 5.42422e-14
3120 9.12725e-15
3121 -5.59379e-14
3122 -1.18116e-13
3123 1.44632e-13
3124 -1.06614e-13
3125 9.57567e-16
3126 9.31332e-14
3127 -6.81226e-15
3128 -2.13928e-13
3129 -8.318e-13
3130 6.21296e-14
3131 1.27067e-13
3132 5.80178e-14
3133 -1.3281e-14
3134 -4.01332e-12
3135 1.01272e-12
3136 2.09445e-13
3137 -7.7031e-13
3138 -5.26836e-14
3139 -8.04912e-15
3140 -2.8726e-13
3141 -7.46087e-14
3142 1.64114e-14
3143 -3.09888e-13
3144 -1.31345e-14
3145 2.04674e-13
3146 2.6646e-13
3147 -6.29575e-14
3148 9.62555e-15
3149 1.06137e-13
3150 -5.48381e-14
3151 2.15026e-13
3152 9.69697e-14
3153 -4.80484e-14
3154 1.85216e-13
3155 5.15334e-14
3156 3.09176e-13
3157 -4.87787e-14
3158 5.82559e-14
3159 -1.01671e-12
3160 -7.83789e-13
3161 5.51635e-13
3162 -1.53716e-13
3163 -1.70668e-12
3164 2.529e-12
3165 -2.1046e-12
3166 2.96513e-13
3167 -4.60218e-13
3168 2.27901e-13
3169 1.25865e-13
3170 -1.54312e-12
3171 -1.62231e-13
3172 -2.00048e-13
3173 -4.9219e-13
3174 -6.82093e-15
3175 -1.55518e-13
3176 3.67484e-14
3177 -1.70475e-13
3178 -4.30396e-13
3179 1.11947e-12
3180 -3.13347e-13
3181 9.64247e-13
3182 -7.08537e-13
3183 1.78956e-13
3184 -1.13844e-12
3185 7.88071e-13
3186 -1.87437e-13
3187 4.29996e-13
3188 -3.60573e-13
3189 4.5185e-13
3190 7.8975e-14
3191 3.5154e-13
3192 1.11239e-12
3193 -1.74402e-13
3194 3.61614e-13
3195 -1.07438e-13
3196 -1.01266e-13
3197 -1.9723e-12
3198 -3.75706e-13
3199 -1.04014e-13
3200 2.13612e-12
3201 -1.58595e-13
3202 -1.02283e-13
3203 1.01828e-13
3204 5.36508e-13
3205 -7.84789e-13
3206 -2.62055e-12
3207 6.64482e-13
3208 -1.76553e-13
3209 7.67164e-13
3210 -5.49331e-13
3211 1.56299e-13
3212 -5.41442e-14
3213 -4.69833e-14
3214 -1.10953e-13
3215 3.76837e-13
3216 3.00739e-13
3217 5.4551e-13
3218 1.77285e-13
3219 3.23578e-14
3220 -6.53713e-14
3221 3.41956e-14
3222 -5.36624e-13
3223 -2.5174e-12
3224 2.28742e-13
3225 -3.79057e-13
3226 5.56853e-13
3227 1.5987e-13
3228 2.77548e-13
3229 -3.40717e-14
3230 -1.73399e-13
3231 1.54217e-14
3232 -5.89181e-13
3233 -2.36424e-12
3234 4.16871e-14
3235 4.16902e-15
3236 -9.93303e-15
3237 -5.04282e-13
3238 3.69526e-12
3239 7.29139e-14
3240 -1.46771e-13
3241 -3.06614e-12
3242 3.72084e-13
3243 -3.21947e-13
3244 -1.45813e-13
3245 -1.91175e-12
3246 1.78781e-14
3247 -9.32067e-15
3248 3.44194e-14
3249 1.99688e-15
3250 1.63741e-12
3251 -2.42592e-12
3252 6.60999e-14
3253 2.70096e-14
3254 -1.93057e-14
3255 -7.10629e-15
3256 1.34727e-14
3257 1.18357e-13
3258 -6.88603e-14
3259 -1.07101e-14
3260 2.26304e-13
3261 1.72049e-13
3262 -5.39071e-14
3263 -1.28769e-14
3264 2.2227e-14
3265 -4.05434e-14
3266 -4.28685e-14
3267 -1.20935e-13
3268 -1.05841e-13
3269 -3.74228e-14
3270 -1.36534e-13
3271 7.80701e-14
3272 -7.61509e-13
3273 -9.77685e-13
3274 1.19655e-13
3275 -2.76805e-13
3276 -3.66959e-14
3277 -4.75574e-15
3278 -4.36198e-14
3279 2.2567e-14
3280 -2.12764e-15
3281 1.80517e-13
3282 3.96211e-15
3283 -7.00308e-15
3284 4.78263e-14
3285 6.17284e-14
3286 6.24414e-14
3287 -2.98685e-14
3288 -6.45811e-14
3289 6.80376e-14
3290 -4.76548e-14
3291 3.87849e-14
3292 4.02803e-15
3293 -4.08649e-14
3294 9.17528e-14
3295 -2.41096e-13
3296 3.87017e-15
3297 -2.62373e-14
3298 -4.18849e-14
3299 2.13523e-14
3300 6.3207e-14
3301 2.86828e-14
3302 -2.549e-14
3303 -2.71849e-14
3304 5.80543e-14
3305 -2.08633e-13
3306 3.49284e-13
3307 -2.80782e-13
3308 2.94431e-13
3309 -5.08708e-14
3310 1.83781e-14
3311 -3.59435e-14
3312 -2.33077e-14
3313 -1.75433e-13
3314 -1.89974e-13
3315 -1.07563e-13
3316 3.55231e-13
3317 8.9295e-14
3318 -1.7098e-13
3319 -8.67786e-14
3320 -1.45154e-13
3321 -1.28157e-13
3322 -1.99128e-13
3323 5.84376e-14
3324 1.66698e-14
3325 9.86398e-14
3326 -1.64972e-14
3327 -2.4071e-14
3328 -2.02685e-14
3329 -4.81264e-14
3330 9.77725e-13
3331 2.60023e-13
3332 -1.79459e-13
3333 3.59161e-14
3334 -3.84815e-13
3335 1.70254e-13
3336 -2.06812e-13
3337 -2.03119e-14
3338 2.141e-14
3339 1.71631e-13
3340 1.47523e-12
3341 1.68207e-14
3342 1.57062e-14
3343 -3.12285e-14
3344 2.57433e-15
3345 1.94312e-14
3346 6.48347e-13
3347 -3.20539e-13
3348 6.64812e-13
3349 8.37426e-14
3350 -9.19403e-15
3351 9.28597e-14
3352 -9.24461e-14
3353 -3.62835e-14
3354 1.97265e-13
3355 3.03843e-13
3356 4.90426e-13
3357 4.70093e-14
3358 -9.12725e-14
3359 2.95521e-13
3360 -1.01843e-13
3361 -5.2879e-14
3362 -1.33776e-13
3363 -5.59084e-14
3364 -1.52395e-14
3365 1.94731e-14
3366 5.5355e-15
3367 7.71813e-14
3368 1.00814e-12
3369 -2.49695e-12
3370 3.75403e-14
3371 5.70861e-12
3372 -7.56242e-12
3373 -1.93873e-14
3374 -1.3855e-13
3375 1.19556e-14
3376 -1.78442e-13
3377 1.9678e-12
3378 -1.57629e-13
3379 7.56701e-14
3380 -3.32865e-13
3381 1.57978e-12
3382 2.31197e-14
3383 -1.5093e-13
3384 4.11546e-14
3385 -1.09801e-13
3386 9.62598e-15
3387 7.82317e-14
3388 -7.64302e-14
3389 -1.85939e-13
3390 2.64726e-13
3391 8.02015e-14
3392 -2.57086e-12
3393 -1.65037e-12
3394 4.12205e-14
3395 -2.47755e-13
3396 -2.36862e-13
3397 1.38157e-13
3398 2.96669e-13
3399 -1.86076e-13
3400 1.19099e-13
3401 -4.64226e-13
3402 -7.70737e-13
3403 8.79817e-14
3404 -6.23737e-14
3405 2.35791e-13
3406 9.71445e-17
3407 -6.10761e-14
3408 -2.36757e-13
3409 2.58903e-13
3410 2.88557e-15
3411 9.0474e-13
3412 -1.12036e-12
3413 9.36303e-14
3414 -3.34895e-13
3415 -1.47937e-14
3416 -3.7941e-15
3417 -1.00033e-13
3418 3.84867e-13
3419 -2.70074e-13
3420 6.72492e-14
3421 -1.10927e-14
3422 3.63286e-14
3423 -4.89409e-15
3424 3.33986e-14
3425 -1.85311e-13
3426 5.78856e-14
3427 -4.08076e-14
3428 2.56867e-13
3429 2.43295e-13
3430 -8.74439e-14
3431 -1.38615e-12
3432 -1.77984e-13
3433 -2.35941e-13
3434 7.34396e-16
3435 2.65794e-13
3436 4.23377e-14
3437 -7.2737e-15
3438 1.31839e-14
3439 5.57601e-14
3440 2.10823e-14
3441 3.91481e-15
3442 -1.38908e-14
3443 1.2988e-13
3444 -3.28933e-13
3445 3.63559e-13
3446 2.32586e-14
3447 -1.24371e-14
3448 -9.78419e-14
3449 -3.38583e-14
3450 9.50724e-14
3451 -4.48131e-14
3452 2.71267e-14
3453 -1.28599e-13
3454 5.20907e-14
3455 5.48205e-13
3456 1.47028e-13
3457 -6.04467e-14
3458 -7.18475e-13
3459 3.27227e-13
3460 -1.80517e-14
3461 1.24701e-14
3462 -1.9157e-14
3463 5.27668e-14
3464 1.68685e-14
3465 -3.91366e-15
3466 -4.656e-15
3467 -1.02987e-13
3468 -9.69805e-13
3469 -1.93169e-13
3470 6.92207e-13
3471 1.01592e-13
3472 -2.49386e-13
3473 -9.34461e-14
3474 -2.86837e-13
3475 3.55983e-13
3476 -4.06299e-13
3477 -2.6984e-13
3478 2.32522e-13
3479 -2.48808e-13
3480 2.90046e-13
3481 -4.36078e-13
3482 1.01904e-12
3483 8.75595e-15
3484 3.55053e-13
3485 3.97148e-13
3486 -2.09142e-13
3487 1.05256e-12
3488 -1.21565e-13
3489 5.76345e-14
3490 2.66908e-13
3491 -6.85278e-13
3492 1.4465e-14
3493 -3.96246e-13
3494 1.0764e-14
3495 7.24295e-12
3496 1.09027e-12
3497 -1.05781e-12
3498 -1.39791e-13
3499 -3.05192e-13
3500 2.28637e-13
3501 -2.35208e-13
3502 -5.78931e-13
3503 -2.58968e-13
3504 -7.90791e-13
3505 5.13009e-13
3506 6.71121e-13
3507 8.99167e-13
3508 -1.00237e-12
3509 -3.19768e-13
3510 -4.54586e-13
3511 1.94155e-12
3512 2.39617e-14
3513 2.37126e-13
3514 -1.36113e-13
3515 9.37979e-13
3516 -5.66873e-14
3517 1.60926e-14
3518 -5.04241e-14
3519 2.18509e-13
3520 4.29212e-13
3521 7.39819e-15
3522 -1.07894e-12
3523 4.54489e-13
3524 -9.99902e-13
3525 1.70891e-13
3526 4.7479e-15
3527 -8.1371e-13
3528 -7.51897e-13
3529 9.96026e-14
3530 -4.54477e-15
3531 -1.63685e-12
3532 3.94692e-13
3533 3.94692e-13
3534 1.48902e-13
3535 -1.04002e-13
3536 5.89116e-13
3537 6.22176e-14
3538 2.78991e-13
3539 -1.65548e-13
3540 5.12774e-14
3541 -1.01104e-12
3542 4.89668e-14
3543 3.84254e-13
3544 1.48589e-12
3545 1.0185e-12
3546 -5.49685e-13
3547 -2.54099e-13
3548 2.95312e-13
3549 1.57135e-12
3550 -7.13096e-13
3551 2.96659e-13
3552 -1.38221e-14
3553 3.56278e-14
3554 7.50496e-13
3555 3.32998e-14
3556 6.81211e-14
3557 6.15027e-13
3558 -2.1284e-13
3559 4.49821e-13
3560 4.08509e-13
3561 4.85202e-14
3562 -4.34271e-14
3563 4.17464e-12
3564 3.31156e-12
3565 -1.64554e-12
3566 -1.51892e-13
3567 4.29299e-14
3568 -2.21385e-14
3569 5.62292e-13
3570 8.56763e-14
3571 -3.71623e-13
3572 7.38081e-13
3573 -3.23388e-13
3574 4.80104e-13
3575 3.79755e-14
3576 4.81658e-14
3577 1.92148e-13
3578 -7.68144e-13
3579 -3.86086e-13
3580 9.43191e-13
3581 -2.97005e-13
3582 3.14875e-13
3583 3.65237e-13
3584 1.33025e-13
3585 4.61749e-14
3586 -1.04505e-13
3587 1.0794e-13
3588 -1.26549e-12
3589 7.60214e-13
3590 -1.30708e-12
3591 -4.36443e-13
3592 3.28457e-13
3593 -3.77948e-13
3594 -1.6415e-13
3595 -3.01162e-13
3596 3.60545e-14
3597 -1.64067e-13
3598 4.65653e-11
3599 -1.71942e-11
3600 -6.97879e-13
3601 9.49781e-13
3602 5.38949e-13
3603 -4.88012e-14
3604 -5.35984e-13
3605 2.0021e-13
3606 -2.05184e-13
3607 3.45612e-13
3608 -6.06092e-13
3609 -2.0808e-13
3610 -9.32796e-14
3611 -6.39072e-15
3612 6.3359e-14
3613 -1.61531e-13
3614 -5.2979e-13
3615 -1.09248e-12
3616 8.77485e-13
3617 -7.22588e-13
3618 2.71281e-13
3619 4.74943e-13
3620 2.37392e-13
3621 -6.6841e-13
3622 -1.21574e-12
3623 -2.26732e-12
3624 -3.93784e-13
3625 5.26773e-13
3626 -2.96966e-13
3627 -7.9879e-13
3628 -2.80863e-14
3629 -1.73168e-13
3630 2.83753e-13
3631 2.13475e-14
3632 -1.02647e-12
3633 -4.34191e-13
3634 5.84983e-13
3635 -2.62006e-13
3636 -2.15505e-13
3637 1.58712e-13
3638 4.75792e-13
3639 -2.48877e-13
3640 7.23635e-13
3641 -1.87959e-12
3642 4.13328e-13
3643 -1.37292e-13
3644 -8.60804e-13
3645 6.92463e-13
3646 -3.3941e-12
3647 -2.80536e-12
3648 -3.09752e-14
3649 8.60951e-14
3650 -1.26957e-12
3651 -4.34573e-13
3652 -2.11584e-13
3653 3.27433e-13
3654 -1.73853e-13
3655 8.36336e-14
3656 1.98418e-12
3657 -2.81337e-12
3658 5.27078e-14
3659 -5.79983e-13
3660 -2.67349e-13
3661 -3.91367e-13
3662 -3.57422e-14
3663 4.75262e-14
3664 -9.83623e-13
3665 1.05457e-12
3666 -2.32672e-13
3667 -8.04999e-13
3668 6.86583e-13
3669 -9.07194e-14
3670 3.02191e-13
3671 2.78533e-13
3672 -7.02015e-13
3673 7.59308e-13
3674 1.30816e-12
3675 -3.5053e-13
3676 5.89256e-13
3677 -9.90304e-13
3678 1.47421e-12
3679 -1.83468e-12
3680 1.64641e-12
3681 1.39657e-12
3682 -6.30982e-13
3683 6.7911e-14
3684 -2.81947e-13
3685 -3.93697e-13
3686 1.94198e-13
3687 -6.95947e-13
3688 7.0089e-13
3689 -4.93191e-13
3690 1.18652e-12
3691 -6.91839e-13
3692 9.79788e-13
3693 7.59573e-13
3694 -1.40915e-12
3695 -3.15367e-13
3696 1.77151e-12
3697 6.52015e-13
3698 -1.12084e-12
3699 -1.34025e-13
3700 1.72015e-13
3701 -9.76826e-13
3702 -1.81245e-13
3703 -3.46318e-13
3704 3.46819e-12
3705 -1.97358e-13
3706 -6.04135e-14
3707 9.72868e-13
3708 3.63689e-13
3709 2.23189e-13
3710 1.88089e-13
3711 -2.49478e-13
3712 9.27288e-13
3713 2.03956e-13
3714 -3.65784e-13
3715 -1.74991e-13
3716 8.24681e-13
3717 2.79893e-13
3718 -1.53593e-13
3719 4.57148e-13
3720 8.18559e-13
3721 2.35328e-13
3722 -8.12159e-14
3723 -1.96631e-13
3724 -2.57019e-13
3725 -1.90573e-12
3726 -5.82639e-13
3727 -2.43618e-13
3728 5.01834e-12
3729 9.72194e-13
3730 6.43256e-13
3731 1.51757e-13
3732 -7.77052e-14
3733 1.05058e-12
3734 -3.44287e-13
3735 1.38022e-13
3736 2.8433e-13
3737 1.37659e-12
3738 5.53658e-13
3739 -1.93789e-13
3740 1.14558e-13
3741 -1.16434e-12
3742 2.1531e-13
3743 -6.38475e-13
3744 -2.31869e-14
3745 -5.89317e-13
3746 -2.71696e-13
3747 -3.48107e-14
3748 1.13334e-12
3749 -1.71568e-12
3750 -6.49741e-15
3751 5.31152e-13
3752 -8.86669e-13
3753 1.7614e-12
3754 -2.73073e-13
3755 -2.62707e-14
3756 -5.12142e-13
3757 -6.27338e-13
3758 -3.14306e-15
3759 -5.31367e-13
3760 9.0966e-13
3761 -2.04926e-13
3762 -4.12406e-13
3763 -4.52315e-12
3764 -1.3395e-12
3765 -1.89808e-12
3766 -4.94646e-13
3767 -4.01565e-14
3768 -1.29676e-13
3769 7.8503e-15
3770 4.24888e-13
3771 -1.63164e-13
3772 1.0578e-13
3773 6.69152e-14
3774 -1.58738e-13
3775 5.80079e-13
3776 2.12867e-13
3777 -3.41201e-15
3778 2.08876e-12
3779 -1.27544e-13
3780 -5.09683e-13
3781 3.9968e-15
3782 1.28352e-13
3783 -2.90048e-14
3784 -1.03598e-14
3785 2.36043e-13
3786 6.21836e-13
3787 -4.32685e-13
3788 -9.02226e-14
3789 -8.13737e-13
3790 -2.98693e-13
3791 9.00969e-13
3792 1.05006e-12
3793 1.26838e-12
3794 -5.75144e-13
3795 1.82642e-13
3796 -1.35966e-12
3797 1.35422e-12
3798 5.73225e-13
3799 -5.20547e-13
3800 2.47624e-13
3801 -3.37326e-13
3802 4.52464e-13
3803 3.51548e-13
3804 -5.96051e-15
3805 3.02918e-13
3806 4.33437e-13
3807 -2.0973e-12
3808 6.93614e-12
3809 4.10769e-12
3810 -1.25028e-12
3811 -2.71858e-13
3812 -3.98234e-13
3813 3.94602e-14
3814 -1.04e-13
3815 5.90812e-14
3816 5.93275e-14
3817 -4.39661e-13
3818 -1.18478e-13
3819 3.94418e-13
3820 5.58568e-14
3821 2.79745e-13
3822 1.72931e-13
3823 1.97644e-12
3824 9.92532e-13
3825 6.28071e-13
3826 -2.37615e-13
3827 -1.84382e-13
3828 -4.09926e-13
3829 -2.32759e-14
3830 -6.39593e-13
3831 -1.02343e-12
3832 7.28796e-13
3833 1.0593e-12
3834 -8.93366e-13
3835 2.1722e-13
3836 1.70886e-12
3837 2.35714e-13
3838 -8.719e-13
3839 -1.01194e-12
3840 -1.39828e-12
3841 -9.8658e-13
3842 -1.74203e-13
3843 6.81239e-13
3844 3.11624e-13
3845 9.94944e-14
3846 6.3331e-13
3847 -1.53045e-12
3848 -7.10506e-14
3849 -4.21587e-12
3850 -8.07368e-13
3851 -8.64466e-13
3852 -4.73792e-13
3853 1.55248e-12
3854 -1.51682e-12
3855 1.40561e-12
3856 -7.96238e-16
3857 -8.86662e-13
3858 -9.34183e-13
3859 -2.46558e-13
3860 -4.64698e-14
3861 1.59917e-13
3862 -6.15532e-13
3863 -2.04258e-12
3864 -3.82732e-13
3865 -2.58156e-13
3866 -1.31995e-13
3867 4.58698e-13
3868 2.46175e-13
3869 2.66211e-14
3870 -1.10761e-12
3871 1.2039e-13
3872 -1.80793e-13
3873 -6.26715e-13
3874 3.64563e-13
3875 2.59379e-14
3876 6.42051e-13
3877 3.70108e-14
3878 -7.3468e-13
3879 -1.22494e-13
3880 6.34111e-14
3881 2.12434e-12
3882 -3.96572e-13
3883 2.48509e-13
3884 7.13406e-13
3885 -4.16184e-13
3886 -3.44585e-14
3887 4.10858e-13
3888 -5.16797e-13
3889 6.04685e-13
3890 -2.58141e-13
3891 2.93949e-13
3892 1.57974e-13
3893 2.24519e-13
3894 8.1613e-13
3895 -3.54048e-13
3896 -2.65295e-13
3897 2.88344e-13
3898 -5.68229e-13
3899 8.30409e-13
3900 -1.98851e-12
3901 3.47759e-12
3902 -1.76646e-14
3903 -6.77475e-14
3904 -9.8988e-14
3905 -7.80143e-14
3906 -1.66266e-13
3907 -1.07171e-12
3908 -8.81908e-13
3909 1.14859e-12
3910 -5.91827e-13
3911 -1.39517e-12
3912 -7.54822e-13
3913 1.82312e-13
3914 4.10205e-14
3915 2.33095e-14
3916 -1.79031e-12
3917 3.44313e-13
3918 5.30883e-13
3919 -1.53061e-13
3920 8.24311e-13
3921 4.3833e-14
3922 -3.10552e-13
3923 -1.22439e-12
3924 -7.6792e-13
3925 1.98367e-13
3926 -1.49032e-12
3927 -5.08361e-14
3928 3.38618e-15
3929 -2.25187e-13
3930 6.76801e-13
3931 -1.27288e-13
3932 -7.13688e-13
3933 1.11295e-12
3934 -4.90153e-13
3935 -3.52281e-13
3936 3.67223e-13
3937 6.21582e-13
3938 9.22429e-13
3939 -9.48299e-14
3940 -2.47038e-12
3941 1.19313e-12
3942 -1.15814e-12
3943 -8.06638e-13
3944 -6.05432e-13
3945 -2.44325e-13
3946 7.81084e-13
3947 -9.44682e-14
3948 -1.18586e-14
3949 -3.9962e-14
3950 8.12922e-13
3951 1.37144e-13
3952 -3.84656e-13
3953 -1.15199e-12
3954 -1.0062e-12
3955 -1.60802e-13
3956 -1.75435e-13
3957 -8.03177e-16
3958 2.63549e-13
3959 -4.30055e-14
3960 -1.14696e-13
3961 3.40352e-14
3962 -1.58725e-13
3963 2.94976e-13
3964 -8.5308e-13
3965 -1.37874e-12
3966 7.1362e-13
3967 4.484e-12
3968 2.13488e-12
3969 -2.10349e-13
3970 1.85839e-13
3971 2.77604e-13
3972 2.12082e-13
3973 -3.40523e-14
3974 4.24125e-13
3975 -7.74483e-13
3976 1.58695e-12
3977 5.94126e-14
3978 -5.75068e-13
3979 1.17031e-12
3980 -1.5443e-13
3981 -6.76304e-14
3982 -1.87633e-13
3983 1.51337e-13
3984 9.25995e-13
3985 -4.13019e-13
3986 4.13898e-13
3987 -5.27842e-13
3988 -9.58221e-13
3989 5.66309e-13
3990 -1.3245e-13
3991 -2.49446e-13
3992 1.85047e-14
3993 2.58063e-13
3994 -8.12506e-13
3995 -3.2831e-13
3996 8.87326e-13
3997 -1.39974e-13
3998 -2.83318e-13
3999 4.21541e-13
4000 5.23099e-13
4001 -2.55525e-13
4002 -2.30167e-13
4003 -1.20274e-12
4004 9.92871e-13
4005 -4.10651e-12
4006 -1.76599e-12
4007 3.05519e-14
4008 -3.27967e-13
4009 -1.97693e-13
4010 1.65623e-14
4011 3.06436e-13
4012 -1.24969e-14
4013 -1.55553e-13
4014 5.32202e-14
4015 -4.13679e-13
4016 1.51543e-12
4017 -1.44715e-13
4018 -6.22718e-13
4019 -3.12365e-13
4020 5.40316e-14
4021 3.37634e-13
4022 -1.82889e-13
4023 1.07627e-12
4024 -8.17773e-13
4025 7.24074e-14
4026 1.53428e-13
4027 -4.90566e-13
4028 1.09896e-12
4029 1.09159e-12
4030 2.94617e-13
4031 -3.34437e-13
4032 -2.44173e-13
4033 9.03948e-13
4034 3.00805e-12
4035 1.99405e-12
4036 -1.72214e-12
4037 -7.56629e-12
4038 4.26598e-13
4039 -7.1872e-13
4040 1.46664e-13
4041 -2.82389e-13
4042 -2.94398e-13
4043 3.30052e-13
4044 6.28595e-13
4045 -8.63485e-13
4046 -5.1003e-15
4047 2.38976e-14
4048 2.01629e-13
4049 -6.46651e-13
4050 -4.63431e-13
4051 -1.22489e-12
4052 -2.43647e-13
4053 -9.20861e-14
4054 -4.75411e-13
4055 6.7289e-13
4056 -3.30081e-13
4057 1.04968e-14
4058 -3.6909e-13
4059 -3.9813e-13
4060 6.57113e-14
4061 -3.04513e-13
4062 1.75832e-13
4063 1.13705e-13
4064 8.52628e-13
4065 -1.06579e-12
4066 -5.09245e-14
4067 -3.54573e-12
4068 -4.98838e-13
4069 6.13154e-13
4070 1.40069e-13
4071 7.00065e-14
4072 -2.58653e-13
4073 3.97593e-13
4074 -6.71893e-14
4075 6.27926e-13
4076 6.72523e-13
4077 8.96679e-15
4078 -5.3289e-14
4079 -2.00857e-13
4080 2.33889e-13
4081 5.82957e-13
4082 2.43319e-13
4083 -1.0502e-12
4084 9.44737e-13
4085 -7.98525e-13
4086 -2.987e-14
4087 7.1661e-13
4088 -6.43578e-13
4089 7.36008e-13
4090 -3.75876e-13
4091 1.44863e-13
4092 -3.2738e-13
4093 -7.9605e-14
4094 -4.82617e-14
4095 2.66536e-14
4096 -4.33651e-13
4097 -1.0704e-12
4098 -4.19997e-13
4099 9.6399e-13
4100 -2.05769e-12
4101 -6.73506e-14
4102 1.94447e-12
4103 9.25232e-14
4104 7.56634e-14
4105 5.04574e-13
4106 -1.6772e-12
4107 4.33795e-13
4108 1.06866e-13
4109 9.40862e-14
4110 -2.55546e-13
4111 1.81879e-13
4112 -2.4139e-14
4113 -9.23704e-13
4114 -3.63003e-14
4115 -1.81886e-13
4116 8.78511e-14
4117 -1.90281e-12
4118 1.96497e-12
4119 -6.18546e-13
4120 1.32846e-13
4121 -4.48689e-14
4122 6.22422e-14
4123 9.48511e-13
4124 -1.03024e-12
4125 -7.14151e-14
4126 3.09613e-13
4127 -2.64214e-14
4128 -1.57242e-13
4129 6.23343e-13
4130 -1.26069e-12
4131 -1.06159e-12
4132 -1.14646e-14
4133 8.84293e-14
4134 -2.14001e-13
4135 -5.18832e-13
4136 -4.13238e-13
4137 3.65302e-14
4138 -4.6191e-13
4139 2.54841e-13
4140 -7.15439e-13
4141 -1.16257e-13
4142 2.38998e-13
4143 4.38766e-13
4144 -5.95851e-13
4145 3.89237e-13
4146 1.46089e-12
4147 -1.03097e-12
4148 8.1133e-13
4149 -1.05231e-13
4150 -1.34596e-12
4151 1.27912e-12
4152 -1.13133e-12
4153 5.09105e-13
4154 1.45422e-12
4155 5.13542e-13
4156 1.5751e-13
4157 5.43558e-14
4158 -5.03692e-13
4159 4.57501e-12
4160 -4.80254e-13
4161 1.22907e-12
4162 -8.87315e-13
4163 5.67614e-13
4164 -8.39537e-13
4165 -2.06906e-13
4166 3.43144e-13
4167 5.88505e-13
4168 -1.34389e-12
4169 3.31784e-12
4170 4.67165e-12
4171 3.68823e-13
4172 -2.21192e-13
4173 5.37546e-13
4174 -4.9102e-13
4175 -1.39141e-14
4176 -3.84431e-14
4177 5.42668e-13
4178 -3.6291e-13
4179 -2.4113e-13
4180 3.76717e-13
4181 -1.58984e-13
4182 1.97106e-13
4183 1.01242e-12
4184 -7.47003e-13
4185 1.23651e-14
4186 -3.14177e-13
4187 -2.83697e-13
4188 1.05315e-14
4189 5.92507e-13
4190 -6.69561e-13
4191 1.02867e-13
4192 -3.39791e-13
4193 -6.7099e-14
4194 1.18179e-12
4195 -3.50865e-13
4196 -3.24748e-13
4197 -1.77028e-12
4198 4.71733e-13
4199 -1.1367e-12
4200 3.42885e-14
4201 8.06091e-14
4202 3.15272e-13
4203 -7.08032e-14
4204 3.97528e-13
4205 2.95083e-13
4206 8.50519e-13
4207 -5.30794e-13
4208 -4.77191e-13
4209 -1.09974e-13
4210 -2.04228e-14
4211 -1.51424e-13
4212 -8.9932e-13
4213 4.45755e-14
4214 -4.25198e-14
4215 -9.88098e-13
4216 2.9395e-13
4217 1.00059e-13
4218 -9.70086e-13
4219 8.46719e-15
4220 -5.04822e-14
4221 -7.64898e-13
4222 2.2618e-13
4223 2.78986e-13
4224 1.63432e-14
4225 -1.18962e-14
4226 4.05009e-13
4227 4.44361e-13
4228 5.79315e-13
4229 4.01641e-13
4230 9.58209e-14
4231 -8.58116e-14
4232 4.08624e-13
4233 -1.64541e-12
4234 -5.64936e-13
4235 5.31838e-13
4236 -5.18698e-13
4237 1.48022e-14
4238 9.37792e-15
4239 5.39008e-13
4240 -8.0752e-13
4241 -2.17269e-13
4242 -1.28463e-13
4243 5.09272e-13
4244 1.11413e-13
4245 -3.74298e-13
4246 1.54868e-13
4247 -6.84914e-13
4248 7.43815e-13
4249 -3.58474e-13
4250 7.81306e-13
4251 -2.80355e-13
4252 -1.13191e-13
4253 -9.13488e-14
4254 -3.34341e-14
4255 3.7028e-13
4256 2.46799e-13
4257 8.06646e-15
4258 -2.1537e-13
4259 -7.29132e-13
4260 3.99917e-13
4261 -4.50216e-13
4262 -1.83896e-13
4263 -4.6043e-14
4264 3.22003e-13
4265 -2.0176e-13
4266 1.33419e-13
4267 1.63911e-13
4268 1.04885e-13
4269 7.26081e-13
4270 3.99231e-13
4271 -5.49328e-13
4272 -1.18341e-11
4273 6.65867e-13
4274 -9.09174e-13
4275 -9.00214e-13
4276 -1.5616e-14
4277 6.61476e-12
4278 -3.58117e-13
4279 1.95514e-13
4280 -4.07237e-13
4281 1.09232e-12
4282 -4.70071e-14
4283 4.37504e-13
4284 -7.42288e-13
4285 3.13378e-14
4286 -3.30881e-14
4287 4.77544e-14
4288 5.19018e-13
4289 -1.33183e-12
4290 1.52035e-13
4291 2.83582e-13
4292 4.19907e-13
4293 1.33062e-14
4294 1.33383e-13
4295 2.17538e-13
4296 -2.04756e-13
4297 1.3495e-12
4298 -1.46085e-12
4299 5.46338e-13
4300 7.40959e-13
4301 -6.9695e-13
4302 8.50608e-13
4303 -8.13538e-13
4304 8.05134e-13
4305 2.01922e-14
4306 -1.31721e-13
4307 1.34808e-12
4308 -4.21746e-13
4309 -3.37606e-13
4310 1.56559e-13
4311 -7.19086e-15
4312 -2.98529e-13
4313 8.70616e-13
4314 -1.40702e-12
4315 -2.01657e-12
4316 -2.42249e-12
4317 1.54488e-14
4318 -6.69504e-13
4319 1.74619e-13
4320 -1.71324e-13
4321 -5.80276e-13
4322 -9.60863e-14
4323 4.69886e-14
4324 5.1812e-13
4325 3.7983e-13
4326 6.38697e-13
4327 -2.67729e-12
4328 -4.06006e-13
4329 1.88784e-13
4330 9.75608e-15
4331 2.55593e-13
4332 -2.44142e-13
4333 -6.41655e-13
4334 -2.01471e-14
4335 -1.2119e-13
4336 -6.40066e-13
4337 2.92374e-13
4338 -1.5428e-12
4339 -1.14502e-13
4340 -1.30178e-13
4341 1.81562e-12
4342 4.04682e-12
4343 -2.66475e-12
4344 7.4156e-14
4345 -7.73798e-13
4346 -1.39139e-13
4347 3.50782e-13
4348 7.10593e-13
4349 4.02144e-14
4350 4.30602e-13
4351 -2.38897e-13
4352 1.12661e-12
4353 -2.35553e-13
4354 6.71958e-12
4355 -8.77803e-13
4356 1.76851e-13
4357 8.6987e-13
4358 -7.31685e-13
4359 -1.25309e-13
4360 -7.64232e-13
4361 -1.51303e-14
4362 1.80095e-13
4363 -2.1512e-13
4364 -1.852e-13
4365 -1.46459e-12
4366 -9.39867e-13
4367 -9.59229e-13
4368 -1.22942e-12
4369 -1.16484e-12
4370 8.35333e-13
4371 -4.28154e-13
4372 -5.74027e-13
4373 2.52185e-13
4374 -7.07039e-14
4375 8.46801e-13
4376 2.53207e-13
4377 2.34396e-14
4378 7.9433e-13
4379 -9.79502e-13
4380 8.23092e-13
4381 8.80057e-13
4382 -2.86965e-13
4383 3.10269e-13
4384 -6.77765e-13
4385 1.00572e-12
4386 -2.2908e-13
4387 -1.08696e-12
4388 6.48063e-13
4389 -3.61499e-14
4390 -2.345e-13
4391 2.42591e-13
4392 -3.45456e-13
4393 7.54612e-13
4394 8.28365e-14
4395 -2.01359e-12
4396 -1.02692e-13
4397 2.60194e-13
4398 2.96152e-14
4399 9.12747e-13
4400 -5.09608e-15
4401 -1.31513e-13
4402 -5.39491e-13
4403 -4.4063e-13
4404 2.47077e-13
4405 -1.11194e-13
4406 -1.44019e-12
4407 6.99688e-13
4408 2.04056e-13
4409 6.12523e-14
4410 8.59191e-14
4411 -5.55285e-14
4412 -1.84278e-12
4413 9.7853e-13
4414 -5.5009e-13
4415 -5.13866e-14
4416 -1.49908e-13
4417 -6.33091e-13
4418 5.55903e-13
4419 2.13451e-11
4420 -1.59855e-11
4421 -9.89226e-13
4422 7.62564e-13
4423 2.59841e-13
4424 -7.26152e-13
4425 6.38767e-13
4426 5.42753e-13
4427 -5.25444e-13
4428 4.10545e-13
4429 8.9251e-15
4430 -8.09144e-13
4431 -1.2222e-14
4432 -6.32135e-13
4433 1.81812e-12
4434 -4.11487e-13
4435 -1.42228e-13
4436 4.93085e-13
4437 -2.01138e-13
4438 -4.02733e-13
4439 -2.01659e-15
4440 -9.77096e-14
4441 8.03126e-13
4442 8.94973e-13
4443 -5.3204e-14
4444 -3.42874e-13
4445 8.6651e-13
4446 -2.86229e-13
4447 9.40171e-13
4448 -1.48596e-15
4449 6.12747e-12
4450 3.66623e-15
4451 -1.397e-13
4452 8.86304e-13
4453 1.1505e-13
4454 -5.01304e-13
4455 -2.49252e-13
4456 1.02979e-12
4457 -6.96367e-13
4458 6.63085e-13
4459 -2.23017e-13
4460 -2.5889e-14
4461 1.98692e-13
4462 -1.15999e-12
4463 -7.59256e-13
4464 -2.41905e-13
4465 8.48001e-15
4466 7.11747e-13
4467 1.06694e-12
4468 -5.20424e-13
4469 6.40842e-14
4470 2.25973e-12
4471 -8.02657e-15
4472 -1.8681e-13
4473 -2.65885e-12
4474 2.54391e-12
4475 4.95454e-14
4476 7.05217e-14
4477 9.94092e-13
4478 3.24242e-12
4479 -4.32124e-12
4480 -6.84175e-15
4481 1.97796e-12
4482 -2.82918e-13
4483 8.92268e-13
4484 8.77588e-14
4485 -7.08123e-14
4486 1.10022e-12
4487 2.5428e-13
4488 5.71279e-14
4489 5.87776e-14
4490 2.18512e-13
4491 -8.70943e-14
4492 -3.14158e-14
4493 1.21779e-12
4494 -1.62711e-13
4495 1.93758e-13
4496 4.33907e-13
4497 -2.26902e-15
4498 5.74874e-14
4499 -4.18922e-13
4500 -6.97853e-14
4501 -1.45931e-13
4502 2.4353e-13
4503 -7.27352e-14
4504 2.91546e-12
4505 5.04662e-12
4506 -0
4507 2.43719e-14
4508 -7.3299e-14
4509 -5.82485e-14
4510 -9.85052e-14
4511 8.51343e-13
4512 -7.71939e-14
4513 -1.26342e-12
4514 7.15473e-12
4515 1.62614e-13
4516 -1.02855e-12
4517 1.12504e-13
4518 1.12834e-13
4519 8.99634e-14
4520 1.94088e-14
4521 -3.07188e-13
4522 -0
4523 2.86688e-12
4524 2.89773e-12
4525 2.45446e-14
4526 -1.93127e-13
4527 2.59427e-12
4528 -0
4529 -2.07664e-14
4530 1.67493e-12
4531 6.82473e-13
4532 -3.07063e-14
4533 -1.93037e-13
4534 2.15236e-13
4535 3.78082e-12
4536 -4.0314e-12
4537 1.68627e-13
4538 1.56464e-12
4539 1.95694e-14
4540 3.68646e-12
4541 -1.25188e-13
4542 -2.95267e-14
4543 -1.07897e-13
4544 3.06317e-14
4545 -1.15977e-12
4546 2.6432e-14
4547 -6.66471e-13
4548 -2.70265e-13
4549 1.18994e-12
4550 -1.23981e-14
4551 1.18551e-12
4552 -2.90068e-12
4553 9.822e-15
4554 2.01539e-12
4555 -3.00437e-12
4556 -5.12349e-13
4557 6.06316e-13
4558 -3.50914e-13
4559 1.60427e-13
4560 1.31563e-13
4561 1.40943e-13
4562 -2.45433e-12
4563 -4.90778e-13
4564 -5.16635e-14
4565 2.73629e-12
4566 3.05521e-13
4567 -1.28906e-12
4568 5.83602e-13
4569 1.96346e-13
4570 -8.37664e-13
4571 -4.27245e-14
4572 6.29202e-14
4573 5.33705e-14
4574 -2.80969e-13
4575 -1.40697e-13
4576 -3.3129e-13
4577 -1.02592e-13
4578 1.17362e-12
4579 3.27099e-13
4580 8.23517e-14
4581 1.08391e-12
4582 -1.85751e-12
4583 -2.0357e-13
4584 7.14784e-14
4585 1.87628e-14
4586 1.49162e-13
4587 -6.93219e-13
4588 1.23962e-13
4589 -9.53005e-14
4590 6.41335e-12
4591 -8.15008e-14
4592 3.22098e-13
4593 3.07898e-13
4594 -9.58027e-14
4595 -2.34442e-13
4596 -4.31632e-14
4597 -2.07138e-13
4598 -7.51161e-12
4599 2.81823e-13
4600 -6.60076e-14
4601 6.07171e-14
4602 -2.92975e-13
4603 1.94422e-12
4604 -8.23019e-13
4605 -2.37182e-13
4606 -7.58534e-14
4607 -6.79696e-13
4608 9.2103e-13
4609 5.50452e-13
4610 -2.92011e-13
4611 1.10779e-13
4612 2.32793e-12
4613 -2.68729e-13
4614 -5.09176e-13
4615 -1.01657e-12
4616 -5.89494e-14
4617 -4.74976e-14
4618 -1.24692e-13
4619 4.4442e-12
4620 -6.55032e-14
4621 4.72882e-13
4622 -3.55706e-13
4623 -8.39597e-14
4624 5.9837e-13
4625 1.29353e-12
4626 2.79023e-13
4627 9.14754e-14
4628 -1.44073e-12
4629 -2.98902e-13
4630 -4.07438e-13
4631 3.08011e-12
4632 -4.75298e-12
4633 -1.02071e-14
4634 1.44346e-11
4635 2.1351e-14
4636 -6.23692e-13
4637 -1.93463e-12
4638 1.22308e-12
4639 -6.44068e-14
4640 -4.59103e-13
4641 2.67664e-13
4642 -5.86444e-13
4643 -4.56118e-14
4644 -1.46771e-13
4645 1.5987e-12
4646 -1.07648e-12
4647 -6.9614e-13
4648 -7.23761e-13
4649 -2.18718e-13
4650 -5.5754e-14
4651 7.39147e-13
4652 2.63727e-13
4653 2.37797e-13
4654 2.03974e-14
4655 -7.41399e-14
4656 -9.79735e-14
4657 -1.03161e-12
4658 -7.82794e-15
4659 1.13059e-12
4660 -2.65034e-13
4661 7.20396e-14
4662 4.09568e-14
4663 7.18542e-13
4664 -6.10632e-13
4665 1.45835e-13
4666 -6.52256e-14
4667 4.88005e-13
4668 -1.03966e-13
4669 -3.33924e-13
4670 1.50425e-13
4671 -9.16826e-13
4672 3.4022e-13
4673 -4.43703e-14
4674 -9.20908e-14
4675 -1.6577e-14
4676 1.1241e-13
4677 6.77472e-13
4678 -3.68717e-13
4679 6.8244e-15
4680 2.42731e-15
4681 -4.01901e-13
4682 -2.39767e-13
4683 2.33172e-12
4684 -4.28716e-13
4685 -1.27428e-12
4686 1.31549e-13
4687 2.6952e-13
4688 5.30309e-14
4689 4.95073e-14
4690 -5.65326e-13
4691 2.62439e-13
4692 1.41995e-13
4693 2.47538e-13
4694 1.63399e-13
4695 3.84093e-13
4696 -1.23622e-12
4697 -5.15235e-13
4698 1.55297e-13
4699 4.51358e-14
4700 2.22967e-13
4701 9.59944e-14
4702 5.88251e-13
4703 1.22853e-14
4704 1.53219e-12
4705 -2.80498e-12
4706 -7.77108e-14
4707 -8.41177e-14
4708 -6.54539e-14
4709 -4.95003e-15
4710 5.74086e-13
4711 -3.33628e-13
4712 1.50021e-13
4713 -1.74816e-13
4714 -8.78416e-13
4715 2.28628e-12
4716 1.5701e-13
4717 -6.51987e-13
4718 -1.14602e-12
4719 5.34146e-13
4720 -1.30408e-12
4721 9.05238e-13
4722 2.89668e-11
4723 3.18134e-12
4724 7.50525e-13
4725 -6.53276e-13
4726 8.69315e-13
4727 -2.84367e-13
4728 -6.24848e-13
4729 -1.53716e-11
4730 -8.86174e-12
4731 -3.21462e-14
4732 9.37101e-13
4733 -6.69976e-14
4734 -5.07814e-13
4735 6.93512e-14
4736 -1.64905e-12
4737 -0
4738 1.5647e-13
4739 -4.20382e-13
4740 2.10131e-12
4741 -4.34596e-11
4742 2.03676e-11
4743 3.1819e-13
4744 -3.17404e-12
4745 3.89144e-13
4746 9.90084e-13
4747 -5.21923e-13
4748 -3.60962e-13
4749 5.51432e-13
4750 7.46122e-14
4751 1.65866e-14
4752 1.13002e-13
4753 2.91969e-13
4754 -3.13523e-13
4755 -8.15173e-14
4756 5.35103e-14
4757 1.92298e-13
4758 6.86508e-14
4759 2.25415e-13
4760 -1.84371e-12
4761 4.24265e-13
4762 -2.96252e-14
4763 3.83378e-13
4764 -5.77526e-14
4765 -7.61891e-15
4766 -4.84179e-14
4767 -2.56422e-14
4768 -7.04124e-15
4769 5.27186e-13
4770 -3.92375e-13
4771 8.15845e-14
4772 -1.24714e-12
4773 -9.37406e-14
4774 -7.66104e-13
4775 2.24021e-12
4776 -4.34723e-13
4777 -8.82996e-13
4778 2.83241e-13
4779 -5.34555e-15
4780 6.90734e-13
4781 4.43222e-14
4782 1.85791e-14
4783 -2.83269e-13
4784 -8.12799e-15
4785 5.96702e-14
4786 6.04421e-13
4787 -1.37005e-13
4788 7.00584e-13
4789 -2.65479e-13
4790 -4.95277e-13
4791 2.14026e-12
4792 -7.30535e-15
4793 -8.10428e-14
4794 6.81563e-14
4795 -4.34841e-13
4796 -3.29723e-13
4797 6.86482e-14
4798 -4.62857e-13
4799 -6.48722e-13
4800 4.94049e-14
4801 -8.95855e-14
4802 1.06946e-14
4803 4.22409e-13
4804 -4.44235e-14
4805 -2.78859e-13
4806 -7.49862e-13
4807 -7.27695e-14
4808 3.29875e-14
4809 1.67833e-13
4810 -2.51175e-13
4811 -5.73731e-13
4812 -6.69751e-13
4813 4.38417e-13
4814 -1.37455e-12
4815 -2.51749e-12
4816 1.86081e-12
4817 1.30797e-13
4818 -1.10481e-12
4819 1.95625e-12
4820 7.85344e-14
4821 1.09734e-12
4822 1.14896e-12
4823 9.36592e-13
4824 -1.22014e-13
4825 1.18273e-13
4826 8.6247e-14
4827 -9.13282e-13
4828 -0
4829 -1.78384e-13
4830 -7.21306e-14
4831 1.09157e-13
4832 -2.17986e-13
4833 8.60523e-13
4834 -1.00036e-13
4835 1.23336e-12
4836 6.61498e-13
4837 -1.54382e-13
4838 -3.07046e-14
4839 -7.19878e-13
4840 -5.05341e-13
4841 -7.32851e-14
4842 2.52225e-13
4843 -7.89778e-13
4844 -3.16363e-14
4845 -5.24129e-14
4846 -7.85546e-13
4847 2.062e-13
4848 5.38024e-14
4849 2.78588e-13
4850 4.58591e-14
4851 -1.75804e-13
4852 -2.48402e-13
4853 -1.54179e-12
4854 1.03166e-12
4855 4.55118e-14
4856 -9.16657e-12
4857 -8.36728e-13
4858 -3.41331e-13
4859 -1.2836e-13
4860 -4.91503e-13
4861 -2.22454e-11
4862 2.85929e-13
4863 -6.94708e-13
4864 -1.26052e-12
4865 1.36748e-13
4866 -9.84679e-13
4867 1.04022e-12
4868 -3.11487e-13
4869 -1.90361e-13
4870 -7.46223e-14
4871 -2.89346e-12
4872 -2.80603e-12
4873 -5.18884e-13
4874 -2.03465e-11
4875 4.41867e-12
4876 7.47111e-13
4877 -8.78543e-13
4878 6.55601e-13
4879 2.81977e-13
4880 -3.40969e-14
4881 1.36849e-13
4882 -3.74705e-13
4883 -5.70759e-13
4884 -2.36616e-13
4885 -7.28381e-13
4886 9.62415e-13
4887 -9.97488e-13
4888 2.59499e-12
4889 1.23599e-15
4890 3.61392e-12
4891 -1.25014e-11
4892 -7.86371e-13
4893 1.01435e-12
4894 8.80549e-13
4895 1.81004e-13
4896 -8.79782e-14
4897 1.53507e-13
4898 -6.44606e-14
4899 1.72084e-13
4900 1.97651e-14
4901 1.51378e-12
4902 2.34051e-13
4903 -3.23231e-14
4904 1.43288e-15
4905 -1.30042e-12
4906 -3.63001e-12
4907 -1.21037e-13
4908 3.04542e-14
4909 1.73472e-15
4910 -2.23453e-13
4911 -1.8251e-13
4912 -1.72378e-12
4913 9.09869e-13
4914 9.25024e-14
4915 4.46799e-13
4916 -5.65388e-13
4917 9.40116e-14
4918 4.33169e-14
4919 -4.25035e-13
4920 2.63177e-13
4921 1.12148e-12
4922 3.55178e-12
4923 -1.20589e-14
4924 9.64576e-14
4925 -7.90479e-14
4926 -9.98189e-13
4927 -1.91347e-13
4928 7.65308e-14
4929 2.27929e-13
4930 -7.82412e-14
4931 -2.92183e-13
4932 1.93863e-12
4933 -1.65423e-13
4934 3.22018e-13
4935 -1.38153e-14
4936 6.66905e-12
4937 -4.82908e-12
4938 -2.84724e-12
4939 -1.95172e-13
4940 -6.18776e-15
4941 3.18981e-14
4942 -2.86021e-14
4943 -2.49015e-13
4944 -6.21592e-12
4945 -6.4664e-13
4946 -2.57123e-12
4947 -8.58325e-13
4948 5.82367e-13
4949 7.27474e-12
4950 -1.22963e-11
4951 -2.72069e-13
4952 1.68817e-12
4953 2.43371e-13
4954 -2.80977e-13
4955 3.7995e-13
4956 6.07241e-12
4957 8.83133e-13
4958 -2.50876e-14
4959 -2.17668e-13
4960 3.39451e-14
4961 2.9229e-12
4962 -4.05347e-11
4963 8.48786e-12
4964 -8.22554e-14
4965 -1.14204e-13
4966 -8.61585e-13
4967 -1.12795e-13
4968 -4.2493e-12
4969 -9.13912e-12
4970 -5.47774e-14
4971 6.74906e-15
4972 -1.5386e-13
4973 -9.16372e-13
4974 1.90063e-12
4975 3.86649e-13
4976 1.814e-14
4977 -3.68001e-13
4978 1.44822e-13
4979 1.00753e-13
4980 -6.42802e-13
4981 5.43721e-13
4982 -8.28157e-15
4983 2.71255e-13
4984 -4.31273e-12
4985 -1.8536e-13
4986 4.7342e-13
4987 1.71713e-13
4988 -3.3392e-13
4989 4.8006e-13
4990 -1.05252e-13
4991 6.27168e-13
4992 -5.54209e-14
4993 6.30513e-13
4994 -3.38599e-13
4995 -2.71137e-14
4996 -3.92673e-13
4997 -4.72154e-13
4998 8.59795e-13
4999 -1.09048e-13
5000 4.23682e-13
5001 8.31422e-12
5002 1.9058e-13
5003 -1.64029e-13
5004 3.03379e-13
5005 4.75001e-13
5006 2.1495e-13
5007 -2.49436e-14
5008 -1.01031e-12
5009 -2.46969e-13
5010 -6.88199e-14
5011 5.92339e-14
5012 -3.52567e-13
5013 3.40054e-13
5014 -5.20163e-13
5015 6.23763e-14
5016 -7.5032e-14
5017 -1.93836e-12
5018 -1.88145e-12
5019 3.75242e-12
5020 1.0094e-12
5021 -6.79918e-12
5022 1.04931e-11
5023 -1.33223e-13
5024 1.90339e-12
5025 -8.03472e-13
5026 9.4923e-13
5027 5.89535e-13
5028 -5.66987e-13
5029 -1.04148e-13
5030 -1.15856e-13
5031 4.92301e-13
5032 1.95112e-12
5033 -2.22367e-12
5034 -6.93431e-13
5035 3.87789e-13
5036 -8.91531e-12
5037 -5.98827e-14
5038 -3.07592e-12
5039 2.93675e-12
5040 2.24933e-14
5041 -2.66156e-13
5042 2.7215e-13
5043 -7.14443e-13
5044 -5.8651e-15
5045 -9.98538e-13
5046 4.40755e-13
5047 -3.0711e-13
5048 4.04223e-13
5049 4.38755e-15
5050 3.36632e-13
5051 1.08608e-12
5052 8.31592e-14
5053 -3.07672e-13
5054 -1.58839e-12
5055 -3.11766e-13
5056 1.52966e-12
5057 -1.03351e-13
5058 1.11616e-13
5059 -3.15618e-12
5060 1.55265e-13
5061 -6.16895e-13
5062 -1.94436e-13
5063 5.26957e-13
5064 -1.73767e-13
5065 8.67754e-13
5066 -1.84932e-13
5067 1.30207e-13
5068 -3.70621e-14
5069 7.69888e-14
5070 -6.42408e-14
5071 -9.79668e-14
5072 -3.839e-13
5073 2.2456e-14
5074 -5.00979e-14
5075 -1.01571e-13
5076 -4.73694e-13
5077 1.1354e-12
5078 3.11129e-12
5079 7.30915e-12
5080 2.16291e-12
5081 -1.95718e-13
5082 4.03412e-13
5083 2.44041e-12
5084 -1.72998e-12
5085 5.20521e-14
5086 -4.39086e-13
5087 -4.04798e-14
5088 -1.20345e-13
5089 1.20294e-14
5090 1.57448e-12
5091 -3.50104e-13
5092 1.38059e-12
5093 -4.85302e-12
5094 1.62265e-12
5095 -5.3251e-12
5096 2.47618e-12
5097 -2.53977e-13
5098 4.22795e-13
5099 1.47926e-12
5100 -1.78139e-14
5101 -1.82476e-13
5102 -5.01916e-13
5103 -2.78132e-13
5104 -5.99902e-13
5105 -8.13793e-14
5106 -2.22874e-13
5107 1.07641e-12
5108 3.10585e-13
5109 -5.68264e-13
5110 3.39728e-13
5111 -5.65002e-12
5112 5.08517e-13
5113 1.05572e-11
5114 1.37433e-12
5115 1.86886e-11
5116 -3.26066e-11
5117 -9.59302e-13
5118 -1.17427e-12
5119 -9.93596e-13
5120 -2.1844e-13
5121 -4.74461e-13
5122 1.56957e-12
5123 -7.26506e-13
5124 -7.11244e-13
5125 4.38622e-12
5126 -1.76793e-12
5127 5.76587e-14
5128 3.64898e-12
5129 -4.60505e-12
5130 6.58616e-13
5131 -3.37508e-14
5132 -3.475e-14
5133 1.27953e-14
5134 6.92779e-14
5135 5.30687e-14
5136 2.04642e-13
5137 -7.81597e-14
5138 3.08087e-15
5139 -1.9762e-14
5140 -8.21565e-14
