type vector
size 2447
values
0 0.0152543
1 0.00141463
2 0.0745718
3 3.07496e-05
4 0.00112802
5 8.17243e-05
6 -0.00102313
7 0.000481351
8 -0.00393071
9 0.0119356
10 8.63499e-05
11 0.0163542
12 0.153049
13 -7.2004e-05
14 0.0414499
15 -0.0287234
16 -0.00213731
17 0.000692185
18 2.72477e-05
19 0.0198487
20 0.00355533
21 -0.0195939
22 0.00279213
23 0.0271406
24 -0.0689922
25 0.106127
26 0.00700118
27 0.00017882
28 0.000233633
29 0.00018662
30 4.6915e-05
31 0.000394212
32 0.0668527
33 0.000509967
34 0.000312152
35 -0.00575904
36 -0.000521768
37 0.067021
38 7.60102e-05
39 0.00148691
40 -3.9699e-05
41 0.0360081
42 0.0026311
43 -0.00022191
44 3.82057e-06
45 0.871962
46 0.00975448
47 -0.00239379
48 2.81684e-05
49 -0.0347957
50 0.00156956
51 0.000933954
52 6.03197e-05
53 -0.00841172
54 -0.115649
55 -8.72298e-05
56 0.111486
57 0.0030012
58 0.000906335
59 0.0380405
60 0.0040038
61 -0.0602329
62 -0.000659473
63 0.000313763
64 0.0195929
65 -2.38026e-06
66 0.00398993
67 -0.000199985
68 7.40281e-05
69 0.000286788
70 0.0154762
71 -0.00153984
72 8.46581e-05
73 -0.0136608
74 0.0221114
75 5.03567e-05
76 0.0117521
77 0.000255429
78 -2.07867e-05
79 -3.56677e-06
80 0.0058172
81 0.000749011
82 1.28421e-05
83 7.35363e-05
84 6.22926e-07
85 0.00581964
86 3.92571e-05
87 -0.00813394
88 3.63191e-05
89 0.0171475
90 -0.00182675
91 0.000387952
92 0.0945983
93 -0.0016181
94 0.0118808
95 0.00308351
96 -0.00659055
97 0.138928
98 3.45279e-05
99 4.6585e-05
100 -0.00416963
101 2.39374e-05
102 0.00168723
103 0.0240754
104 -0.0656154
105 0.004387
106 0.000359396
107 -0.0017546
108 0.02245
109 0.0016491
110 -0.000289204
111 -0.0095666
112 0.0109179
113 0.0002066
114 0.00253784
115 0.00269358
116 0.013661
117 0.000509846
118 1.27989e-05
119 -9.82472e-05
120 1.03862e-05
121 0.0100271
122 -0.00060278
123 0.393506
124 1.29676e-05
125 -1.53403e-05
126 -0.00055962
127 0.00143373
128 0.00322156
129 7.76026e-05
130 -0.00807324
131 0.00845491
132 -0.000181671
133 0.0124994
134 0.000110045
135 0.0035937
136 -0.027499
137 0.0023037
138 5.79198e-06
139 0.000397669
140 0.000109857
141 -0.0598645
142 0.00570344
143 0.000142998
144 8.23704e-05
145 0.0114992
146 0.000224947
147 -0.00216888
148 0.00060232
149 0.00319774
150 -0.0107873
151 -1.14192e-05
152 0.0147413
153 0.0185134
154 0.0665332
155 0.0288008
156 0.0228536
157 0.00339893
158 0.0285692
159 0.00166797
160 -0.0430877
161 0.0370528
162 -0.000121549
163 3.59825e-05
164 0.00031104
165 0.344546
166 0.00230509
167 0.000511096
168 0.106209
169 0.00295446
170 -0.00883463
171 0.000145025
172 -0.0101314
173 -0.0628127
174 0.0105837
175 0.00421285
176 -0.00451772
177 0.00591088
178 0.00012427
179 0.0670779
180 0.000220814
181 0.000328857
182 0.0428088
183 0.00218296
184 0.00222201
185 0.00595291
186 0.00336669
187 0.000628314
188 -0.0142535
189 0.016957
190 0.00322205
191 0.0228966
192 1.49735e-05
193 0.00165767
194 5.29353e-05
195 0.00615822
196 -0.323308
197 0.00543434
198 9.56731e-05
199 0.000127992
200 0.0398822
201 0.000269015
202 -0.00431918
203 0.202699
204 0.00202609
205 0.00144607
206 0.0668925
207 2.49555e-05
208 -0.0557994
209 0.0155206
210 0.00377969
211 0.826027
212 0.0588177
213 -0.000299716
214 -0.008767
215 0.0118125
216 0.101438
217 -0.00903063
218 0.000617638
219 -0.00948354
220 0.00839539
221 -0.00175231
222 0.00337183
223 -0.0112026
224 7.17373e-05
225 -0.072054
226 0.000894616
227 -0.125752
228 2.32886e-05
229 -0.00655614
230 5.94409e-05
231 -0.078864
232 0.00294159
233 -0.0110133
234 0.0112805
235 0.0505902
236 0.000750006
237 -4.46482e-08
238 -0.0123899
239 0.0150202
240 -0.118374
241 0.0010905
242 0.00168921
243 0.000176339
244 -0.000666596
245 0.000213213
246 -0.000264569
247 -0.00318436
248 0.00135881
249 0.00373726
250 0.000628414
251 0.0100328
252 -0.0131794
253 0.0045241
254 -0.0306719
255 -0.00119687
256 2.49683e-05
257 0.419982
258 0.00168909
259 0.0218324
260 0.0448725
261 -0.107538
262 -0.0895526
263 -3.31507e-05
264 0.0336935
265 0.0134012
266 0.364553
267 0.00340817
268 0.000779298
269 -0.113638
270 -0.056617
271 0.0081399
272 0.0106838
273 0.370323
274 0.0178742
275 -0.00154149
276 6.9798e-05
277 0.00463796
278 0.0487986
279 -0.0158079
280 -0.342464
281 -0.000208997
282 0.00148671
283 0.00178634
284 -0.0100331
285 -0.00152573
286 -0.00928701
287 0.00520913
288 -0.0360773
289 -0.0183692
290 -0.0133327
291 0.0136998
292 -0.000873383
293 -0.00603557
294 -0.0625352
295 0.294328
296 -0.0652579
297 0.0638104
298 -0.0494487
299 -0.0215351
300 1.49795
301 -0.00428008
302 0.000343091
303 -0.0764343
304 0.00311742
305 -0.0136784
306 0.0420549
307 -0.00987943
308 -0.00459526
309 -0.339863
310 7.98873e-06
311 0.0109129
312 0.00330417
313 -2.50261e-07
314 0.00234452
315 -0.00917243
316 0.164182
317 -5.32628e-05
318 -0.0080854
319 0.000165303
320 -0.00477975
321 0.00850849
322 0.00638514
323 -0.0560009
324 -0.102316
325 -0.0534076
326 -0.0766839
327 0.0013687
328 0.0605013
329 3.38149e-05
330 0.00251872
331 0.0570558
332 0.101355
333 -0.00121223
334 0.0322583
335 0.155385
336 -0.175731
337 -0.000136007
338 -0.120604
339 -0.000419918
340 -0.00055713
341 0.0546543
342 -0.0161488
343 0.00261691
344 -0.00554832
345 0.071524
346 0.140486
347 -0.0233931
348 -4.63643e-07
349 0.0148402
350 0.00248737
351 0.00925513
352 0.0396474
353 0.0674914
354 -4.10753e-07
355 -0.127825
356 0.0359572
357 -7.04478e-06
358 0.000713538
359 -0.0107605
360 0.000170377
361 -0.0931477
362 -0.00118295
363 -0.0336149
364 -0.0131003
365 0.0181758
366 -0.0507537
367 -0.0273554
368 8.41559e-09
369 0.0138715
370 0.0148965
371 0.206358
372 0.000539746
373 -0.278613
374 0.00345564
375 8.11229e-05
376 0.00212041
377 -2.54824e-06
378 -1.7285e-05
379 0.0256932
380 -0.0194509
381 3.09904e-07
382 1.6364e-08
383 -0.0536269
384 1.47518e-05
385 -0.0456911
386 -0.00908955
387 -2.48246e-05
388 0.00435271
389 0.00851592
390 1.41599e-05
391 0.105359
392 -0.0237224
393 0.0462482
394 -0.00213613
395 -0.157501
396 0.00431663
397 0.0170905
398 0.0155732
399 0.0184375
400 -0.131717
401 0.000210418
402 -0.00238253
403 -0.0111806
404 -9.71233e-05
405 0.0313577
406 0.273808
407 -0.100044
408 -0.0174203
409 -0.164944
410 0.027356
411 0.0122478
412 -1.64856e-06
413 -1.23041e-05
414 -0.00237937
415 0.0363018
416 -0.0278379
417 -0.115683
418 -0.0615856
419 0.000503679
420 0.00180173
421 -0.00718341
422 0.0296421
423 -4.31357e-06
424 -0.000192929
425 0.390813
426 -8.99479e-05
427 1.85078e-06
428 0.368327
429 0.0389119
430 -0.00357769
431 0.0189644
432 0.160683
433 -3.87765e-05
434 0.0820995
435 -0.000172759
436 0.00763999
437 -0.0723632
438 -0.0404935
439 9.4186e-06
440 0.553828
441 0.00186865
442 -0.00317241
443 0.000421972
444 -0.0695543
445 -0.126137
446 -0.0614958
447 -5.08119e-05
448 0.00132874
449 -0.00116233
450 0.0372872
451 -2.95025e-05
452 0.00344899
453 0.167677
454 -0.0407188
455 -0.0225816
456 -0.094638
457 0.090033
458 -0.00139882
459 2.82688e-05
460 -0.0463365
461 0.00424273
462 0.0279653
463 0.176492
464 0.344501
465 0.00249379
466 -0.000167128
467 -0.00658204
468 -0.0747904
469 -1.00863e-05
470 0.0637298
471 -0.0578388
472 0.00393593
473 0.302521
474 1.75161e-05
475 0.0197947
476 -0.00092923
477 0.0920197
478 -0.0280623
479 3.58572e-05
480 -7.98273e-05
481 0.108789
482 0.0140732
483 0.00592234
484 0.0102162
485 -0.00819384
486 -0.0125379
487 1.962e-05
488 0.0010909
489 -0.232345
490 -0.00602761
491 -1.14705e-05
492 -0.139285
493 -0.425507
494 8.85392e-05
495 -0.0457365
496 2.17667e-05
497 0.133526
498 -0.0209315
499 0.000280434
500 -0.000893817
501 -0.00128415
502 1.20673e-05
503 2.63225e-06
504 0.000679461
505 -0.00571976
506 0.0167309
507 -0.00921992
508 0.221014
509 0.16842
510 -0.0269673
511 -0.211164
512 0.134043
513 0.00667844
514 0.000431913
515 0.000820875
516 0.0242733
517 -0.0161031
518 -0.00093986
519 -0.000615513
520 0.000981708
521 -0.000584291
522 0.0795663
523 1.55067e-07
524 0.000412793
525 0.0384551
526 3.58845e-05
527 -7.17859e-07
528 -4.80351e-06
529 0.00327445
530 -0.26929
531 0.0216083
532 0.00279744
533 -0.00084057
534 -0.00350409
535 -0.0268704
536 -5.87065e-06
537 0.00099625
538 -0.122899
539 -9.94709e-06
540 -0.0133003
541 -0.0298607
542 -0.0085359
543 -0.293538
544 0.294822
545 0.277313
546 0.993062
547 -0.0248864
548 -0.0128034
549 -3.11074e-06
550 -0.00568338
551 -0.00513566
552 0.00886662
553 -1.46913e-05
554 0.00108249
555 -0.0141265
556 0.267261
557 -1.82805e-07
558 0.0216225
559 -6.59531e-05
560 -0.0119883
561 0.113728
562 0.0806505
563 0.00759656
564 0.000481549
565 -0.0318113
566 0.0703024
567 -0.00208469
568 -0.0864112
569 0.000216168
570 -0.00671733
571 -0.214895
572 -0.0190342
573 -2.77096e-05
574 -0.0424816
575 0.0131501
576 0.00941678
577 3.71757e-06
578 -0.00326241
579 -0.149595
580 0.145712
581 0.020681
582 0.000927258
583 -0.00385081
584 -0.00882159
585 -0.0291736
586 3.62912e-05
587 -1.56666e-05
588 0.177781
589 -0.00059711
590 -1.5794e-06
591 -0.000283455
592 0.000419204
593 0.197301
594 -0.00224004
595 0.00811959
596 0.000127507
597 -0.00573013
598 -0.00363033
599 4.42571e-07
600 7.60634e-05
601 0.000637262
602 -2.55261e-05
603 0.115442
604 0.185182
605 0.00168236
606 -0.123645
607 -0.0068505
608 0.0687443
609 -0.0344757
610 -0.0209255
611 0.00117777
612 -1.40601e-06
613 -0.0172555
614 -0.0181939
615 7.71494e-06
616 -0.000182165
617 0.000488112
618 1.44217e-06
619 -0.0114686
620 -0.0209353
621 -0.00866364
622 -0.122102
623 -0.0106918
624 -0.0411196
625 0
626 0.00921583
627 -0.00550632
628 0.000705563
629 0.000792397
630 -0.00362183
631 0.0549657
632 -0.197646
633 -0.0214315
634 0.000126136
635 0.0400768
636 0.0131336
637 -3.60142e-05
638 0.499747
639 -0.00473613
640 -0.00284613
641 -0.00996837
642 -0.0681299
643 0.000391581
644 0.00265384
645 -0.0241398
646 -0.0924406
647 0.0614336
648 -0.0311692
649 3.90543e-06
650 -0.013801
651 0.00324795
652 -4.27864e-05
653 0.000147147
654 -0.00207547
655 -4.01729e-07
656 -0.0287628
657 0.000137162
658 0.0080207
659 0.0184578
660 -0.286867
661 0.00169808
662 0.000343338
663 8.85629e-05
664 0.0149312
665 -0.020147
666 0.235368
667 0.00215908
668 -0.0597387
669 -0.141657
670 0.0984105
671 -0.0260265
672 -0.016181
673 -0.059994
674 0.0236542
675 0.0502855
676 0.0195237
677 0.0138096
678 0.013928
679 -0.000148485
680 -0.0179442
681 -3.45527e-05
682 -0.00829466
683 0.5538
684 -0.00510862
685 0.0135521
686 0.00254322
687 0.0711055
688 -0.198829
689 0.00037435
690 -0.00889879
691 -8.09273e-06
692 -0.0445419
693 0.245861
694 3.3924e-05
695 -0.0423405
696 0.0308032
697 0.0122068
698 -0.0140487
699 -0.0101254
700 -0.0761256
701 -0.27298
702 -0.0158632
703 -0.0144127
704 -0.00386144
705 0.00587846
706 0.243107
707 -6.32962e-05
708 0.00568831
709 -0.186605
710 0.000702511
711 -0.000338
712 0.0297596
713 -0.0595429
714 -0.127974
715 -0.00127882
716 0.0109688
717 0.147396
718 0.120013
719 0.0409314
720 -0.00962241
721 0.000136892
722 -0.0378791
723 0.0607188
724 -0.0231873
725 0.0410012
726 0.455976
727 -0.000569383
728 -0.00815697
729 2.81223e-05
730 -0.00212573
731 -0.000603877
732 -0.0233265
733 -0.00280329
734 0.0368407
735 0.00261103
736 0.0126606
737 0.0036651
738 0.000565313
739 -0.000101698
740 -0.000694252
741 1.62446e-05
742 0.0458649
743 -0.0283937
744 -0.00692184
745 -0.00739884
746 -0.0322522
747 0.136621
748 0.00495831
749 0.00327171
750 0.00586332
751 0.129002
752 -2.06428e-05
753 4.14699e-05
754 -0.000104906
755 0.0115515
756 0.000908664
757 -0.0550143
758 0.00416816
759 -0.0109621
760 -0.000781816
761 4.07343e-05
762 0.223894
763 2.92281e-05
764 -0.110343
765 -0.000623651
766 -0.0832755
767 -2.80025e-05
768 0.006578
769 0.0609574
770 -0.00034319
771 -0.000627017
772 0.197673
773 6.20047e-05
774 0.517054
775 -0.00262468
776 4.45163e-05
777 -0.0486577
778 0.000538624
779 0.00298353
780 -0.00398492
781 -1.87125e-05
782 -1.37552e-06
783 -0.0330086
784 -0.0119162
785 -0.0247409
786 0.14708
787 0.0358563
788 -0.117141
789 0.0319487
790 0.00815913
791 -5.42971e-05
792 -0.00584004
793 1.85614e-06
794 -0.138871
795 -0.000284751
796 0.174215
797 -0.0238961
798 -0.00170356
799 -0.17372
800 0.0337344
801 -0.125602
802 0.00925435
803 -0.0781269
804 0.000891291
805 5.36023e-05
806 1.21853e-05
807 0.0135535
808 0.00181861
809 0.152638
810 -6.65518e-06
811 0.0635699
812 -0.00331786
813 -0.0217436
814 0.000781138
815 0.132075
816 0.020079
817 -0.000848579
818 0.0129669
819 -0.113388
820 -0.0237144
821 -0.0130604
822 -0.000804737
823 -0.0450037
824 -0.0380046
825 0.0356091
826 0.00242141
827 0.00172611
828 -0.000678374
829 0.000563347
830 0.135558
831 0.0100996
832 -0.0537632
833 -0.0115338
834 -0.00156206
835 0.0236606
836 -0.0519226
837 0.052222
838 0.0197159
839 0.19782
840 0.000581435
841 0.00700947
842 0.292121
843 -0.244027
844 -0.0410759
845 0.0230473
846 -0.00208779
847 -0.0212479
848 -3.90826e-06
849 -0.118426
850 0.00696837
851 0.0148911
852 0.0352901
853 -0.0516904
854 0.149412
855 -0.0693493
856 0.0550123
857 -0.000776335
858 0.0154546
859 -0.0340358
860 -0.0724371
861 0.00704831
862 -0.0236631
863 -0.018167
864 0.000957426
865 -0.0572613
866 -0.00210586
867 -0.0034932
868 0.0787562
869 -0.000351615
870 -0.0877137
871 -2.58688e-06
872 -5.2994e-06
873 -0.112276
874 -0.00625629
875 -0.00052874
876 -0.0431956
877 0.000392257
878 -1.03783e-07
879 -0.00116565
880 -0.00423446
881 5.43973e-05
882 -0.000161531
883 -0.0086903
884 0.225866
885 -0.091825
886 -0.0239435
887 -0.0195976
888 0.246952
889 0.00231789
890 -0.0112729
891 -0.0336503
892 0.916156
893 -0.0458416
894 0.00584713
895 0.000346774
896 -0.0120412
897 -0.00282281
898 0.00191249
899 1.93188e-05
900 0.0969203
901 0.0296929
902 1.35767e-05
903 0.016376
904 -0.00163823
905 -0.0213474
906 -0.0990685
907 0.0367996
908 -0.00315533
909 -0.00149897
910 0.00047807
911 0.000603645
912 -0.00758654
913 1.70475e-06
914 0.0678716
915 -0.0145126
916 1.38388e-05
917 0.00160086
918 -0.0473226
919 9.38038e-05
920 0.0592012
921 -0.0160202
922 0.143968
923 -7.14534e-06
924 -0.0213888
925 -0.00339392
926 0.113544
927 0.0060111
928 -0.0995224
929 0.00257212
930 0.000229918
931 0.0250239
932 0.0207453
933 2.28582e-07
934 0.0152941
935 -0.000778156
936 0.0391574
937 0.0178372
938 -0.0259068
939 -0.000576708
940 -0.00308472
941 -0.0492747
942 -4.03482e-06
943 1.02141e-05
944 1.26805e-07
945 -0.0914263
946 0.46714
947 0.00255885
948 -0.0574904
949 0.00503114
950 0.0386724
951 0.0347181
952 -5.41294e-05
953 0.0470895
954 0.00909149
955 0.0740898
956 -0.000133589
957 8.16043e-05
958 -0.0143157
959 -0.000120742
960 -0.00453704
961 -3.18237e-05
962 0.0470523
963 0.0114546
964 0.0112458
965 -0.000405104
966 -0.00252368
967 -0.0126523
968 0.210692
969 0.0035192
970 -0.0872865
971 -0.0218342
972 -0.0418005
973 -0.000387597
974 0.00221812
975 -8.18942e-05
976 -0.0169396
977 -0.0050394
978 0.00297572
979 -7.14866e-06
980 -0.0398911
981 0.0877379
982 0.0206258
983 -0.0504592
984 7.43229e-06
985 -0.154273
986 0.0553705
987 -0.163863
988 0.00106746
989 -0.0585757
990 -0.0176196
991 0.0731375
992 -3.74268e-05
993 -0.0482352
994 -2.03091e-05
995 0.146389
996 5.71102e-07
997 -0.0184912
998 0.0124094
999 0.0106949
1000 -0.0080254
1001 0.00538793
1002 -0.0635449
1003 -0.022005
1004 -0.0137589
1005 -0.00337413
1006 0.00105541
1007 -0.0652018
1008 0.0154011
1009 0.00112333
1010 -0.00493923
1011 -0.0151093
1012 0.000596984
1013 0.163669
1014 0.307044
1015 0.000808775
1016 -0.000212688
1017 0.000168548
1018 0.46845
1019 0.0259956
1020 -0.00053625
1021 -0.00478946
1022 -0.00539577
1023 0.00104311
1024 0.00188106
1025 -0.124386
1026 -1.16365e-06
1027 0.00454003
1028 0.0192211
1029 2.93178e-05
1030 0.231173
1031 -0.00328957
1032 -0.0144311
1033 0.000444623
1034 0.00114327
1035 0.0847302
1036 -9.7809e-08
1037 0.0114629
1038 -6.73205e-05
1039 1.87407e-06
1040 0.000446622
1041 0.370333
1042 -0.0729227
1043 -0.0550364
1044 -0.00120906
1045 -0.000134818
1046 -0.00910443
1047 -1.24349e-05
1048 0.0519945
1049 -0.0497397
1050 -0.0169601
1051 -0.0391208
1052 0.0132219
1053 -0.0133078
1054 0.00902178
1055 4.26866e-05
1056 -0.00335789
1057 0
1058 -0.00703198
1059 0.00612295
1060 0.0752809
1061 -0.0250819
1062 0.00327413
1063 0.282504
1064 2.37916e-05
1065 -0.00247277
1066 0.160549
1067 0.00237452
1068 -0.000148912
1069 -0.1002
1070 0.182585
1071 -0.000160892
1072 0.00376936
1073 0.000893718
1074 -0.000771718
1075 -1.59312e-06
1076 -0.050221
1077 0.0293638
1078 5.4013e-07
1079 0.0465998
1080 -0.214847
1081 -0.00518233
1082 -0.0175559
1083 0.0223994
1084 -0.001124
1085 -0.00227629
1086 -0.0505898
1087 0.00479308
1088 0.0241824
1089 0.239283
1090 0.000259847
1091 0.00568619
1092 0.00202943
1093 -0.000436701
1094 0.147897
1095 3.20984e-05
1096 0.000611092
1097 0.120372
1098 -0.00718644
1099 -0.0003995
1100 9.00017e-05
1101 7.10947e-07
1102 -0.0151706
1103 4.07854e-06
1104 2.61247e-05
1105 -0.0113621
1106 0.000259762
1107 0.0926546
1108 -0.0111807
1109 -0.107994
1110 0.00389227
1111 0.00340353
1112 0.0419777
1113 -0.000110848
1114 -5.1784e-07
1115 -1.266e-08
1116 0.000158649
1117 -0.00283718
1118 0.0267368
1119 0.000528526
1120 0.0256122
1121 0.00281972
1122 0.00489312
1123 -0.000212889
1124 4.02934e-06
1125 0.0133175
1126 -1.50037e-05
1127 -0.000376847
1128 -0.00297732
1129 -0.0324662
1130 0.0112179
1131 0.102471
1132 0.0122542
1133 -0.0487724
1134 -0.00270926
1135 0.922034
1136 0.146291
1137 -0.0402034
1138 0.00106834
1139 0.012922
1140 0.296546
1141 0.0061602
1142 -0.00795139
1143 0.0633921
1144 -1.47591e-05
1145 0.208679
1146 -0.0812347
1147 2.41921e-07
1148 0.0015232
1149 0.00015072
1150 1.31498e-05
1151 -0.0143851
1152 -0.0143741
1153 0.0115822
1154 0.00487821
1155 -1.33411e-05
1156 -0.00173997
1157 0.00994967
1158 0.0491074
1159 2.69342e-05
1160 0.0147052
1161 0.0335902
1162 -0.00131578
1163 0.00376683
1164 0.0175049
1165 -0.0129829
1166 -0.010647
1167 0.00468591
1168 -0.150683
1169 0.000933259
1170 -0.0109221
1171 -0.000394165
1172 0.0132599
1173 0.000919501
1174 0.180889
1175 0.000206158
1176 -2.61393e-06
1177 0.0015089
1178 -0.00775896
1179 -0.166148
1180 -0.00397773
1181 0.0276597
1182 -0.00815334
1183 -0.00608482
1184 0.00186109
1185 0.000501606
1186 -0.34346
1187 -0.0700009
1188 0.02108
1189 -0.000337986
1190 0.00851149
1191 0.000633521
1192 0.00481726
1193 0.0130952
1194 0.0010125
1195 -0.000379855
1196 0.00790197
1197 -0.0127718
1198 -0.0109676
1199 0.104764
1200 -7.28474e-07
1201 -0.00324019
1202 0.000361508
1203 -0.0519573
1204 0.000539838
1205 -0.0115881
1206 -3.9954e-05
1207 -0.241355
1208 -0.00214683
1209 0.00686478
1210 -1.88404e-05
1211 -0.0172704
1212 1.97245e-05
1213 0.173561
1214 0.0126931
1215 -1.32978e-05
1216 6.89004e-05
1217 0.0229548
1218 -0.0324885
1219 -0.000443186
1220 -0.0180568
1221 -0.13544
1222 0.010598
1223 0.000313672
1224 0.0454253
1225 -0.123916
1226 7.35436e-05
1227 -8.91785e-06
1228 0.0459887
1229 0.201329
1230 0.00054646
1231 2.26084e-08
1232 0.0545064
1233 1.68192
1234 -0.238985
1235 0.010393
1236 2.83636e-05
1237 -0.135907
1238 0.0145335
1239 -0.0048026
1240 -0.00232399
1241 -0.0360288
1242 0.100508
1243 -0.207248
1244 -0.00642251
1245 -0.000640012
1246 0.00591227
1247 0.361547
1248 0.00618101
1249 -6.01753e-05
1250 0.0191207
1251 -0.122658
1252 -0.0164933
1253 -0.0368422
1254 -0.0903019
1255 -7.31633e-05
1256 -0.0415036
1257 -0.0351251
1258 1.4701e-05
1259 2.2935e-05
1260 0.0701452
1261 0.0110159
1262 -1.37594e-06
1263 -0.0181288
1264 -0.000226968
1265 -0.258167
1266 -0.0433249
1267 -0.00618273
1268 -0.0203761
1269 -0.000201737
1270 0.00541346
1271 0.152765
1272 0.000107678
1273 -0.00142925
1274 -0.0831704
1275 0.0120895
1276 -0.0155519
1277 -0.000178358
1278 0.0317611
1279 -0.0035522
1280 -0.00151029
1281 -0.151157
1282 -0.0383062
1283 -0.000176318
1284 -0.06398
1285 0.0269099
1286 0.0233191
1287 0.190833
1288 0.0137958
1289 0.0138352
1290 0.103408
1291 -0.0898459
1292 -2.71488e-05
1293 -0.0179413
1294 0.000315004
1295 -0.0130435
1296 0.0731451
1297 -0.0278439
1298 0.0082905
1299 -0.0017283
1300 -0.00764559
1301 -0.0583309
1302 -0.00161357
1303 -1.90145e-05
1304 0.00194578
1305 0.0424964
1306 0.0722065
1307 -2.59954e-05
1308 -0.000981114
1309 -0.000238113
1310 0.0135545
1311 0.366983
1312 -2.80848e-06
1313 1.1016e-05
1314 -0.0128318
1315 -0.0850006
1316 0.0269736
1317 -0.0096889
1318 0.0234456
1319 -0.014704
1320 0.000196972
1321 -0.0150593
1322 0.02553
1323 0.00283485
1324 -0.00993328
1325 -0.00851641
1326 0.00228389
1327 0.00197952
1328 -7.77963e-05
1329 4.69645e-05
1330 -0.0303661
1331 -2.75962e-05
1332 -2.31662e-05
1333 0.0228833
1334 0.00803841
1335 -0.00210669
1336 -0.0186264
1337 -0.00101599
1338 -3.92248e-05
1339 -0.0030779
1340 -0.0446544
1341 0.000392006
1342 -2.96475e-07
1343 3.20464e-05
1344 -0.0194361
1345 -0.103775
1346 0.0381986
1347 0.00516984
1348 0.0335047
1349 -0.00135195
1350 -0.0820958
1351 -0.117456
1352 -1.07414e-05
1353 0.0707274
1354 0.0453259
1355 0.0135369
1356 0.0115506
1357 0.000250446
1358 0.424903
1359 0.0260237
1360 0.508667
1361 0.0189201
1362 0.0144902
1363 0.0416511
1364 0.0762879
1365 0.00653389
1366 0.133814
1367 0.624801
1368 0.129238
1369 -0.00025787
1370 7.82741e-05
1371 -1.10325e-05
1372 0.42098
1373 0.257378
1374 0.124133
1375 0.000572537
1376 0.00212529
1377 0.00514482
1378 0.00748037
1379 0.00063224
1380 0.0260059
1381 0.00504499
1382 0.0623979
1383 0.00708824
1384 0.0282405
1385 0.148892
1386 0.00986774
1387 0.000352341
1388 0.00344582
1389 0.647867
1390 0.102935
1391 0.388229
1392 0.0115238
1393 0.00126167
1394 1.77037
1395 0.00917686
1396 0.000660088
1397 0.00772912
1398 0.0428628
1399 0.0390298
1400 2.05308
1401 0.0197574
1402 0.0370752
1403 0.690929
1404 1.59906e-05
1405 0.00820471
1406 0.0236628
1407 8.04815e-07
1408 0.00190325
1409 0.00707526
1410 0.2588
1411 0.000364986
1412 0.0102667
1413 0.00746006
1414 0.00444834
1415 0.00421805
1416 0.0181747
1417 0.117168
1418 0.0249478
1419 0.0762388
1420 0.00256094
1421 0.00115734
1422 0.164692
1423 -5.96326e-06
1424 1.3648
1425 0.0107256
1426 0.377085
1427 0.00947807
1428 0.0960006
1429 0.350712
1430 0.00842033
1431 0.000828665
1432 0.0159744
1433 0.00368404
1434 0.00243679
1435 0.0277761
1436 0.0936848
1437 0.160263
1438 -0.0001722
1439 0.386633
1440 0.386166
1441 0.8442
1442 6.70845e-07
1443 0.169013
1444 0.00308532
1445 0.0521025
1446 0.0344398
1447 0.400064
1448 -5.73766e-06
1449 0.0174574
1450 0.237745
1451 6.88359e-07
1452 0.00146718
1453 -0.000154427
1454 0.000179715
1455 0.31899
1456 0.00584975
1457 0.0533204
1458 0.0119404
1459 1.81523
1460 2.42421
1461 -0.00215333
1462 6.55354e-07
1463 0.060077
1464 0.0787138
1465 0.479073
1466 -5.50029e-05
1467 0.0641573
1468 0.000424824
1469 0.000146855
1470 0.0153892
1471 6.78263e-06
1472 7.28023e-06
1473 0.174115
1474 0.00699409
1475 8.41915e-08
1476 1.22072e-05
1477 0.0141052
1478 -6.60131e-05
1479 0.0297881
1480 0.000334632
1481 3.3468e-05
1482 0.00687432
1483 0.0052374
1484 1.95861e-06
1485 0.252389
1486 0.0561496
1487 0.141495
1488 0.00176615
1489 0.0957683
1490 0.0203631
1491 0.0400857
1492 0.138672
1493 0.144144
1494 0.0045064
1495 -0.000670797
1496 0.0047641
1497 0.0011088
1498 0.00053684
1499 0.0422208
1500 0.628683
1501 0.0585011
1502 0.00148976
1503 0.205047
1504 0.11209
1505 0.00014501
1506 1.29246e-05
1507 6.47458e-05
1508 -0.010758
1509 0.400517
1510 -0.00224618
1511 0.0218312
1512 0.0049674
1513 0.00367109
1514 0.0014723
1515 0.023427
1516 0.0927252
1517 2.36899e-05
1518 0.000941331
1519 0.830276
1520 0.000276023
1521 4.4864e-07
1522 1.047
1523 0.314192
1524 0.000906165
1525 0.193417
1526 0.789373
1527 0.000178636
1528 0.188555
1529 5.06439e-05
1530 0.306935
1531 0.156217
1532 0.0175063
1533 -5.81561e-05
1534 0.818811
1535 0.192654
1536 0.00453744
1537 0.0017015
1538 0.00170253
1539 0.0236842
1540 0.00363116
1541 0.000233707
1542 0.0091986
1543 -0.000181329
1544 0.00900136
1545 2.03993e-05
1546 0.000471046
1547 0.327845
1548 0.000997172
1549 0.00177679
1550 0.00517376
1551 2.42923
1552 0.00117958
1553 3.82515e-05
1554 -0.00242413
1555 0.00723302
1556 0.0803149
1557 0.159003
1558 0.624618
1559 0.0030656
1560 0.00112013
1561 0.0254407
1562 3.31935
1563 -3.56277e-05
1564 0.351608
1565 0.000262232
1566 0.058438
1567 0.979288
1568 1.73564e-06
1569 0.00393599
1570 0.0241155
1571 0.194732
1572 0.0243632
1573 3.87321e-05
1574 9.36267e-05
1575 0.497247
1576 0.177462
1577 0.00725294
1578 0.130687
1579 0.00197273
1580 0.273369
1581 -0.000232806
1582 0.00435009
1583 0.0493836
1584 1.38586
1585 7.94883e-05
1586 0.0840102
1587 0.0658431
1588 1.86755e-06
1589 0.0110576
1590 2.76081e-05
1591 0.22172
1592 0.000635573
1593 0.00582091
1594 0.00837944
1595 -0.000211509
1596 -1.67064e-06
1597 -9.0466e-06
1598 0.0253767
1599 0.00138413
1600 0.131817
1601 0.0458197
1602 0.474914
1603 0.640336
1604 0.0547263
1605 0.0277858
1606 0.370933
1607 0.206211
1608 0.000791062
1609 0.095286
1610 0.389954
1611 0.0342129
1612 0.119008
1613 0.0744261
1614 0.00542547
1615 0.508805
1616 0.361151
1617 -2.21751e-07
1618 0.000256798
1619 0.0797931
1620 0.00018901
1621 2.73392e-07
1622 5.92054e-05
1623 0.00814579
1624 0.0187736
1625 0.119744
1626 0.0107478
1627 0.0178052
1628 0.0867542
1629 -0.000428522
1630 3.50764e-05
1631 0.00105088
1632 0.0150716
1633 6.76595e-05
1634 0.00870556
1635 0.00415269
1636 0.0217928
1637 0.163679
1638 0.3971
1639 1.8228
1640 0.996905
1641 0.0571118
1642 0.278498
1643 0.0192075
1644 0.00136353
1645 0.046866
1646 0.22509
1647 5.59873e-05
1648 0.000350633
1649 0.364263
1650 0.710069
1651 3.88417e-08
1652 0.82509
1653 0.000365332
1654 0.00590397
1655 0.385062
1656 2.30762
1657 0.00148727
1658 0.000352312
1659 0.0428562
1660 0.139798
1661 0.000747052
1662 0.0594364
1663 0.000106674
1664 0.000416689
1665 -0.00893798
1666 0.0197686
1667 0.000202052
1668 0.0653923
1669 0.065421
1670 0.00942898
1671 -1.92275e-05
1672 0.0204632
1673 0.00815516
1674 0.821145
1675 0.6694
1676 0.00100469
1677 0.00240647
1678 0.0112142
1679 0.00147305
1680 3.95459e-05
1681 0.000112999
1682 0.319092
1683 0.000956089
1684 8.80678e-06
1685 -1.37836e-05
1686 0.000944275
1687 0.255288
1688 0.0940963
1689 0.0356756
1690 8.98309e-05
1691 0.00607927
1692 0.000711607
1693 3.99433e-05
1694 0.000432092
1695 -1.72988e-06
1696 0.000125657
1697 2.366
1698 0.228168
1699 0.0197205
1700 0.0812366
1701 0.118883
1702 0.797285
1703 0.0067253
1704 0.147586
1705 0.00452346
1706 3.19632e-07
1707 0.00535923
1708 0.0316457
1709 6.39678e-07
1710 0.001132
1711 0.0027229
1712 1.79321e-06
1713 0.014184
1714 0.00443247
1715 0.152554
1716 -0.00257214
1717 0.0368389
1718 0.0227441
1719 -0
1720 0.0293445
1721 0.00926314
1722 0.00270644
1723 0.000996473
1724 -3.80462e-05
1725 0.374862
1726 0.0197568
1727 0.000622188
1728 0.00941651
1729 0.0608386
1730 0.0434848
1731 2.84894e-05
1732 1.31801
1733 0.0441029
1734 -0.000277302
1735 0.00895333
1736 0.0371731
1737 0.000382824
1738 0.00013001
1739 0.0071152
1740 0.14233
1741 0.388479
1742 0.0419703
1743 -0.000160366
1744 0.299599
1745 0.00554995
1746 0.000138179
1747 0.000706321
1748 0.0236323
1749 5.67114e-06
1750 0.0218977
1751 -0.000763246
1752 0.00660251
1753 0.00146725
1754 0.221487
1755 0.0194224
1756 0.00219814
1757 0.00526969
1758 0.0152462
1759 0.0184127
1760 0.967897
1761 0.00277483
1762 0.0324693
1763 2.30107
1764 0.280423
1765 0.0161308
1766 0.00271765
1767 0.00875299
1768 0.110926
1769 0.131367
1770 -0.00145897
1771 0.0843527
1772 0.0652944
1773 0.000143132
1774 -0.00222316
1775 0.000203378
1776 0.0369563
1777 0.786818
1778 -0.000103901
1779 0.0117479
1780 0.0108982
1781 0.237134
1782 0.0365819
1783 0.000312171
1784 0.020694
1785 2.65839e-05
1786 0.00461617
1787 0.790003
1788 3.60653e-05
1789 0.00949482
1790 0.327101
1791 0.0704549
1792 0.00447559
1793 0.219598
1794 -0.010209
1795 0.125889
1796 0.00170855
1797 9.98173e-05
1798 0.0252876
1799 0.0224507
1800 1.75993
1801 0.00026121
1802 0.000627851
1803 -0.00838234
1804 0.000525125
1805 0.00105327
1806 0.135098
1807 0.352716
1808 0.0125173
1809 -0.000227518
1810 0.00995114
1811 0.276377
1812 0.214466
1813 0.357161
1814 0.00585644
1815 0.0083014
1816 0.00478754
1817 1.98344
1818 0.000340994
1819 0.134633
1820 1.95943
1821 0.00158977
1822 0.0194077
1823 3.92017e-05
1824 0.00381934
1825 0.00283637
1826 0.256424
1827 0.00879135
1828 0.47857
1829 0.149113
1830 0.0141415
1831 0.000474056
1832 2.86521e-05
1833 0.000709237
1834 0.0324806
1835 -0.000103954
1836 0.0470833
1837 0.14511
1838 0.00055058
1839 0.000489701
1840 0.00620164
1841 0.379394
1842 0.0935275
1843 0.00529108
1844 0.0288483
1845 0.0449972
1846 7.21377e-05
1847 -0.00018409
1848 0.000801127
1849 0.0702104
1850 0.00624513
1851 0.0324404
1852 0.0229177
1853 0.000909192
1854 0.0020841
1855 -1.01343e-07
1856 0.722643
1857 3.08376e-05
1858 0.28924
1859 0.00179461
1860 0.00695916
1861 0.000165384
1862 0.0958649
1863 0.35929
1864 -4.51515e-05
1865 -1.8265e-05
1866 0.266138
1867 0.0232764
1868 0.931435
1869 0.0408319
1870 4.96342e-05
1871 0.0718765
1872 0.000246086
1873 0.00335195
1874 0.00121928
1875 7.61481e-05
1876 -3.58324e-05
1877 0.0065118
1878 0.00143213
1879 0.115007
1880 1.01749
1881 0.0221896
1882 0.00957264
1883 0.00987099
1884 0.0112629
1885 0.000206773
1886 0.152541
1887 1.10371e-05
1888 0.414742
1889 0.00114143
1890 1.3742
1891 0.025478
1892 0.00319097
1893 0.340648
1894 0.403022
1895 0.0604884
1896 0.0126203
1897 0.00264766
1898 0.000453612
1899 -0.000209464
1900 0.000172345
1901 0.0405629
1902 0.300196
1903 0.306303
1904 2.39449e-05
1905 0.5833
1906 0.00173399
1907 0.00817491
1908 0.00295157
1909 0.542039
1910 0.243041
1911 0.00112973
1912 1.5402
1913 0.0168127
1914 0.00145835
1915 0.00728085
1916 0.149586
1917 0.00689552
1918 0.00835622
1919 0.0788681
1920 0.0511734
1921 -0.00050362
1922 0.000219526
1923 0.0547355
1924 0.139621
1925 0.0426459
1926 0.0589084
1927 0.018711
1928 0.000180965
1929 0.0141288
1930 0.0302558
1931 0.135363
1932 0.0179311
1933 0.287443
1934 3.03871e-05
1935 0.00227544
1936 0.58222
1937 0.018916
1938 0.0263191
1939 0.0295411
1940 0.000505811
1941 0.0320987
1942 3.46465e-05
1943 0.0672868
1944 0.00210249
1945 0.0114051
1946 0.16679
1947 0.0204309
1948 1.5445
1949 0.058017
1950 0.319265
1951 0.00030022
1952 0.0416484
1953 0.331513
1954 0.0198472
1955 -0.000991798
1956 0.00185432
1957 0.00350936
1958 0.00343667
1959 0.0571848
1960 0.00892547
1961 0.000446099
1962 0.0986049
1963 0.0013955
1964 0.0380655
1965 1.24556e-05
1966 2.24938e-05
1967 0.171198
1968 0.00696856
1969 -0.000913283
1970 0.0970959
1971 0.00623548
1972 -1.73456e-07
1973 0.00320805
1974 0.000431373
1975 -0.000446621
1976 0.000993983
1977 0.0100777
1978 0.580836
1979 0.408287
1980 0.0252631
1981 -0.000742394
1982 0.528922
1983 0.0107419
1984 0.00110058
1985 0.0145542
1986 1.15501
1987 0.00780418
1988 0.0421619
1989 0.0070474
1990 0.00283814
1991 0.0108007
1992 0.00192861
1993 8.78239e-05
1994 0.0264411
1995 0.0649984
1996 -0.000132872
1997 0.118146
1998 0.00288828
1999 0.0242135
2000 1.59497
2001 0.107839
2002 0.0275729
2003 0.00166938
2004 0.00296003
2005 0.0102481
2006 0.411661
2007 -1.29163e-06
2008 0.167441
2009 0.0260624
2010 0.000129127
2011 0.00603116
2012 0.0163162
2013 0.00538866
2014 2.0333
2015 0.012479
2016 0.345277
2017 -3.35933e-05
2018 0.0503513
2019 0.0725379
2020 2.26324
2021 0.00762996
2022 0.0300123
2023 0.0114224
2024 8.17196e-05
2025 0.247913
2026 0.0454018
2027 4.51034e-07
2028 0.0224495
2029 0.356721
2030 0.119113
2031 0.0102564
2032 0.0414436
2033 0.00279259
2034 0.00402903
2035 0.010307
2036 1.34553e-05
2037 -6.87739e-05
2038 3.72333e-08
2039 0.0466388
2040 2.1975
2041 0.00213335
2042 -0.00197526
2043 0.0083405
2044 0.238337
2045 0.129245
2046 0.0245203
2047 0.355295
2048 -0.000593676
2049 0.104087
2050 0.0254132
2051 -0.000353633
2052 0.0380996
2053 0.000826426
2054 0.0168056
2055 0.000171202
2056 0.0530443
2057 0.0128275
2058 0.00855819
2059 0.00114974
2060 0.0780246
2061 0.169725
2062 0.465772
2063 0.0457647
2064 0.0397138
2065 0.0392145
2066 -0.00769189
2067 0.00154588
2068 0.00206141
2069 0.000389217
2070 4.0421
2071 0.00029118
2072 0.177943
2073 2.34332e-05
2074 0.0137335
2075 0.47376
2076 0.116271
2077 0.00250106
2078 0.000235229
2079 0.741388
2080 0.060316
2081 0.0650854
2082 0.000273958
2083 0.174117
2084 0.0335229
2085 0.122988
2086 3.4403e-05
2087 0.0302444
2088 0.000363169
2089 0.143961
2090 1.40152e-07
2091 0.0245481
2092 0.0117244
2093 0.0057582
2094 0.000895247
2095 0.0182607
2096 0.365633
2097 0.0222879
2098 0.0137708
2099 -0.00085323
2100 0.0101584
2101 0.941642
2102 0.0324504
2103 0.00106057
2104 0.00123285
2105 0.00883924
2106 0.000258554
2107 0.818029
2108 0.755161
2109 0.0764115
2110 0.000671378
2111 -0.000599768
2112 1.17037
2113 1.11044
2114 0.00010456
2115 0.00753896
2116 0.0121037
2117 1.00811
2118 0.00208292
2119 0.014607
2120 7.72918e-06
2121 0.00739188
2122 0.23544
2123 3.2042e-05
2124 0.303018
2125 0.00370552
2126 0.0220398
2127 0.000425064
2128 0.00669812
2129 0.0905107
2130 -3.34934e-08
2131 0.0328572
2132 7.45026e-05
2133 -1.26835e-07
2134 -0.00127084
2135 2.24575
2136 0.0133344
2137 0.096538
2138 0.00737805
2139 0.000623744
2140 -0.000553023
2141 3.10593e-06
2142 0.238507
2143 0.0179105
2144 0.0905819
2145 0.0325351
2146 0.037123
2147 -0.000694564
2148 0.107136
2149 -0.00030123
2150 0.0328808
2151 -0
2152 0.0132278
2153 0.0379883
2154 0.155503
2155 0.00409832
2156 0.0130054
2157 0.68152
2158 -0.000146646
2159 0.00284648
2160 3.78188
2161 0.00707147
2162 0.00524764
2163 0.290626
2164 1.30019
2165 -4.92324e-06
2166 0.0120635
2167 0.0100209
2168 0.0029116
2169 7.43924e-06
2170 0.00189471
2171 0.0264979
2172 -2.00004e-07
2173 0.0502156
2174 0.0473013
2175 0.00195723
2176 0.00190585
2177 0.0416049
2178 0.00342087
2179 0.0020604
2180 0.013028
2181 0.0502249
2182 0.0246382
2183 0.669822
2184 6.0223e-05
2185 0.00532287
2186 0.00272224
2187 0.000130235
2188 0.30089
2189 2.07489e-07
2190 0.00383014
2191 0.588327
2192 0.053022
2193 0.000719449
2194 0.000109988
2195 7.9051e-05
2196 0.0123686
2197 -6.59535e-07
2198 3.20669e-05
2199 0.0692896
2200 0.000542428
2201 0.251281
2202 0.0197267
2203 0.118279
2204 0.00300147
2205 0.22637
2206 0.0841684
2207 5.9973e-05
2208 7.60825e-08
2209 2.4101e-05
2210 0.000516089
2211 0.000706607
2212 0.0271073
2213 0.000173619
2214 0.0383456
2215 0.12503
2216 0.0515538
2217 0.00186744
2218 -1.3203e-07
2219 0.137845
2220 4.51721e-06
2221 0.00187629
2222 0.0164337
2223 0.0106907
2224 0.0873584
2225 0.189634
2226 0.0774379
2227 0.00157974
2228 0.0084164
2229 1.13085
2230 1.00758
2231 0.0679928
2232 0.00450874
2233 0.072698
2234 0.58083
2235 0.0132341
2236 0.805252
2237 0.386561
2238 8.25612e-05
2239 0.776285
2240 0.0146892
2241 1.02291e-06
2242 0.00454042
2243 0.000668195
2244 -2.30336e-06
2245 0.00279853
2246 -0.00320239
2247 0.0130442
2248 0.00706712
2249 4.70987e-05
2250 -0.00013907
2251 0.00895015
2252 0.344184
2253 7.11974e-06
2254 0.00272477
2255 0.0563049
2256 0.00212481
2257 0.00302667
2258 0.224682
2259 0.00224834
2260 0.130903
2261 0.212116
2262 0.196896
2263 0.0104502
2264 0.0187268
2265 0.00138008
2266 0.0219533
2267 0.00760766
2268 0.321082
2269 4.66114e-05
2270 2.61366e-05
2271 0.0168267
2272 0.0310747
2273 0.00598442
2274 0.00389591
2275 0.0910664
2276 -0.000494907
2277 0.00143968
2278 0.0198567
2279 0.000595757
2280 0.209719
2281 0.164831
2282 0.575544
2283 0.00303406
2284 0.00436302
2285 0.00281281
2286 0.00179159
2287 0.622517
2288 6.97763e-05
2289 0.00113967
2290 0.0244242
2291 0.0636508
2292 0.00813785
2293 0.271777
2294 1.02148e-06
2295 0.00386976
2296 0.171139
2297 3.27693
2298 0.0035092
2299 0.00195951
2300 1.26924e-05
2301 -0.0171681
2302 0.000291111
2303 0.00737227
2304 0.00035598
2305 0.0279019
2306 -2.26359e-06
2307 0.722364
2308 0.195215
2309 9.81928e-05
2310 -0.000340363
2311 0.26629
2312 0.0377307
2313 0.000920084
2314 0.000239162
2315 0.0199656
2316 0.00415076
2317 0.000308678
2318 0.119999
2319 0.00817971
2320 6.88735e-05
2321 7.63848e-07
2322 0.0468929
2323 0.355287
2324 0.00189855
2325 3.96593e-08
2326 0.415388
2327 1.92587
2328 0.0293213
2329 0.0538991
2330 -0.000170434
2331 0.0461461
2332 0.00902108
2333 0.000918564
2334 0.00942196
2335 0.00292991
2336 0.154399
2337 0.133866
2338 0.0123444
2339 0.101078
2340 -0.00103833
2341 0.433102
2342 0.0597017
2343 0.0003299
2344 0.023497
2345 1.03324
2346 0.00441865
2347 0.355127
2348 -0.00206441
2349 0.00755195
2350 -0.00365605
2351 0.00896022
2352 1.44876e-05
2353 -0.000246864
2354 0.00951854
2355 0.0714096
2356 1.43934e-06
2357 0.0677383
2358 0.0011712
2359 0.084128
2360 0.0186291
2361 0.0211484
2362 0.000727229
2363 -8.48706e-06
2364 0.000115214
2365 0.775736
2366 -0.000391242
2367 0.000736726
2368 0.515685
2369 0.0538571
2370 0.00565556
2371 0.000729383
2372 0.110172
2373 0.00218148
2374 0.00134382
2375 0.059131
2376 2.83481
2377 0.000595581
2378 0.121671
2379 0.0166956
2380 0.079457
2381 0.343231
2382 0.101735
2383 0.000664207
2384 0.20624
2385 0.00215292
2386 0.000123732
2387 0.0125751
2388 0.000229453
2389 0.288212
2390 0.200942
2391 -0.000845604
2392 0.162141
2393 0.00999228
2394 0.00952482
2395 0.126731
2396 0.00915563
2397 0.000143996
2398 0.156131
2399 0.339903
2400 0.347277
2401 2.51505e-06
2402 0.00152141
2403 9.69098e-05
2404 0.0238183
2405 2.46678
2406 9.17135e-07
2407 2.76832e-05
2408 0.000371697
2409 0.000413668
2410 0.3438
2411 0.0102448
2412 0.0199984
2413 0.0142989
2414 0.000205425
2415 0.00234589
2416 0.00770809
2417 0.000140427
2418 0.0062849
2419 0.000931349
2420 3.39401e-05
2421 0.129428
2422 0.000438741
2423 -8.61935e-07
2424 0.044526
2425 1.30833e-06
2426 8.70747e-06
2427 0.155584
2428 0.00219884
2429 0.00040127
2430 0.0526407
2431 0.00427523
2432 0.000375984
2433 0.0355724
2434 0.112131
2435 0.000644597
2436 4.77764e-06
2437 7.23732e-06
2438 0.0066711
2439 0.102393
2440 0.106946
2441 0.161856
2442 0.269167
2443 0.00324559
2444 1.36955
2445 0.0140365
2446 6.78846e-05
