type vector
size 2447
values
0 -3.48494e-10
1 -3.23709e-11
2 -1.21882e-10
3 -5.36948e-12
4 -4.46647e-11
5 5.30118e-09
6 -3.44147e-11
7 3.21903e-09
8 3.70002e-09
9 3.80738e-11
10 3.91609e-10
11 -4.0739e-11
12 -3.09617e-10
13 1.67942e-10
14 4.05749e-10
15 -9.08897e-10
16 2.49359e-11
17 -1.35686e-10
18 1.34678e-10
19 6.52907e-12
20 4.43202e-09
21 -5.61785e-11
22 -4.06377e-10
23 -2.49422e-10
24 -9.68079e-11
25 3.44116e-08
26 9.16454e-11
27 -2.38776e-09
28 -1.23638e-09
29 1.90116e-09
30 5.11349e-11
31 -2.92947e-09
32 -1.21291e-10
33 3.08013e-09
34 3.24349e-10
35 2.2057e-10
36 1.81667e-10
37 2.68046e-09
38 1.97488e-09
39 -8.43725e-11
40 -3.10831e-10
41 -2.60029e-09
42 6.67198e-09
43 3.71256e-09
44 4.59497e-10
45 4.7153e-10
46 -2.81446e-11
47 -9.88922e-11
48 7.71071e-10
49 2.40357e-10
50 -2.9532e-10
51 -6.06262e-10
52 1.04384e-10
53 -7.09512e-11
54 1.32356e-11
55 2.91413e-09
56 -1.40535e-08
57 2.0197e-10
58 9.11592e-11
59 5.59799e-11
60 5.01176e-11
61 -2.00009e-09
62 -2.66811e-10
63 -1.00278e-09
64 2.29974e-10
65 -2.21034e-12
66 4.68933e-10
67 6.56186e-12
68 4.01438e-10
69 5.02426e-11
70 5.32001e-11
71 -7.05734e-10
72 2.21812e-09
73 2.22022e-10
74 1.07108e-10
75 2.89241e-09
76 -2.40666e-10
77 2.59135e-10
78 -3.89964e-11
79 -7.77245e-11
80 1.30966e-10
81 2.37354e-10
82 2.73705e-09
83 1.83786e-09
84 4.41001e-11
85 -9.58007e-11
86 7.64101e-09
87 6.11027e-10
88 -1.24263e-11
89 -1.39346e-10
90 4.09897e-11
91 -2.92977e-12
92 2.3073e-09
93 -8.22916e-11
94 3.54183e-10
95 -1.15027e-09
96 -7.92046e-11
97 -8.66763e-11
98 -2.21376e-11
99 -1.28156e-09
100 3.59222e-09
101 1.13165e-09
102 3.98249e-10
103 -1.96315e-10
104 -1.69276e-10
105 -6.14457e-10
106 3.8831e-09
107 -6.52545e-10
108 -3.6477e-10
109 5.15235e-10
110 4.13328e-10
111 1.63146e-09
112 -2.09908e-09
113 2.35769e-09
114 4.05051e-10
115 2.26858e-10
116 5.86545e-11
117 -2.61552e-11
118 -6.86931e-10
119 -3.63236e-09
120 -5.99734e-10
121 8.2965e-10
122 2.74377e-10
123 -3.63587e-10
124 1.21593e-09
125 -4.08664e-09
126 5.90754e-10
127 -2.45095e-10
128 -8.9624e-10
129 2.04061e-10
130 1.02522e-09
131 4.82823e-10
132 -2.65838e-11
133 1.7348e-10
134 -1.19633e-09
135 -3.35951e-10
136 -2.05337e-09
137 1.56082e-09
138 7.80577e-11
139 -1.05101e-10
140 1.0288e-11
141 1.65235e-09
142 -2.81365e-10
143 2.7661e-10
144 -6.86873e-10
145 7.34409e-11
146 1.90014e-09
147 3.1025e-10
148 1.21769e-10
149 2.1182e-10
150 -2.52764e-09
151 -7.82359e-10
152 -1.32437e-08
153 -8.4233e-09
154 -2.37989e-10
155 5.14237e-10
156 -2.30017e-09
157 -1.41173e-08
158 7.25012e-10
159 -1.9244e-10
160 1.1913e-10
161 2.32516e-09
162 4.20253e-11
163 -6.95183e-11
164 4.66104e-10
165 1.56678e-09
166 -1.57425e-10
167 -3.20945e-09
168 -1.61944e-09
169 -1.28689e-09
170 -8.23617e-11
171 1.04416e-10
172 7.77459e-11
173 -4.8844e-10
174 -7.18256e-11
175 6.99573e-11
176 -3.80146e-10
177 1.26173e-10
178 -2.39458e-11
179 -8.89364e-11
180 5.26025e-11
181 4.22327e-11
182 1.9879e-10
183 -9.31311e-11
184 5.39843e-11
185 1.71491e-10
186 2.91599e-09
187 4.12922e-10
188 -2.52213e-10
189 -2.22406e-09
190 -1.22986e-11
191 -6.91227e-11
192 -3.23874e-12
193 -7.42121e-10
194 1.00044e-09
195 -8.49283e-11
196 -6.38451e-10
197 2.05007e-11
198 5.4648e-10
199 -2.37588e-14
200 8.17201e-10
201 -5.04858e-10
202 5.17411e-10
203 -3.69385e-10
204 -9.6902e-11
205 7.62519e-11
206 2.37984e-10
207 -1.23508e-10
208 -1.13743e-09
209 6.88065e-10
210 8.02063e-10
211 1.4077e-09
212 4.03365e-09
213 -2.39667e-09
214 3.93667e-11
215 -4.27614e-10
216 1.88895e-09
217 6.03912e-10
218 -1.26678e-09
219 -7.99449e-11
220 7.22444e-11
221 -2.18614e-10
222 -2.317e-09
223 -2.70581e-10
224 -5.2926e-12
225 -4.36298e-08
226 -9.3587e-11
227 -6.83737e-10
228 1.07293e-10
229 -3.60198e-09
230 1.53874e-10
231 4.64823e-10
232 -5.7466e-11
233 -6.59514e-10
234 -1.47849e-09
235 -3.75136e-09
236 -1.30702e-09
237 -3.75077e-10
238 -7.04253e-10
239 2.7579e-10
240 3.17132e-08
241 -6.40782e-10
242 -4.49745e-11
243 -2.17566e-09
244 2.69712e-11
245 -7.01482e-10
246 1.11883e-09
247 5.78417e-10
248 -9.391e-11
249 3.32027e-09
250 7.83351e-12
251 -7.55351e-12
252 -8.80414e-10
253 5.57852e-10
254 -1.00657e-09
255 -1.7157e-10
256 3.61081e-09
257 2.19322e-10
258 4.94063e-11
259 2.21156e-10
260 6.09897e-11
261 -1.02438e-10
262 3.2179e-10
263 2.813e-10
264 3.46084e-10
265 -8.77454e-12
266 6.21084e-10
267 -5.75246e-11
268 1.57153e-10
269 -9.02798e-11
270 1.75878e-10
271 -5.29883e-11
272 3.89861e-10
273 5.10381e-09
274 -3.50126e-10
275 3.25894e-10
276 2.76832e-11
277 5.0676e-10
278 -6.59448e-10
279 -1.24004e-09
280 5.8178e-09
281 3.17607e-09
282 4.68222e-11
283 1.02666e-11
284 1.53325e-09
285 2.40066e-10
286 4.88868e-10
287 8.10037e-10
288 -3.99488e-10
289 -1.97656e-11
290 8.83507e-10
291 -9.85543e-11
292 1.50637e-09
293 -3.30263e-11
294 5.05652e-09
295 -6.54473e-11
296 5.5192e-10
297 1.42286e-08
298 1.33245e-09
299 -7.59341e-10
300 1.34557e-08
301 -3.35875e-09
302 1.79634e-09
303 -2.16135e-10
304 -2.16044e-11
305 1.16136e-11
306 1.14313e-09
307 1.36739e-09
308 -2.78524e-10
309 -7.37251e-09
310 1.83248e-09
311 -6.08696e-10
312 -1.82771e-10
313 3.06604e-09
314 -8.21454e-12
315 4.66873e-11
316 3.81316e-11
317 -6.90889e-12
318 -5.70501e-11
319 -1.17664e-10
320 7.05017e-11
321 -4.56714e-10
322 8.16383e-11
323 2.62443e-10
324 2.06732e-08
325 2.04156e-09
326 -1.87875e-09
327 2.80166e-11
328 -1.44353e-10
329 -1.29801e-09
330 -1.25002e-09
331 1.20705e-10
332 9.44148e-11
333 -1.43409e-10
334 7.73426e-09
335 4.40417e-11
336 -5.10404e-10
337 -3.61034e-10
338 -1.57767e-09
339 -6.28868e-09
340 5.38453e-11
341 -2.07317e-10
342 -2.54536e-10
343 -3.75297e-10
344 1.49509e-10
345 6.35862e-11
346 1.60908e-09
347 -1.19087e-09
348 -1.63191e-11
349 -1.27069e-09
350 -1.43753e-09
351 -4.19131e-10
352 1.58379e-09
353 -1.90249e-09
354 2.19108e-10
355 4.34803e-10
356 3.50034e-10
357 -4.94065e-11
358 8.62297e-11
359 -7.67355e-09
360 -1.73602e-09
361 -4.85307e-10
362 -6.66337e-10
363 1.20687e-09
364 -1.69153e-10
365 4.43562e-08
366 1.09746e-11
367 -3.67706e-09
368 -1.56902e-10
369 9.90421e-11
370 7.63341e-11
371 2.19487e-09
372 1.51754e-10
373 2.39568e-08
374 3.99789e-11
375 1.61173e-10
376 -8.71408e-09
377 -1.27753e-09
378 1.67363e-09
379 1.35621e-10
380 5.73276e-10
381 -7.01391e-11
382 2.12863e-11
383 -5.45288e-09
384 1.44163e-10
385 1.7456e-11
386 -1.17531e-10
387 -4.42365e-10
388 -9.23813e-10
389 -1.92288e-09
390 -1.04881e-09
391 6.88484e-09
392 2.05134e-09
393 -1.24573e-09
394 1.71914e-10
395 3.03951e-09
396 -5.09703e-10
397 -7.63092e-11
398 -5.15647e-10
399 -8.90312e-11
400 -1.32878e-11
401 -8.70982e-10
402 -2.33537e-08
403 -7.62009e-11
404 -8.94038e-11
405 4.59317e-11
406 2.33675e-10
407 3.50742e-09
408 -4.11027e-10
409 1.36351e-09
410 -1.13363e-10
411 -2.85104e-09
412 -5.55079e-10
413 1.69654e-11
414 2.82282e-10
415 1.91319e-09
416 -1.92156e-10
417 -1.07381e-11
418 -5.04542e-09
419 3.23296e-09
420 -3.2149e-10
421 -6.59464e-11
422 -3.18041e-11
423 -2.45204e-10
424 -3.14776e-11
425 -1.22303e-09
426 1.04186e-10
427 -6.20266e-11
428 2.73535e-09
429 1.767e-08
430 -5.7549e-09
431 -1.3409e-10
432 -1.02068e-08
433 1.1674e-11
434 6.7531e-09
435 -1.7158e-09
436 6.25753e-10
437 -1.42779e-11
438 -1.34047e-09
439 5.45606e-11
440 -5.35237e-10
441 -1.02568e-09
442 -1.23293e-09
443 6.77361e-10
444 2.21314e-09
445 -3.18163e-10
446 -5.08988e-09
447 -5.15922e-11
448 6.84137e-09
449 2.44262e-11
450 -1.99415e-10
451 1.1331e-09
452 -2.66265e-12
453 -1.89146e-09
454 -2.12635e-11
455 -1.14535e-10
456 3.16071e-09
457 -2.18389e-10
458 1.10878e-10
459 2.18096e-09
460 3.39986e-10
461 -2.16712e-11
462 1.2957e-10
463 8.57028e-11
464 -6.38602e-09
465 9.25502e-10
466 1.69682e-10
467 8.61989e-11
468 6.71774e-11
469 -2.2459e-08
470 -6.19064e-10
471 9.027e-11
472 -3.14148e-10
473 3.83649e-11
474 -2.57004e-09
475 -1.31783e-10
476 -5.84888e-10
477 -6.50534e-10
478 7.60362e-11
479 -1.61227e-09
480 -5.15732e-10
481 3.79546e-10
482 -1.27134e-10
483 -5.24258e-11
484 -2.1401e-10
485 -9.69697e-12
486 -6.2692e-10
487 6.45e-10
488 3.6462e-10
489 -1.10792e-09
490 1.23243e-10
491 5.46693e-11
492 3.89458e-09
493 1.00787e-08
494 -8.58575e-10
495 -2.21639e-10
496 8.97835e-10
497 1.00588e-09
498 -1.06504e-09
499 -4.42103e-09
500 7.16601e-10
501 -2.74522e-10
502 -5.46797e-09
503 3.7604e-11
504 1.10243e-10
505 2.94098e-11
506 8.99977e-10
507 2.65303e-10
508 -1.89757e-09
509 5.4479e-10
510 -3.26897e-10
511 -3.44588e-08
512 2.4034e-10
513 -3.31511e-10
514 -1.18363e-08
515 -2.02163e-12
516 2.30937e-10
517 3.23994e-10
518 1.35948e-09
519 3.28789e-11
520 1.2395e-09
521 -4.46109e-10
522 -1.80148e-09
523 -2.29137e-10
524 1.41202e-09
525 1.85427e-10
526 7.87245e-10
527 -5.14439e-11
528 -1.27058e-11
529 -2.1974e-11
530 -1.37326e-09
531 -3.10451e-10
532 -6.99727e-11
533 3.21547e-10
534 4.21871e-10
535 2.36108e-11
536 -5.92269e-11
537 4.64918e-11
538 5.52931e-09
539 1.7765e-11
540 8.91812e-10
541 -3.30748e-10
542 -1.26556e-09
543 2.24138e-09
544 1.37029e-10
545 -4.36658e-08
546 -4.55198e-09
547 5.41704e-11
548 3.55229e-10
549 -5.28357e-09
550 -1.40439e-11
551 3.20008e-10
552 -2.90699e-09
553 1.77565e-10
554 1.56331e-08
555 2.66464e-10
556 -1.22828e-09
557 -1.29814e-11
558 -1.65798e-10
559 4.07228e-11
560 -5.42662e-10
561 7.75243e-11
562 -4.52533e-08
563 1.83524e-11
564 -3.46458e-10
565 3.27318e-11
566 -1.65681e-09
567 -2.73445e-10
568 -7.47554e-10
569 -8.058e-13
570 -1.7699e-11
571 6.19911e-10
572 4.72259e-11
573 -7.53318e-10
574 1.77085e-11
575 3.89267e-10
576 3.87341e-11
577 -1.69594e-10
578 -8.8449e-10
579 -5.27882e-09
580 3.75269e-10
581 -1.51707e-09
582 2.19602e-10
583 -5.15202e-10
584 2.41542e-10
585 2.51272e-10
586 1.4302e-09
587 -1.74088e-09
588 3.39264e-09
589 5.48228e-09
590 -5.5592e-11
591 5.07563e-09
592 1.72669e-11
593 -5.10746e-10
594 1.70137e-10
595 -2.43058e-10
596 1.2283e-10
597 -2.53242e-10
598 6.52529e-11
599 -9.32805e-10
600 -1.24651e-10
601 1.55335e-09
602 -1.13469e-10
603 -9.26125e-07
604 -6.95149e-10
605 -1.92136e-09
606 -6.23869e-08
607 1.42624e-09
608 -2.94163e-09
609 -2.59948e-10
610 1.64401e-10
611 2.73673e-09
612 -4.91515e-10
613 -1.26049e-10
614 -3.29606e-11
615 6.11025e-09
616 -7.63174e-11
617 -4.38466e-10
618 -6.17582e-11
619 -1.20593e-08
620 -1.25627e-09
621 -1.678e-09
622 1.78393e-09
623 -1.01252e-09
624 -1.44367e-09
625 -7.12595e-09
626 6.38338e-09
627 2.50918e-09
628 -7.22089e-10
629 4.07775e-10
630 -2.03909e-10
631 2.81112e-09
632 1.94926e-09
633 2.17705e-10
634 1.52018e-13
635 4.55636e-12
636 -2.46347e-11
637 -7.91331e-09
638 5.94924e-07
639 -5.45697e-11
640 8.71752e-11
641 2.07164e-10
642 5.31183e-10
643 1.08758e-09
644 2.68939e-11
645 -1.23924e-11
646 1.01844e-10
647 -5.40165e-11
648 1.39417e-11
649 1.12907e-09
650 9.2503e-10
651 -1.25134e-10
652 2.1929e-09
653 5.62477e-10
654 -4.58728e-10
655 4.65597e-09
656 6.88561e-10
657 7.60788e-11
658 6.18408e-11
659 -3.19102e-10
660 2.47455e-09
661 2.15682e-09
662 1.05337e-09
663 -7.05985e-11
664 1.58346e-10
665 1.28963e-08
666 5.39793e-10
667 -1.97506e-10
668 1.37557e-12
669 1.20323e-09
670 -1.44135e-09
671 1.63081e-11
672 -2.28875e-11
673 -1.30249e-11
674 2.22516e-10
675 -3.26431e-10
676 -1.09212e-09
677 1.80341e-09
678 6.04106e-12
679 4.93875e-10
680 6.42191e-10
681 -2.39237e-10
682 5.31087e-10
683 -3.05631e-09
684 5.87431e-11
685 1.98846e-10
686 -1.67989e-10
687 -1.32446e-09
688 1.75193e-09
689 -8.19275e-11
690 -3.38291e-11
691 -6.54642e-11
692 -1.83854e-10
693 -1.04126e-09
694 5.36076e-10
695 -5.07902e-09
696 1.83179e-08
697 2.16725e-10
698 -9.44874e-10
699 9.24546e-09
700 -5.84183e-09
701 1.30531e-09
702 -3.71074e-09
703 1.19727e-10
704 2.78e-10
705 -3.76425e-12
706 -1.23044e-08
707 2.53565e-10
708 1.79612e-10
709 6.60403e-10
710 7.7826e-11
711 1.95532e-09
712 -1.24933e-11
713 -4.80809e-10
714 2.59312e-09
715 -3.94918e-10
716 3.57736e-12
717 7.802e-10
718 -4.12914e-10
719 1.86009e-08
720 3.84056e-10
721 -2.95752e-09
722 -3.8222e-09
723 -1.41261e-09
724 7.78778e-10
725 -2.41928e-08
726 -1.25731e-09
727 8.41778e-10
728 -5.88067e-11
729 1.1321e-09
730 -1.72445e-11
731 -2.25768e-11
732 -1.8229e-08
733 -9.23972e-09
734 6.56649e-10
735 -6.00601e-10
736 -2.03252e-11
737 1.30036e-09
738 3.9642e-09
739 -1.52308e-10
740 -9.84815e-10
741 -2.26562e-11
742 8.71236e-12
743 -6.42083e-11
744 -7.27896e-10
745 1.95442e-09
746 1.53755e-10
747 -1.49679e-09
748 -1.04617e-08
749 -1.38389e-11
750 3.00931e-10
751 -1.48126e-11
752 2.82456e-09
753 1.25846e-09
754 2.24379e-09
755 -1.22827e-10
756 -1.28836e-09
757 1.57581e-09
758 -3.18456e-10
759 1.13329e-10
760 1.53182e-09
761 -4.67234e-09
762 -6.22679e-09
763 -2.8697e-10
764 -7.0848e-10
765 6.44732e-09
766 -4.48145e-09
767 7.63261e-10
768 -1.43402e-10
769 2.27478e-10
770 1.18743e-10
771 -1.82659e-10
772 1.62481e-09
773 1.07696e-11
774 6.6623e-10
775 -2.78994e-10
776 1.73464e-09
777 -3.06857e-10
778 -5.25868e-12
779 -5.08118e-11
780 1.72971e-10
781 1.97409e-09
782 8.7555e-09
783 5.34249e-10
784 7.39553e-11
785 -3.10099e-11
786 1.31878e-09
787 -1.15698e-09
788 2.21424e-09
789 4.96415e-10
790 -5.96025e-11
791 6.06178e-09
792 1.12495e-09
793 2.75368e-09
794 -3.85927e-10
795 7.79263e-09
796 -1.33843e-10
797 -1.52681e-10
798 -3.48574e-10
799 -2.63954e-09
800 -1.71115e-11
801 2.63283e-09
802 -1.12656e-09
803 2.39466e-10
804 1.78994e-10
805 -8.58154e-10
806 -5.26144e-12
807 -1.06292e-10
808 -8.00394e-10
809 -6.83414e-10
810 4.28222e-10
811 1.2166e-09
812 -1.09304e-09
813 -3.9493e-10
814 -4.80206e-11
815 9.04316e-10
816 2.95783e-10
817 -3.90659e-10
818 -1.06245e-09
819 2.41455e-10
820 3.04178e-10
821 1.29266e-09
822 4.96691e-09
823 4.42332e-09
824 -4.71814e-10
825 -4.00968e-12
826 -6.21991e-09
827 -3.43754e-12
828 2.55934e-10
829 1.29272e-09
830 -5.04492e-10
831 -7.40932e-11
832 3.49314e-09
833 -5.47305e-10
834 1.14524e-10
835 1.45973e-09
836 1.05527e-08
837 8.12683e-13
838 3.32669e-11
839 -8.17008e-09
840 -2.18284e-10
841 -7.03768e-11
842 1.68373e-08
843 3.7562e-09
844 -2.33781e-09
845 -1.58995e-11
846 -4.63549e-10
847 2.68657e-08
848 -7.48676e-11
849 -8.72461e-10
850 -5.32537e-11
851 2.30633e-10
852 2.66628e-10
853 -3.43388e-11
854 2.65761e-09
855 4.52995e-11
856 -1.52534e-10
857 -3.89111e-10
858 1.26705e-11
859 -1.83052e-10
860 6.52891e-11
861 1.34284e-09
862 -1.03104e-10
863 1.28744e-10
864 -1.77526e-11
865 1.64814e-09
866 2.03079e-09
867 6.61433e-11
868 -1.76398e-10
869 6.39013e-10
870 -4.69857e-11
871 2.83492e-11
872 3.76792e-11
873 5.18032e-09
874 6.30313e-11
875 -1.34402e-09
876 1.07083e-10
877 9.48386e-11
878 5.10223e-11
879 -9.17449e-10
880 -7.36546e-09
881 -3.49592e-09
882 1.39096e-09
883 -5.34061e-10
884 -1.17041e-10
885 1.6452e-07
886 1.9557e-09
887 -1.33698e-10
888 -4.64826e-11
889 -1.57411e-09
890 -5.25495e-11
891 -3.45747e-09
892 1.75774e-09
893 9.28868e-11
894 -5.00454e-10
895 7.67e-11
896 -1.07283e-09
897 8.77138e-10
898 -2.54522e-11
899 -2.17209e-09
900 -6.14739e-10
901 -4.95668e-11
902 -4.08241e-09
903 1.57687e-08
904 -1.6564e-10
905 2.79218e-09
906 -9.03709e-10
907 -1.01867e-09
908 5.3992e-11
909 3.28749e-10
910 -7.51763e-10
911 -1.90271e-10
912 -2.79191e-10
913 4.80219e-10
914 -1.17319e-09
915 1.52768e-09
916 1.11197e-08
917 -5.97154e-09
918 2.14458e-10
919 -4.2861e-14
920 -1.35398e-07
921 5.84923e-10
922 -1.47043e-09
923 -6.8463e-10
924 -1.05635e-09
925 -6.64822e-10
926 1.1234e-09
927 1.47833e-10
928 1.09129e-09
929 -1.37753e-10
930 -3.74573e-12
931 -1.08693e-09
932 2.57231e-10
933 -5.24607e-11
934 1.76556e-09
935 -1.47709e-11
936 2.78936e-10
937 -2.92692e-10
938 5.17246e-11
939 -3.09244e-12
940 -1.66229e-10
941 2.41063e-10
942 -4.5692e-10
943 -1.51116e-10
944 7.04419e-10
945 4.44953e-09
946 -1.10331e-09
947 -1.43537e-10
948 3.07256e-10
949 -7.61964e-10
950 -5.6214e-10
951 3.1394e-10
952 -2.11485e-09
953 -1.72322e-10
954 1.02708e-09
955 -7.11209e-12
956 -1.08124e-10
957 -2.47249e-12
958 1.62319e-09
959 -1.08964e-09
960 1.32012e-09
961 -3.79487e-10
962 -1.27569e-09
963 2.36242e-11
964 -1.52056e-12
965 -3.42742e-10
966 5.13613e-10
967 -1.79132e-10
968 2.1129e-09
969 -3.26868e-10
970 -2.21992e-10
971 5.82715e-10
972 5.87246e-10
973 6.98217e-10
974 -1.94911e-09
975 5.75562e-12
976 -5.2683e-08
977 1.75961e-10
978 1.24371e-10
979 5.51041e-11
980 1.09699e-10
981 -5.96696e-11
982 4.32782e-10
983 3.60619e-11
984 6.07186e-11
985 -1.71383e-11
986 -1.05078e-11
987 1.90207e-08
988 -2.40156e-09
989 -6.93246e-10
990 -1.74895e-11
991 1.68287e-09
992 -6.96948e-11
993 3.51431e-10
994 -1.08004e-10
995 1.81446e-11
996 4.90796e-11
997 -1.6644e-09
998 6.32301e-11
999 -1.88531e-11
1000 3.97261e-10
1001 -5.99184e-11
1002 7.41033e-11
1003 -2.24313e-09
1004 1.4957e-11
1005 6.01735e-10
1006 1.59295e-09
1007 -1.89524e-08
1008 -7.9444e-11
1009 2.96775e-11
1010 -9.07393e-10
1011 2.20864e-09
1012 -1.94054e-09
1013 -3.65176e-07
1014 6.80124e-09
1015 -3.30646e-09
1016 8.56387e-09
1017 -1.54846e-11
1018 3.44131e-09
1019 3.99983e-09
1020 1.61118e-10
1021 -7.10912e-10
1022 6.61605e-10
1023 3.44202e-09
1024 3.40951e-10
1025 1.55421e-09
1026 4.10052e-10
1027 -1.35689e-10
1028 -3.53015e-10
1029 -1.01881e-09
1030 4.34613e-09
1031 2.3143e-09
1032 -3.30007e-09
1033 6.37084e-10
1034 4.94144e-11
1035 2.25435e-10
1036 -6.42647e-11
1037 -1.69012e-10
1038 4.81793e-09
1039 -8.46277e-10
1040 1.75834e-10
1041 -2.19183e-08
1042 -1.58742e-09
1043 2.99307e-11
1044 4.23361e-10
1045 -2.20057e-10
1046 -5.24027e-10
1047 -3.27744e-09
1048 -4.0164e-10
1049 8.6179e-10
1050 8.10802e-10
1051 4.78441e-09
1052 3.45122e-11
1053 -4.96447e-11
1054 -2.71076e-10
1055 3.49933e-10
1056 -7.19778e-11
1057 2.9282e-12
1058 9.23949e-10
1059 -2.61472e-10
1060 -1.43137e-08
1061 1.15698e-10
1062 1.77567e-10
1063 2.14458e-08
1064 6.51844e-11
1065 -1.12151e-09
1066 -8.38836e-10
1067 -6.7189e-10
1068 -3.3088e-10
1069 -1.28326e-09
1070 1.05316e-10
1071 -2.38058e-09
1072 5.88753e-11
1073 1.6069e-11
1074 4.36243e-11
1075 1.58008e-10
1076 4.81689e-09
1077 -9.79594e-11
1078 2.47304e-10
1079 1.7486e-10
1080 -5.54319e-09
1081 3.91641e-09
1082 1.5653e-10
1083 2.33971e-10
1084 -2.56584e-09
1085 3.37747e-09
1086 1.32235e-09
1087 -2.22053e-10
1088 4.06737e-11
1089 1.8055e-09
1090 1.40342e-09
1091 -1.9301e-10
1092 6.81433e-12
1093 -1.87767e-11
1094 -2.99656e-09
1095 -1.5374e-10
1096 -3.18419e-10
1097 2.8237e-09
1098 7.24706e-10
1099 1.04158e-10
1100 -1.06603e-10
1101 -1.31262e-11
1102 2.43613e-10
1103 1.4572e-09
1104 1.61463e-11
1105 2.30408e-09
1106 1.71443e-10
1107 -3.03967e-10
1108 2.10995e-10
1109 -1.5396e-10
1110 1.76945e-11
1111 -3.11907e-15
1112 1.69795e-10
1113 8.33151e-09
1114 1.10348e-11
1115 -1.18179e-09
1116 9.81231e-11
1117 -5.01772e-11
1118 -9.57019e-11
1119 -3.15802e-09
1120 6.82663e-11
1121 4.18797e-11
1122 -9.74009e-11
1123 2.25794e-10
1124 -3.00983e-10
1125 -6.76384e-10
1126 3.7062e-10
1127 -5.3537e-11
1128 -1.47513e-09
1129 -2.09473e-10
1130 5.16074e-09
1131 -2.41791e-09
1132 -3.75149e-11
1133 -2.45549e-09
1134 2.9845e-10
1135 7.05729e-09
1136 -3.49438e-09
1137 8.76323e-11
1138 2.1213e-10
1139 -1.4509e-09
1140 3.20501e-10
1141 -1.86292e-10
1142 -2.06166e-09
1143 -1.78211e-09
1144 -3.06273e-10
1145 1.5042e-10
1146 -3.57961e-10
1147 -3.05468e-10
1148 3.75877e-10
1149 5.46488e-11
1150 -8.42583e-10
1151 3.49546e-10
1152 8.76922e-09
1153 -1.42154e-09
1154 1.78336e-10
1155 1.67971e-09
1156 -8.01983e-10
1157 7.46314e-11
1158 2.05577e-09
1159 -2.58598e-09
1160 1.54741e-11
1161 1.57676e-10
1162 -4.62228e-10
1163 2.36811e-12
1164 -1.17465e-09
1165 -3.71445e-10
1166 5.47936e-07
1167 5.93778e-10
1168 -3.74622e-10
1169 -1.61641e-10
1170 -1.82766e-09
1171 3.13023e-09
1172 7.89708e-11
1173 4.45592e-10
1174 2.63882e-10
1175 -5.73756e-10
1176 1.11385e-10
1177 4.73123e-10
1178 -8.54592e-10
1179 -1.9125e-11
1180 3.48294e-12
1181 9.68331e-11
1182 4.59987e-11
1183 3.42463e-09
1184 1.70832e-10
1185 2.82134e-11
1186 -6.67109e-10
1187 4.03457e-09
1188 -5.81631e-09
1189 7.13243e-10
1190 1.09284e-10
1191 5.55121e-10
1192 -8.46748e-10
1193 2.09584e-10
1194 3.24465e-11
1195 -1.1692e-09
1196 2.69686e-10
1197 1.96777e-08
1198 -2.53241e-09
1199 -8.81e-10
1200 -1.39103e-09
1201 2.47344e-10
1202 4.99736e-10
1203 -5.6972e-09
1204 2.06989e-10
1205 -6.4482e-11
1206 1.87829e-09
1207 -1.69841e-09
1208 -3.11932e-09
1209 -1.19587e-10
1210 -3.43862e-10
1211 5.1676e-10
1212 4.46443e-09
1213 2.72531e-08
1214 -1.37329e-09
1215 -4.36078e-10
1216 4.8223e-11
1217 9.1064e-10
1218 4.6171e-10
1219 2.1444e-09
1220 1.16689e-09
1221 1.22673e-11
1222 -1.76577e-11
1223 -3.56728e-10
1224 4.91798e-11
1225 -1.03933e-09
1226 6.58969e-10
1227 4.35388e-10
1228 -1.00295e-08
1229 4.14026e-09
1230 -7.28189e-10
1231 -5.33353e-10
1232 4.50571e-10
1233 -2.84613e-09
1234 -3.63373e-09
1235 -1.10942e-10
1236 1.17026e-11
1237 4.06462e-10
1238 4.05087e-10
1239 1.3979e-09
1240 6.76556e-10
1241 2.32695e-09
1242 -9.43019e-11
1243 3.69171e-10
1244 -8.75454e-10
1245 5.1755e-11
1246 -7.84617e-11
1247 2.48884e-08
1248 -2.9183e-10
1249 2.39108e-11
1250 -2.22752e-10
1251 -7.28506e-10
1252 1.85403e-10
1253 -2.71942e-10
1254 4.26633e-09
1255 7.33978e-09
1256 1.0769e-09
1257 -6.65845e-09
1258 -8.81139e-12
1259 -9.94702e-10
1260 -9.48269e-10
1261 -5.21244e-11
1262 -5.01577e-10
1263 1.53244e-10
1264 3.54867e-11
1265 1.03191e-09
1266 4.69155e-10
1267 4.54836e-12
1268 -4.62985e-10
1269 -1.41846e-09
1270 1.03431e-10
1271 -1.00395e-09
1272 1.47853e-12
1273 -4.48139e-11
1274 9.95342e-10
1275 1.30229e-10
1276 -1.60874e-10
1277 -2.08301e-10
1278 1.31339e-09
1279 6.36213e-10
1280 6.36012e-11
1281 2.70593e-09
1282 1.96116e-09
1283 1.0614e-09
1284 -6.64456e-10
1285 -9.11271e-13
1286 -4.9579e-10
1287 4.95129e-10
1288 -5.3335e-10
1289 6.84062e-10
1290 -6.07638e-11
1291 4.54581e-10
1292 1.63451e-10
1293 1.40942e-10
1294 -6.2931e-09
1295 -5.86614e-12
1296 5.99864e-09
1297 1.47523e-07
1298 1.40814e-10
1299 -9.46687e-10
1300 6.10641e-09
1301 -1.07743e-10
1302 4.76275e-10
1303 5.22373e-11
1304 -5.72853e-11
1305 -2.62407e-10
1306 2.90448e-09
1307 -3.58581e-10
1308 5.97328e-09
1309 -3.13016e-10
1310 1.54949e-10
1311 -2.77496e-09
1312 2.99484e-09
1313 -2.60972e-10
1314 -5.375e-10
1315 1.25982e-09
1316 -8.99259e-10
1317 6.72243e-10
1318 -2.76284e-09
1319 -4.863e-10
1320 -4.96706e-11
1321 -3.48837e-10
1322 8.10939e-11
1323 -3.00133e-10
1324 -1.23085e-10
1325 1.32959e-10
1326 -1.88001e-09
1327 -8.40409e-09
1328 -2.34744e-11
1329 -1.55844e-09
1330 -4.57458e-11
1331 -4.23937e-11
1332 3.34344e-10
1333 5.16606e-09
1334 -1.25757e-10
1335 -2.08109e-10
1336 4.2839e-10
1337 -2.43915e-10
1338 7.7684e-12
1339 8.74489e-12
1340 5.93381e-11
1341 1.05572e-09
1342 -1.57515e-11
1343 3.64426e-10
1344 -3.24337e-10
1345 -2.17945e-09
1346 2.39657e-09
1347 -9.88491e-10
1348 5.5389e-11
1349 1.31733e-10
1350 1.24316e-08
1351 -1.03442e-11
1352 2.17942e-10
1353 -4.45936e-11
1354 1.18872e-11
1355 -1.86493e-10
1356 -2.50457e-09
1357 -5.45497e-12
1358 1.30525e-09
1359 6.84228e-11
1360 1.18759e-10
1361 -5.27775e-12
1362 -1.12372e-11
1363 1.43555e-10
1364 -3.65956e-11
1365 1.13354e-11
1366 -2.14205e-11
1367 4.13988e-09
1368 6.98672e-11
1369 6.34407e-11
1370 -8.64235e-12
1371 1.74896e-11
1372 1.4595e-11
1373 -2.97415e-12
1374 -1.4764e-10
1375 -2.02562e-09
1376 -4.15956e-12
1377 1.21012e-11
1378 -1.91287e-09
1379 2.60506e-11
1380 -5.78492e-11
1381 -2.12629e-11
1382 -9.65876e-11
1383 -6.16865e-12
1384 -3.34603e-09
1385 2.06525e-11
1386 -2.08527e-10
1387 1.7813e-12
1388 -4.75441e-11
1389 1.04426e-10
1390 3.18745e-10
1391 5.24822e-09
1392 -1.42163e-10
1393 -3.58455e-10
1394 4.80529e-09
1395 -4.48219e-09
1396 -1.30844e-10
1397 -2.59178e-11
1398 -3.40694e-12
1399 -8.98474e-12
1400 1.0666e-09
1401 4.94389e-11
1402 1.18047e-10
1403 6.77378e-09
1404 9.56022e-10
1405 -2.56723e-11
1406 -2.74738e-10
1407 2.75476e-10
1408 2.81737e-11
1409 -3.41313e-11
1410 -3.10641e-11
1411 9.42042e-12
1412 4.14622e-11
1413 -8.65957e-12
1414 -2.93338e-11
1415 -5.14382e-11
1416 6.08902e-12
1417 4.81112e-11
1418 -1.6561e-09
1419 7.91821e-11
1420 -5.7659e-10
1421 5.69386e-12
1422 1.05368e-10
1423 3.17541e-10
1424 1.64403e-10
1425 5.92804e-12
1426 1.87565e-11
1427 -4.41716e-12
1428 9.95473e-10
1429 1.53048e-11
1430 6.78813e-12
1431 -2.8276e-11
1432 -1.29506e-09
1433 4.10291e-10
1434 -7.94418e-11
1435 -2.99058e-11
1436 8.88434e-11
1437 1.01347e-11
1438 -4.11083e-11
1439 2.35891e-10
1440 -1.25444e-10
1441 1.88208e-10
1442 3.08373e-12
1443 6.84177e-11
1444 -1.81104e-10
1445 -4.41051e-11
1446 -2.68384e-10
1447 8.65843e-10
1448 2.35838e-11
1449 -1.2732e-09
1450 5.35554e-11
1451 -6.71099e-11
1452 4.29326e-11
1453 3.34164e-09
1454 -2.44249e-10
1455 6.87046e-11
1456 8.91781e-11
1457 3.58183e-10
1458 -8.7992e-11
1459 1.36926e-11
1460 1.18495e-09
1461 -2.08501e-11
1462 3.60173e-11
1463 -4.48646e-12
1464 -6.87272e-12
1465 3.81561e-10
1466 -6.70307e-11
1467 -5.288e-10
1468 1.22994e-11
1469 1.54228e-12
1470 1.71456e-09
1471 -3.25649e-11
1472 -6.23456e-10
1473 2.64238e-09
1474 -1.06479e-10
1475 1.22816e-11
1476 -2.60856e-12
1477 -1.73066e-09
1478 6.28142e-11
1479 5.30154e-12
1480 2.61835e-11
1481 -3.52598e-10
1482 -1.70741e-10
1483 2.80449e-10
1484 -4.32879e-11
1485 -1.60108e-09
1486 5.79594e-10
1487 1.98583e-09
1488 -5.4255e-11
1489 1.54235e-09
1490 7.78441e-11
1491 1.00775e-11
1492 5.00192e-10
1493 1.01084e-10
1494 8.8877e-12
1495 -7.40888e-11
1496 4.51111e-09
1497 4.52924e-11
1498 5.39057e-12
1499 6.27565e-11
1500 -3.97939e-10
1501 3.06747e-10
1502 1.59151e-10
1503 9.2565e-10
1504 2.85385e-11
1505 5.92508e-10
1506 8.24469e-11
1507 8.56477e-11
1508 2.96452e-10
1509 5.55296e-09
1510 9.54561e-12
1511 7.14515e-12
1512 4.21297e-10
1513 -4.22844e-10
1514 1.28541e-10
1515 7.01613e-11
1516 -7.31312e-12
1517 1.34759e-10
1518 9.38258e-12
1519 1.24799e-09
1520 1.24904e-11
1521 -4.28368e-10
1522 2.42278e-10
1523 1.43106e-08
1524 2.72302e-10
1525 2.48718e-11
1526 8.18703e-09
1527 -2.31571e-12
1528 -1.73037e-11
1529 -5.04198e-11
1530 9.79126e-10
1531 6.11178e-13
1532 1.50916e-11
1533 2.6858e-11
1534 8.62955e-10
1535 1.56967e-09
1536 -2.11206e-10
1537 3.20169e-10
1538 -5.90873e-10
1539 4.59036e-12
1540 5.43442e-09
1541 1.19615e-11
1542 4.25166e-09
1543 -3.26428e-12
1544 -7.0175e-12
1545 -1.36573e-09
1546 1.71721e-11
1547 -6.08271e-11
1548 2.37257e-11
1549 2.51568e-11
1550 -2.35544e-10
1551 7.59628e-11
1552 -3.02617e-11
1553 -4.72265e-10
1554 -4.83619e-11
1555 3.52755e-12
1556 5.19686e-10
1557 -5.51682e-11
1558 1.6517e-09
1559 -6.49346e-10
1560 -8.67569e-11
1561 6.46377e-11
1562 1.20127e-10
1563 -4.48585e-09
1564 2.25044e-09
1565 -1.44259e-11
1566 9.34509e-11
1567 6.09888e-11
1568 -8.10827e-11
1569 -1.78218e-11
1570 2.81047e-10
1571 3.36215e-10
1572 5.23224e-10
1573 2.45286e-11
1574 -3.89206e-10
1575 2.12078e-10
1576 1.50998e-11
1577 6.98608e-12
1578 -8.82155e-12
1579 6.97142e-11
1580 3.41378e-11
1581 -6.96965e-11
1582 1.32523e-11
1583 -5.20704e-10
1584 8.68137e-11
1585 -1.61702e-11
1586 4.38512e-10
1587 -3.93053e-09
1588 5.40368e-11
1589 3.16375e-11
1590 1.93752e-09
1591 1.14554e-11
1592 2.50553e-10
1593 -3.8146e-10
1594 -1.11182e-10
1595 3.29938e-11
1596 1.15271e-10
1597 3.92648e-12
1598 -6.79708e-12
1599 -7.16979e-12
1600 1.84716e-10
1601 1.69786e-12
1602 1.64993e-10
1603 -5.09325e-10
1604 8.17503e-11
1605 -9.77794e-09
1606 3.06524e-11
1607 3.73931e-10
1608 7.93922e-10
1609 1.06636e-10
1610 1.03801e-10
1611 6.80083e-11
1612 -2.09755e-10
1613 1.26373e-10
1614 -2.01848e-10
1615 3.80515e-10
1616 3.25696e-10
1617 -2.40193e-11
1618 4.96945e-11
1619 -1.50745e-11
1620 3.71872e-09
1621 1.15966e-11
1622 5.59197e-12
1623 -1.04529e-10
1624 1.06217e-09
1625 3.80612e-11
1626 2.02907e-11
1627 3.19987e-11
1628 1.54074e-10
1629 4.18263e-11
1630 3.1674e-11
1631 1.173e-11
1632 -2.54925e-09
1633 7.62323e-13
1634 -5.33655e-11
1635 2.6934e-10
1636 -3.31628e-10
1637 -8.30384e-11
1638 -6.41665e-11
1639 1.85989e-08
1640 1.00424e-09
1641 -6.37596e-12
1642 -2.15873e-12
1643 1.55554e-09
1644 2.86257e-12
1645 -8.72965e-11
1646 9.94938e-10
1647 -3.1382e-10
1648 3.11357e-09
1649 9.2843e-11
1650 -1.5821e-11
1651 2.30012e-12
1652 -9.39508e-12
1653 1.14472e-11
1654 1.58084e-10
1655 7.51833e-10
1656 3.08468e-08
1657 3.63372e-11
1658 1.14644e-11
1659 -1.907e-11
1660 -8.29742e-10
1661 4.30842e-11
1662 6.79187e-11
1663 1.27134e-12
1664 2.98673e-11
1665 -2.27729e-10
1666 -8.42695e-12
1667 4.97048e-10
1668 -4.7663e-12
1669 4.0192e-10
1670 4.07055e-10
1671 1.02861e-11
1672 4.86709e-10
1673 1.29981e-09
1674 8.26203e-11
1675 1.01543e-09
1676 -3.03629e-11
1677 6.1489e-11
1678 1.61767e-11
1679 -4.00648e-11
1680 3.2905e-11
1681 7.71174e-10
1682 1.33958e-09
1683 -4.28423e-10
1684 5.21314e-12
1685 -2.8106e-09
1686 -2.27628e-12
1687 4.55169e-12
1688 -9.28726e-12
1689 1.20155e-10
1690 5.57078e-11
1691 -4.02911e-11
1692 -1.94049e-11
1693 3.78094e-10
1694 -1.61186e-10
1695 -5.08385e-10
1696 2.3571e-11
1697 2.19984e-07
1698 -9.79536e-11
1699 8.881e-10
1700 2.87097e-08
1701 3.23625e-11
1702 1.74909e-10
1703 2.86033e-11
1704 4.72837e-11
1705 -1.12424e-09
1706 1.1048e-10
1707 1.24757e-11
1708 1.1436e-11
1709 -2.94256e-10
1710 -4.67677e-11
1711 -7.48323e-12
1712 9.91299e-12
1713 5.79931e-10
1714 6.00731e-10
1715 1.35775e-09
1716 -5.56333e-13
1717 9.62519e-12
1718 2.31572e-10
1719 -1.79415e-10
1720 2.79921e-10
1721 -6.38306e-11
1722 8.23216e-12
1723 -5.8213e-11
1724 3.67779e-12
1725 2.20571e-09
1726 4.42921e-11
1727 1.81255e-10
1728 1.15653e-11
1729 -1.05473e-11
1730 3.77024e-11
1731 1.25222e-09
1732 3.43763e-07
1733 -1.83272e-11
1734 1.37137e-10
1735 -2.18831e-11
1736 4.413e-10
1737 4.77619e-10
1738 1.12951e-12
1739 1.14915e-11
1740 3.58407e-11
1741 1.79572e-09
1742 -1.28164e-12
1743 -7.02923e-11
1744 -3.64131e-11
1745 2.00405e-10
1746 -8.85804e-10
1747 5.69604e-11
1748 -5.3885e-11
1749 5.18599e-09
1750 -7.26836e-11
1751 -5.3142e-12
1752 -8.79585e-12
1753 -6.57524e-11
1754 4.38933e-10
1755 -2.34578e-09
1756 5.554e-11
1757 5.42808e-12
1758 7.38298e-15
1759 -2.1879e-11
1760 1.73706e-10
1761 3.164e-11
1762 -1.17518e-11
1763 -1.75439e-10
1764 3.40435e-11
1765 3.554e-11
1766 2.55103e-11
1767 1.03363e-10
1768 -4.6043e-11
1769 4.82174e-09
1770 -1.16358e-10
1771 1.02717e-10
1772 3.87431e-10
1773 1.46679e-10
1774 -2.33907e-11
1775 2.48161e-10
1776 1.53686e-10
1777 5.33488e-10
1778 -3.31521e-12
1779 -4.69276e-11
1780 3.25295e-10
1781 1.48648e-10
1782 -8.34634e-10
1783 -2.58459e-11
1784 -3.78035e-11
1785 -7.5178e-12
1786 3.65179e-11
1787 7.07185e-09
1788 -1.48322e-10
1789 1.749e-10
1790 1.09158e-09
1791 -6.05144e-11
1792 -1.42301e-09
1793 1.1122e-09
1794 1.86922e-09
1795 -8.18594e-09
1796 4.98718e-10
1797 -2.25512e-11
1798 -8.9573e-11
1799 1.09166e-09
1800 9.85426e-09
1801 -8.42049e-11
1802 -9.53808e-11
1803 3.34937e-11
1804 -2.65329e-13
1805 -6.43641e-11
1806 -9.45749e-12
1807 4.61002e-11
1808 7.22709e-10
1809 2.66837e-10
1810 1.44872e-11
1811 -7.8609e-12
1812 8.29095e-10
1813 6.65547e-10
1814 4.08695e-11
1815 6.4683e-10
1816 1.27944e-09
1817 4.34308e-10
1818 -2.65857e-11
1819 3.28838e-09
1820 1.35646e-09
1821 -2.69701e-10
1822 7.45154e-11
1823 -6.58766e-10
1824 -1.64368e-11
1825 1.13181e-11
1826 1.5784e-09
1827 3.11861e-09
1828 1.02921e-11
1829 4.29692e-10
1830 3.90082e-12
1831 -3.42207e-10
1832 -2.37079e-10
1833 -1.50821e-11
1834 -1.97492e-10
1835 9.1063e-12
1836 6.78807e-12
1837 5.90681e-11
1838 3.24782e-10
1839 1.69486e-10
1840 -1.03975e-10
1841 1.53622e-10
1842 3.68751e-09
1843 1.05365e-10
1844 -1.06383e-10
1845 3.23164e-12
1846 -7.56466e-09
1847 -1.81414e-10
1848 1.0476e-11
1849 -1.01279e-11
1850 1.54675e-09
1851 -1.31228e-10
1852 8.18225e-12
1853 -1.18904e-10
1854 -5.63351e-10
1855 -1.40514e-10
1856 1.79164e-09
1857 2.82912e-11
1858 1.01737e-11
1859 -4.44671e-09
1860 6.27986e-09
1861 2.17767e-10
1862 1.4086e-10
1863 3.39846e-10
1864 -2.31876e-11
1865 -4.33843e-11
1866 -4.34563e-10
1867 -4.10254e-12
1868 4.53727e-11
1869 -4.4219e-11
1870 1.52742e-10
1871 2.73062e-11
1872 -2.93327e-11
1873 -3.53384e-11
1874 -4.50565e-11
1875 6.81382e-10
1876 -8.28749e-09
1877 -1.01597e-09
1878 -1.28537e-11
1879 2.12819e-12
1880 8.92563e-11
1881 -9.47823e-10
1882 -7.44688e-09
1883 2.16607e-11
1884 -5.52178e-12
1885 -1.12337e-09
1886 1.34357e-09
1887 8.38283e-10
1888 5.97139e-09
1889 -1.64038e-08
1890 2.46743e-11
1891 -3.78625e-11
1892 8.7374e-11
1893 5.84068e-10
1894 4.49658e-12
1895 -1.87545e-10
1896 -1.04196e-10
1897 6.39441e-10
1898 -1.73622e-12
1899 -3.50004e-10
1900 2.81762e-12
1901 4.72468e-11
1902 1.79767e-09
1903 6.72381e-11
1904 -1.16318e-10
1905 7.4936e-10
1906 -2.75967e-11
1907 -5.66208e-11
1908 1.51291e-12
1909 2.55846e-11
1910 6.17733e-11
1911 -2.24165e-12
1912 6.07774e-10
1913 -1.32555e-12
1914 -3.01704e-10
1915 2.31154e-10
1916 -2.76697e-10
1917 5.46653e-10
1918 4.33588e-11
1919 1.15943e-11
1920 1.09121e-09
1921 2.03906e-12
1922 -1.03932e-10
1923 -5.31127e-13
1924 5.18086e-11
1925 -1.91031e-11
1926 -1.10136e-10
1927 5.91401e-11
1928 -3.09644e-11
1929 -3.75194e-10
1930 7.01178e-09
1931 1.29848e-11
1932 -1.0707e-12
1933 -9.27602e-10
1934 -8.15753e-10
1935 -3.01602e-11
1936 3.6522e-09
1937 -8.85311e-09
1938 1.31144e-10
1939 2.83379e-12
1940 -2.09243e-10
1941 -5.89646e-09
1942 -8.8132e-12
1943 9.87123e-11
1944 3.89958e-11
1945 -8.84784e-11
1946 6.67553e-10
1947 4.16631e-12
1948 5.38112e-10
1949 1.99186e-11
1950 1.17069e-11
1951 -1.86259e-11
1952 7.09478e-10
1953 1.35025e-11
1954 3.02368e-11
1955 1.09869e-09
1956 -6.76082e-11
1957 -4.0089e-12
1958 2.05877e-13
1959 -5.34451e-11
1960 -2.91843e-09
1961 -5.74306e-11
1962 6.96881e-11
1963 -1.74462e-10
1964 -6.28127e-12
1965 -3.73974e-12
1966 -8.14662e-12
1967 1.05308e-09
1968 -8.99518e-11
1969 2.58737e-09
1970 2.40294e-12
1971 -1.94512e-11
1972 -5.3749e-12
1973 8.73494e-10
1974 -4.68713e-09
1975 8.97655e-11
1976 9.77826e-10
1977 -6.04941e-11
1978 5.98025e-10
1979 3.05067e-07
1980 -7.85494e-11
1981 2.72356e-11
1982 1.09619e-10
1983 7.16158e-10
1984 -9.87149e-11
1985 -6.5379e-10
1986 8.31583e-10
1987 1.04539e-12
1988 1.00341e-10
1989 1.87683e-12
1990 1.34225e-10
1991 -4.94123e-11
1992 -5.79661e-12
1993 -4.52798e-10
1994 -1.22152e-10
1995 8.07567e-10
1996 -1.70754e-10
1997 -2.01931e-10
1998 -9.0314e-12
1999 7.8878e-10
2000 9.87664e-11
2001 5.36254e-10
2002 2.52585e-09
2003 -4.24619e-11
2004 1.11116e-10
2005 9.25451e-11
2006 -1.63509e-11
2007 -3.549e-11
2008 -1.32664e-10
2009 -3.40687e-10
2010 -1.35758e-09
2011 2.68244e-09
2012 -7.10473e-13
2013 -2.37881e-12
2014 1.59365e-09
2015 -1.04957e-10
2016 1.28267e-09
2017 4.84462e-10
2018 1.08284e-10
2019 1.28184e-10
2020 7.90618e-10
2021 1.01259e-11
2022 2.14772e-10
2023 9.654e-12
2024 -8.84268e-12
2025 1.38735e-09
2026 7.09407e-11
2027 8.66735e-12
2028 -1.02436e-10
2029 7.37047e-12
2030 6.16773e-12
2031 1.19359e-10
2032 6.03498e-12
2033 2.91132e-12
2034 3.24751e-11
2035 1.3563e-10
2036 3.26411e-11
2037 3.1609e-11
2038 -4.7672e-11
2039 4.24834e-10
2040 1.65276e-09
2041 -2.98239e-12
2042 3.64088e-10
2043 5.40226e-11
2044 -4.63392e-10
2045 1.88471e-10
2046 -6.51322e-10
2047 -1.24059e-11
2048 4.72843e-10
2049 1.62736e-12
2050 1.88516e-10
2051 6.9865e-13
2052 3.50771e-10
2053 -6.64021e-11
2054 9.94596e-11
2055 1.93358e-10
2056 -2.88458e-12
2057 -3.9858e-11
2058 -4.15723e-13
2059 1.99212e-11
2060 5.58582e-11
2061 8.56976e-12
2062 -1.74302e-10
2063 2.14609e-11
2064 2.27157e-11
2065 -1.02761e-10
2066 1.92552e-10
2067 2.66855e-10
2068 -4.59338e-10
2069 -8.01232e-12
2070 1.5619e-08
2071 -7.35573e-11
2072 4.34535e-11
2073 1.63019e-10
2074 -3.65433e-11
2075 1.41777e-10
2076 5.66291e-11
2077 2.40131e-09
2078 2.44431e-11
2079 -1.33009e-11
2080 2.45221e-12
2081 -7.20368e-09
2082 8.5682e-10
2083 2.50812e-10
2084 -1.50873e-11
2085 -3.16889e-09
2086 6.69634e-11
2087 -2.82889e-11
2088 -1.61592e-10
2089 -3.73204e-11
2090 1.90121e-11
2091 -5.85742e-11
2092 -4.21446e-12
2093 7.33458e-12
2094 1.54867e-10
2095 1.29383e-12
2096 2.58386e-11
2097 7.13134e-10
2098 2.22252e-12
2099 -6.5653e-11
2100 1.75978e-11
2101 -1.21224e-09
2102 -8.96039e-12
2103 -3.73165e-12
2104 1.02048e-10
2105 1.83721e-10
2106 6.41857e-10
2107 1.20587e-07
2108 7.11248e-09
2109 -6.01111e-11
2110 1.0572e-10
2111 4.25247e-12
2112 -3.02319e-09
2113 -1.88311e-10
2114 2.20604e-11
2115 -1.17402e-11
2116 2.65526e-10
2117 3.37687e-09
2118 4.17735e-11
2119 7.99002e-10
2120 -5.91949e-11
2121 1.46033e-10
2122 3.43537e-11
2123 2.7324e-10
2124 2.77541e-09
2125 -8.6426e-10
2126 -1.2763e-09
2127 -3.94383e-10
2128 2.02165e-11
2129 -6.23311e-11
2130 2.16783e-11
2131 -1.32619e-11
2132 5.08386e-09
2133 -2.36225e-10
2134 7.77163e-12
2135 5.12909e-08
2136 -7.3987e-10
2137 3.56185e-11
2138 2.11516e-12
2139 -2.25161e-10
2140 -3.19675e-11
2141 7.87065e-10
2142 -3.28346e-11
2143 -3.3566e-10
2144 1.72277e-09
2145 -1.18062e-10
2146 1.08024e-11
2147 1.01653e-10
2148 2.04574e-11
2149 -1.40378e-11
2150 1.74848e-11
2151 2.99665e-11
2152 1.67324e-10
2153 -2.76399e-12
2154 -1.91899e-09
2155 -2.03434e-11
2156 4.14728e-11
2157 1.62801e-08
2158 2.45853e-11
2159 -5.24058e-10
2160 3.64911e-09
2161 3.41067e-11
2162 3.69729e-11
2163 3.53845e-10
2164 3.61365e-09
2165 -2.1672e-12
2166 -1.74882e-12
2167 4.97478e-11
2168 -9.44095e-11
2169 1.01472e-11
2170 -2.14132e-09
2171 -2.79771e-11
2172 -7.03548e-11
2173 -6.95407e-11
2174 -2.25501e-09
2175 -5.3343e-10
2176 -1.00841e-10
2177 -1.89377e-10
2178 1.62017e-10
2179 1.35906e-09
2180 -2.36036e-10
2181 -5.85626e-11
2182 2.73407e-10
2183 4.65955e-09
2184 -8.16341e-11
2185 9.25356e-11
2186 -1.41176e-12
2187 9.10641e-11
2188 8.0657e-10
2189 7.72972e-12
2190 1.3354e-10
2191 1.95497e-09
2192 -3.55228e-10
2193 2.59398e-11
2194 1.66178e-11
2195 -1.54155e-11
2196 -3.89135e-11
2197 -5.83399e-10
2198 1.08982e-11
2199 1.15896e-09
2200 2.57206e-11
2201 3.50911e-11
2202 -1.00272e-12
2203 8.88294e-10
2204 1.24545e-12
2205 -2.04529e-13
2206 -9.79805e-11
2207 8.98774e-11
2208 -2.15552e-11
2209 -3.34993e-11
2210 -2.73214e-11
2211 5.00212e-11
2212 7.86704e-12
2213 -2.14213e-10
2214 9.35629e-12
2215 1.56579e-10
2216 3.65529e-11
2217 1.15678e-10
2218 2.00212e-11
2219 -1.98468e-10
2220 -8.68898e-10
2221 3.4952e-11
2222 7.9481e-10
2223 4.67847e-11
2224 -1.04041e-09
2225 -1.45295e-11
2226 3.18479e-12
2227 -1.06631e-09
2228 -1.79732e-10
2229 7.74673e-10
2230 3.86457e-10
2231 1.27612e-10
2232 2.23834e-11
2233 3.60081e-10
2234 2.45285e-10
2235 4.96526e-11
2236 2.1082e-10
2237 8.11012e-11
2238 5.6816e-11
2239 6.35441e-10
2240 1.63933e-11
2241 1.34811e-10
2242 2.26842e-10
2243 2.69966e-12
2244 4.0624e-10
2245 1.86646e-10
2246 1.1995e-10
2247 1.8389e-11
2248 3.27495e-09
2249 -1.2605e-09
2250 -4.26289e-09
2251 -5.23265e-11
2252 1.66238e-09
2253 1.19997e-10
2254 -5.12801e-12
2255 3.43969e-11
2256 -1.473e-10
2257 1.21724e-11
2258 8.07181e-11
2259 7.35862e-11
2260 -7.99246e-09
2261 1.24831e-10
2262 2.25838e-10
2263 4.88843e-11
2264 5.64478e-11
2265 -2.37995e-09
2266 -7.42117e-12
2267 1.1446e-11
2268 5.33982e-10
2269 7.005e-11
2270 4.99011e-12
2271 4.52895e-11
2272 -2.82804e-10
2273 -1.51972e-09
2274 2.66483e-10
2275 4.40968e-11
2276 -4.83298e-10
2277 2.46104e-10
2278 6.87791e-11
2279 3.30989e-11
2280 9.10255e-10
2281 -3.05904e-10
2282 8.48172e-10
2283 -5.09499e-10
2284 1.31124e-11
2285 -1.48796e-11
2286 2.05773e-10
2287 1.61538e-10
2288 -1.21744e-12
2289 -8.46764e-10
2290 -3.19136e-11
2291 -1.00087e-09
2292 8.04914e-10
2293 1.4986e-09
2294 2.71685e-10
2295 -1.63342e-11
2296 -2.60609e-11
2297 -1.13608e-10
2298 6.22095e-11
2299 -8.20994e-11
2300 -8.10113e-10
2301 1.14016e-09
2302 -1.13297e-09
2303 -4.38044e-12
2304 -1.06527e-10
2305 -1.03087e-09
2306 -1.72726e-09
2307 2.23777e-08
2308 2.60121e-10
2309 1.35306e-11
2310 -1.76629e-11
2311 2.71157e-10
2312 -2.97104e-10
2313 -4.655e-09
2314 1.52271e-10
2315 -1.97598e-11
2316 -5.16837e-13
2317 6.92392e-11
2318 1.97989e-11
2319 1.87778e-10
2320 -1.34568e-10
2321 -3.72238e-11
2322 4.65706e-10
2323 1.95776e-09
2324 -1.5189e-10
2325 1.80967e-10
2326 1.4827e-10
2327 7.23013e-10
2328 6.40628e-09
2329 2.43652e-12
2330 4.40286e-12
2331 -1.17449e-10
2332 3.99784e-11
2333 -1.25619e-11
2334 2.18218e-10
2335 -7.87596e-10
2336 -1.21062e-11
2337 -3.48999e-10
2338 1.46653e-10
2339 -2.90212e-13
2340 6.31175e-10
2341 4.55375e-09
2342 1.077e-10
2343 -1.90476e-11
2344 3.0979e-11
2345 -7.75512e-12
2346 -1.27809e-10
2347 1.02875e-10
2348 1.77226e-09
2349 1.64116e-09
2350 -8.35939e-10
2351 -2.04725e-09
2352 1.81095e-12
2353 -4.50532e-11
2354 -2.84392e-10
2355 1.15317e-11
2356 -5.49242e-12
2357 1.54421e-11
2358 -5.04667e-12
2359 1.55503e-09
2360 -2.47755e-11
2361 -2.9543e-12
2362 2.81407e-11
2363 2.7483e-10
2364 -6.05277e-11
2365 8.7113e-11
2366 -1.59341e-12
2367 -2.58603e-11
2368 3.56368e-09
2369 3.13464e-11
2370 8.50341e-11
2371 5.74755e-11
2372 -2.42716e-09
2373 1.20757e-09
2374 5.43268e-10
2375 -3.72606e-10
2376 4.2417e-10
2377 2.60715e-10
2378 2.33537e-10
2379 -3.70193e-11
2380 -2.15304e-11
2381 1.14429e-10
2382 -3.245e-10
2383 1.34201e-10
2384 4.77951e-13
2385 -6.95547e-10
2386 -3.12869e-11
2387 3.4941e-10
2388 -3.40268e-09
2389 -6.2362e-11
2390 7.96285e-10
2391 -1.18204e-08
2392 -9.78034e-12
2393 -1.20671e-10
2394 -1.34826e-09
2395 -9.37095e-12
2396 2.47709e-10
2397 -4.32528e-12
2398 -1.05144e-12
2399 -4.38719e-11
2400 1.12085e-10
2401 7.06107e-11
2402 -2.45757e-10
2403 1.62383e-10
2404 1.08148e-11
2405 -9.19649e-10
2406 1.83303e-10
2407 4.46352e-11
2408 -6.9337e-11
2409 9.90754e-10
2410 -2.09036e-10
2411 1.30065e-10
2412 -1.13984e-10
2413 -3.7148e-10
2414 -5.04244e-11
2415 9.69837e-11
2416 3.239e-11
2417 2.29746e-10
2418 6.3853e-11
2419 4.00942e-10
2420 3.25581e-11
2421 -7.9364e-10
2422 1.84707e-12
2423 -2.45214e-10
2424 2.15339e-11
2425 -1.82807e-10
2426 -5.36748e-11
2427 2.54055e-09
2428 -6.46618e-12
2429 -1.21972e-10
2430 -4.36183e-11
2431 4.94142e-10
2432 4.77438e-12
2433 2.05531e-11
2434 -7.99354e-12
2435 -1.29014e-09
2436 3.204e-12
2437 3.01935e-11
2438 2.75568e-11
2439 2.00147e-09
2440 -1.14124e-09
2441 1.06033e-11
2442 -1.72244e-10
2443 -4.2122e-11
2444 7.18414e-10
2445 1.02584e-10
2446 -1.21946e-10
