type vector
size 2447
values
0 -6.66665
1 -0.8
2 0.570673
3 -0.6
4 -13.3334
5 -1.4
6 -2.7
7 -4
8 -0.15555
9 1.28331
10 -0.2
11 -3.2
12 -0.192
13 -0.4
14 -1.23739
15 -0.591644
16 0.24265
17 -0.1679
18 -0.4
19 0.09465
20 -13.3334
21 -1
22 -6.66665
23 -15.9897
24 -13.3334
25 -0.644189
26 -1
27 -6
28 -0.6
29 -8
30 -0.4
31 0.3277
32 -13.3334
33 -8
34 0.32735
35 -0.6
36 1.14335
37 0.17335
38 -0.4
39 -0.4
40 -0.4
41 -0.35621
42 -13.3334
43 -6.66665
44 -0.2
45 -0.123831
46 -13.3334
47 -0.496
48 -0.1596
49 1.112
50 -6.1278
51 -2.55755
52 -0.2
53 -6.66665
54 -13.3334
55 -1
56 0.280393
57 -0.14475
58 -0.5965
59 -1
60 -0.379344
61 1.636
62 0.17
63 -0.269327
64 -13.3334
65 -0.4
66 -0.4
67 -1.8
68 -0.6
69 -0.8
70 -13.3334
71 -0.6
72 -0.9836
73 -13.3334
74 0.134
75 -0.8
76 -13.3334
77 -0.6
78 -0.2
79 -0.04525
80 -1.0743
81 -0.6
82 -0.2
83 -0.4
84 -0.03415
85 -2.46675
86 -1
87 -6.66665
88 -0.2
89 -1.2
90 0.40865
91 -0.6
92 -2.68279
93 0.216
94 -0.240614
95 -6.66665
96 -0.3235
97 -0.350448
98 -0.4
99 -0.67635
100 -0.6
101 -0.6
102 -8
103 1.972
104 -6
105 -0.4
106 -3
107 0.336
108 -0.32535
109 -6.66665
110 -0.4161
111 -8
112 -4.66665
113 -6
114 -6.66665
115 -0.33265
116 -0.35815
117 -0.31935
118 0.39665
119 -1
120 0.01265
121 -3.01774
122 -0.4
123 -0.291642
124 -0.6
125 -0.4
126 0.36065
127 -6.66665
128 -6.66665
129 -0.4
130 0.63362
131 -0.29745
132 -0.4
133 0.026
134 -1.40925
135 -6.66665
136 -0.363995
137 -6.66665
138 -0.0523
139 -0.8
140 -0.23135
141 -0.467171
142 -0.41615
143 -1.1006
144 -0.4
145 -0.8
146 -2.95274
147 -0.163362
148 -0.6
149 -13.3334
150 -0.8
151 -0.6
152 0.56
153 -0.217026
154 -13.3334
155 2.13865
156 -0.361467
157 -13.3334
158 -1.30095
159 -6.66665
160 0.14265
161 -26.6598
162 -1
163 -0.2
164 -0.4
165 -1.14292
166 -0.8
167 -8
168 -12
169 -2.93335
170 -3.22562
171 -0.4
172 -0.00065
173 -13.3334
174 0.18335
175 0.082
176 -5.97564
177 -3.78108
178 -0.2688
179 -0.6
180 -0.4
181 -1
182 -0.4
183 0.46865
184 -0.31465
185 -1
186 -6.66665
187 -1.4
188 0.86135
189 -3.63115
190 -0.805439
191 -0.8
192 -0.16265
193 -0.11665
194 -0.6
195 1.79935
196 -26.6667
197 -1.94335
198 -1.4
199 -0.4
200 -0.416
201 -0.4
202 -0.6
203 -3.90534
204 -1.3614
205 -6.66665
206 -13.3334
207 -0.03675
208 -0.163599
209 -26.6667
210 -0.8
211 -0.308615
212 0.95245
213 -0.6
214 -1.25265
215 -5.32289
216 -5.24889
217 -5.44424
218 -1.4
219 -13.3334
220 -13.3334
221 -1
222 -13.3334
223 -5.96672
224 -0.32
225 -5.18367
226 -1
227 -0.362069
228 -0.2
229 -1.18266
230 -0.4417
231 -16
232 -6.66665
233 0.4
234 -0.394239
235 -1
236 0.0046
237 -0.06665
238 0.408003
239 1.22735
240 -0.2515
241 -13.3334
242 -1.2
243 1.52665
244 -0.8
245 -13.3334
246 -0.43365
247 1.2047
248 -0.088
249 -1
250 -1.58545
251 -2.93335
252 -6.63647
253 1.09485
254 -0.64235
255 -0.252
256 -6.66665
257 1.72446
258 -0.8
259 1.51
260 1.70529
261 1.34
262 1.612
263 0
264 1.673
265 1.529
266 -0.0572127
267 0.4865
268 -0.223476
269 1.192
270 3.6325
271 -0.084
272 0.0133067
273 -0.0508149
274 7.05861
275 0.2373
276 0.3834
277 0.3234
278 1.37577
279 0.98418
280 3.705
281 0
282 0.3684
283 0.7314
284 -5.68434e-14
285 0.3974
286 3.2198
287 1.556
288 1.052
289 0.6983
290 -2.84217e-14
291 1.17708
292 0.2733
293 0.1382
294 1.03
295 -0.0759657
296 1.631
297 5.245
298 1.975
299 1.104
300 0.558059
301 0.565
302 1.291
303 1.7089
304 0.7068
305 1.231
306 0.0976462
307 1.77636e-15
308 0
309 2.7432
310 0.2052
311 1.444
312 5.32907e-15
313 0
314 0.5746
315 1.185
316 -0.191635
317 0
318 0.1652
319 -0.0102422
320 7.10543e-15
321 0.6757
322 1.406
323 0.3324
324 1.509
325 0
326 0.7288
327 0.4532
328 2.584
329 0
330 -0.0561
331 2.321
332 -0.0624248
333 0.8399
334 1.3511
335 0.0760112
336 4.003
337 0
338 0.6958
339 -1.13687e-13
340 0
341 1.5257
342 3.439
343 0
344 0.5056
345 -0.0759114
346 1.15584
347 0.0419479
348 0
349 0.0119428
350 1.1
351 1.0889
352 1.925
353 -3.9968e-15
354 0
355 0.8269
356 6.32518
357 0
358 1.259
359 0.3444
360 0.6207
361 -0.0172723
362 0
363 1.087
364 0.6627
365 0.00378606
366 0.885
367 0.1471
368 0
369 0.4455
370 2.014
371 0.00157022
372 0.2633
373 3.825
374 0.3464
375 0.3194
376 -4.61853e-14
377 0
378 0
379 2.78432
380 0.5606
381 0
382 0
383 0.2983
384 0
385 1.9047
386 0.1622
387 0
388 0.3284
389 3.55271e-15
390 0.1241
391 0.63238
392 1.124
393 0
394 0.866
395 1.994
396 0.6757
397 0.3093
398 1.296
399 0.0640225
400 1.141
401 0
402 5.32907e-14
403 0.7178
404 0
405 3.4893
406 -0.0610711
407 1.73
408 0.5246
409 4.79
410 -1.77636e-15
411 0.3794
412 0
413 0
414 -6.66134e-16
415 -0.00681233
416 0.4085
417 1.452
418 0.3093
419 -1.42109e-14
420 1.967
421 0.1191
422 1.447
423 0
424 0
425 -0.0474397
426 1.77636e-15
427 0
428 -0.00647595
429 -0.0105456
430 0.7959
431 -0.00150219
432 0.0309743
433 0
434 -0.152569
435 0.3634
436 0.719684
437 1.22145
438 0.4255
439 0
440 -0.104092
441 0.2042
442 0
443 0
444 0.7739
445 1.569
446 0.6908
447 0
448 -6.75016e-14
449 0.2833
450 0.7177
451 0
452 0.7378
453 -0.0925194
454 0.7318
455 0.4195
456 0.9571
457 4.4956
458 0.0367
459 -0.2813
460 0.8319
461 0.6216
462 -0.1354
463 0.180141
464 -0.11752
465 1.77636e-14
466 0
467 0.5846
468 1.77636e-15
469 0
470 3.335
471 0.7398
472 -0.00821057
473 0.0461395
474 0
475 0.8892
476 1.0891
477 -0.0127846
478 0
479 -0.2814
480 0
481 0.798673
482 2.092
483 0.1171
484 0.0122902
485 0.2733
486 0.195573
487 0
488 -1.42109e-14
489 1.975
490 1.9211
491 0
492 2.487
493 2.101
494 0
495 1.773
496 0.2573
497 0.35941
498 0.7208
499 0
500 0.039
501 0.1402
502 0.032
503 0
504 0.0181155
505 1.202
506 1.012
507 0.7719
508 -0.121696
509 1.1464
510 8.88178e-16
511 1.9986
512 0.038835
513 0
514 0.7909
515 0.00755156
516 1.02582
517 -4.26326e-14
518 0.6367
519 0.3566
520 0.2092
521 0.00570597
522 0.0264251
523 0
524 0.7498
525 -0.0233929
526 -2.27374e-13
527 0
528 0
529 1.007
530 1.413
531 2.0888
532 1.709
533 0
534 0.887
535 0.3204
536 0
537 0.3964
538 1.145
539 0
540 1.034
541 0.9691
542 2.13163e-14
543 2.155
544 0.13054
545 0.423404
546 0.0690516
547 1.017
548 0.1961
549 -2.66454e-14
550 0.4455
551 0
552 2.912
553 -7.10543e-15
554 0.3073
555 1.32
556 -0.0490923
557 0
558 0.032949
559 0
560 1.1587
561 0.0191893
562 2.39524
563 0.5977
564 0.5156
565 1.5927
566 0.5286
567 0.6297
568 2.5377
569 0.1472
570 0.2563
571 2.031
572 3.55271e-15
573 0
574 2.071
575 0.00115985
576 1.2324
577 0
578 0.1622
579 1.517
580 0.0602185
581 0.8559
582 0.5556
583 0.3454
584 1.77636e-15
585 0.8539
586 -0.2813
587 0
588 -0.0289972
589 -2.13163e-14
590 0
591 0.2533
592 0.4014
593 4.57927
594 -8.88178e-16
595 -0.113095
596 0.3773
597 -3.55271e-15
598 0.2993
599 0
600 5.32907e-15
601 0.5676
602 0
603 0.092203
604 0.0338276
605 0.184358
606 -1.13687e-13
607 2.307
608 -1.06581e-14
609 1.03
610 -0.0243254
611 1.599
612 0
613 1.1251
614 0.9782
615 0
616 0
617 0
618 0.022
619 0
620 0.7438
621 1.49
622 1.1693
623 2.21
624 0.2933
625 0
626 1.0378
627 -1.06581e-14
628 0
629 0.929
630 0.3033
631 0.0311547
632 5.6797
633 0.6467
634 -0.0168478
635 2.4216
636 1.0478
637 0
638 8.66299
639 1.8491
640 0.1412
641 1.07
642 1.278
643 0.862
644 0.0851
645 0.7638
646 2.513
647 -0.0341597
648 1.32
649 0
650 0.199355
651 0.8419
652 0
653 0
654 0.3314
655 0
656 7.10543e-15
657 -3.55271e-15
658 0.8329
659 0.7749
660 3.025
661 5.68434e-14
662 0.2322
663 -0.0118292
664 1.251
665 0
666 0.55648
667 0.7899
668 1.425
669 1.58976
670 0.0259782
671 1.015
672 0.5566
673 0.993
674 1.385
675 1.8235
676 0.982
677 -0.0157467
678 0.00738315
679 -1.15463e-14
680 0.3334
681 0
682 0
683 0.0439914
684 0.2012
685 0.872
686 1.95399e-14
687 -0.344788
688 2.7772
689 0.3754
690 0.3143
691 0
692 0.866
693 0.0469667
694 -0.2813
695 1.858
696 1.525
697 0.2423
698 0.4255
699 -0.102249
700 0.2072
701 1.31
702 0.2803
703 0.8299
704 1.5505
705 -1.27898e-13
706 -0.246631
707 0
708 0.7749
709 1.794
710 0.4248
711 0
712 1.151
713 0.826718
714 1.635
715 0.1982
716 0.5554
717 -0.0766521
718 1.977
719 1.653
720 1.305
721 -0.00674785
722 0.4445
723 0.040352
724 1.6
725 -0.3873
726 -0.0762684
727 -5.68434e-14
728 2.0106
729 -0.2813
730 -8.88178e-16
731 0
732 -2.84217e-14
733 -2.59348e-13
734 -0.107504
735 8.88178e-16
736 0.893
737 1.052
738 0.4895
739 0
740 0.1942
741 0
742 1.48
743 0.7719
744 0.3634
745 0.2613
746 1.108
747 0.0595328
748 1.7118
749 -0.00525585
750 7.10543e-15
751 2.657
752 0
753 0
754 0
755 1.42109e-14
756 -2.84217e-14
757 0.8109
758 0.1301
759 0.0991
760 0.3914
761 0
762 0.0437144
763 0.1111
764 3.102
765 0
766 0.875
767 0
768 2.0065
769 -0.0127389
770 0.0901
771 0.0581
772 -0.0316684
773 -8.88178e-16
774 -0.0855519
775 1.907
776 0.2493
777 0.4715
778 0.7078
779 -1.77636e-15
780 0.8149
781 0
782 0
783 1.334
784 0.2613
785 3.11159
786 0.0833305
787 1.658
788 0.6507
789 2.35
790 0.906
791 0
792 0.4505
793 0
794 4.855
795 0
796 0.129993
797 0
798 0.6978
799 0.13184
800 0.0426433
801 1.701
802 0.9551
803 0.8189
804 0.921
805 0
806 0
807 0.4848
808 0.0243344
809 -0.0674878
810 0
811 3.55271e-15
812 1.19
813 1.305
814 0.1101
815 0.0628888
816 0.00610462
817 0.4255
818 0.0988276
819 0.939
820 1.24
821 1.027
822 0.371499
823 0.4615
824 1.097
825 1.954
826 5.77316e-14
827 0.0491
828 0.031
829 1.42109e-14
830 0.0249879
831 1.0189
832 0.933
833 -7.10543e-15
834 0.3304
835 0.7198
836 1.036
837 1.719
838 1.304
839 0.428383
840 -0.2821
841 0.6577
842 -0.0433825
843 1.664
844 0.7498
845 1.2516
846 0.5006
847 0.1491
848 0
849 3.122
850 0.5676
851 1.099
852 2.187
853 1.8395
854 0.0266388
855 0.8908
856 0.137368
857 0.1787
858 0.00867636
859 0.0196822
860 1.366
861 0.3093
862 0.8039
863 0.7078
864 -8.88178e-16
865 0.3994
866 0
867 0.1692
868 2.299
869 0
870 1.798
871 0
872 0
873 2.468
874 -2.84217e-14
875 0
876 0.00897104
877 0.91
878 0
879 0
880 0.1722
881 0
882 0.5526
883 0
884 0.073092
885 2.932
886 0.1752
887 0.6427
888 0.0410821
889 3.90799e-14
890 0.7018
891 1.5273
892 -0.0840502
893 1.595
894 -7.10543e-15
895 2.4162
896 0.6978
897 -1.77636e-15
898 0.3274
899 0
900 3.493
901 0.5696
902 0
903 1.3801
904 -3.55271e-15
905 -3.55271e-15
906 -0.0770216
907 1.066
908 0
909 0
910 1.77636e-15
911 -0.00985454
912 2.28297
913 0
914 -0.054059
915 1.77636e-15
916 0
917 2.13163e-14
918 0.997
919 -0.0123691
920 0.0450549
921 0.995
922 2.252
923 0
924 -1.77636e-15
925 -0.00725131
926 0.0407932
927 0.9659
928 1.248
929 0.5226
930 0.1412
931 1.951
932 1.428
933 0
934 1.8307
935 3.31963
936 1.412
937 1.613
938 -1.77636e-15
939 0
940 0
941 0.994
942 0
943 0
944 0
945 2.4409
946 0.0564623
947 1.225
948 0.7839
949 0.1402
950 1.81967
951 0.691955
952 0
953 -0.0127519
954 0.7188
955 2.0806
956 0.2404
957 0
958 1.42109e-14
959 0
960 1.06581e-14
961 0
962 4.121
963 1.635
964 1.03
965 0.9312
966 0.7859
967 0.443005
968 -0.0600427
969 -0.141802
970 2.2125
971 0
972 0.6067
973 0
974 0.91
975 0
976 -0.0482
977 0.1402
978 -0.0531063
979 0
980 2.319
981 0.0350637
982 -0.0113699
983 0.4925
984 0
985 17.6994
986 1.647
987 1.288
988 0.913
989 0.037
990 0.4765
991 -0.0101237
992 0
993 0.4895
994 0
995 4.308
996 0
997 0.7543
998 1.599
999 0.7648
1000 0.6767
1001 0.1021
1002 0.8319
1003 0
1004 0.0551
1005 0.2052
1006 0
1007 0.016033
1008 1.412
1009 0.3174
1010 0.4966
1011 0.882
1012 0
1013 1.12058
1014 -0.317785
1015 -0.0371434
1016 5.68434e-14
1017 0
1018 -0.139512
1019 1.538
1020 0.4114
1021 0
1022 7.10543e-15
1023 -0.3733
1024 0.6263
1025 1.341
1026 0
1027 0.6165
1028 3.86503
1029 -0.2603
1030 -0.0439688
1031 0.3794
1032 0
1033 0.4255
1034 0.1033
1035 3.09
1036 0
1037 0
1038 0
1039 0
1040 0
1041 0.0215554
1042 1.374
1043 2.4412
1044 3.55271e-15
1045 0
1046 0.6137
1047 0
1048 -0.0296433
1049 0.4635
1050 -0.00509921
1051 1.3584
1052 0.5816
1053 0.4775
1054 0.967914
1055 0
1056 0.4435
1057 0
1058 1.77636e-15
1059 -7.10543e-15
1060 -0.0946903
1061 1.3561
1062 1.768
1063 -0.338255
1064 0
1065 1.225
1066 -0.348559
1067 1.136
1068 1.245
1069 0
1070 1.7331
1071 0.1812
1072 0.5656
1073 5.32907e-15
1074 0
1075 0
1076 0.5256
1077 2.268
1078 0
1079 2.2098
1080 3.399
1081 1.2
1082 1.11
1083 2.5879
1084 1.429
1085 5.68434e-14
1086 0.4465
1087 -0.0186609
1088 1.4953
1089 -0.0467284
1090 0.3334
1091 2.22
1092 1.023
1093 0.0848
1094 -0.0662692
1095 0
1096 0
1097 -0.137186
1098 0
1099 0
1100 0.1862
1101 0
1102 1.44
1103 0
1104 0.0751
1105 3.79066
1106 0.8239
1107 -0.0383304
1108 0
1109 2.196
1110 0.5493
1111 -0.0399214
1112 -0.0191472
1113 0
1114 0
1115 0
1116 0
1117 0.3744
1118 1.69
1119 0.6167
1120 1.273
1121 -0.00562264
1122 0.00647857
1123 0
1124 0
1125 1.0567
1126 0
1127 0.6567
1128 0.1832
1129 1.213
1130 1.95267
1131 -0.131533
1132 1.07446
1133 0.4435
1134 -8.88178e-16
1135 -0.0684898
1136 0.0656943
1137 0.9797
1138 3.55271e-15
1139 0.00751911
1140 0.0726
1141 0.4085
1142 3.4642
1143 -0.0790732
1144 0
1145 -0.0759552
1146 1.369
1147 0
1148 7.10543e-15
1149 0.0501
1150 0
1151 0.3274
1152 0.7889
1153 1.42109e-14
1154 0.6878
1155 0
1156 0.3394
1157 0.3714
1158 2.84217e-14
1159 -0.1496
1160 0.6617
1161 -0.0180176
1162 -7.10543e-15
1163 0.3184
1164 5.21993
1165 0.7889
1166 2.02892
1167 2.236
1168 1.515
1169 1.53
1170 0
1171 0
1172 1.695
1173 0.0921
1174 -0.0880186
1175 -0.1928
1176 0
1177 -0.0101114
1178 0
1179 0.8499
1180 -0.2094
1181 0
1182 0.4755
1183 1.424
1184 1.625
1185 0.3694
1186 3.387
1187 1.77636e-15
1188 3.471
1189 0
1190 0.5606
1191 0.3844
1192 0.1792
1193 1.08991
1194 0.5056
1195 0
1196 2.379
1197 2.34
1198 1.12
1199 0.0455872
1200 0
1201 0.1191
1202 -0.0202867
1203 -1.42109e-14
1204 0
1205 0.6918
1206 0
1207 1.272
1208 0.6818
1209 0.879
1210 0
1211 0
1212 0
1213 2.84985
1214 -0.0292362
1215 0
1216 0
1217 -0.992514
1218 0
1219 0.8339
1220 0.5897
1221 1.961
1222 0.3904
1223 0.4044
1224 -0.011636
1225 1.127
1226 0.1422
1227 0
1228 0
1229 -0.0411953
1230 0.8239
1231 0
1232 2.66129
1233 0.184768
1234 1.2654
1235 0.7799
1236 0
1237 2.163
1238 0
1239 0.4075
1240 0
1241 0.3964
1242 3.808
1243 2.861
1244 -5.32907e-15
1245 2.162
1246 0.2142
1247 -0.0564649
1248 0
1249 0
1250 1.49
1251 0.4445
1252 2.3597
1253 0.384766
1254 0.3744
1255 0.936
1256 0.7268
1257 0.877
1258 0.0501
1259 0
1260 1.757
1261 0
1262 0
1263 1.36
1264 0
1265 2.771
1266 0.3143
1267 1.6249
1268 0.4455
1269 0.0551
1270 0.7498
1271 0.0954178
1272 0
1273 0.4265
1274 3.0504
1275 1.807
1276 1.019
1277 0
1278 0
1279 0.6627
1280 0.1161
1281 2.797
1282 -2.3323
1283 -2.84217e-14
1284 0.2283
1285 1.438
1286 -0.0130429
1287 0.14513
1288 2.036
1289 1.012
1290 4.0604
1291 0.916
1292 0
1293 1.137
1294 2.087
1295 0.197085
1296 4.103
1297 0.6918
1298 0.562122
1299 0.6331
1300 0
1301 2.852
1302 0
1303 0
1304 0.0342041
1305 0.0156977
1306 2.783
1307 0.031
1308 0.91
1309 0
1310 1.394
1311 -0.0056
1312 0.037
1313 0
1314 0.6397
1315 0.885
1316 -0.0437358
1317 0.4115
1318 1.1902
1319 0.884
1320 0.2563
1321 0.7078
1322 0.5546
1323 0.914
1324 1.5218
1325 0.7688
1326 0.6057
1327 -0.0132413
1328 0
1329 0
1330 0.2326
1331 0
1332 0
1333 -0.010023
1334 0
1335 0.5056
1336 2.4551
1337 0
1338 0
1339 0.5496
1340 0.0771
1341 0.6607
1342 0
1343 0.0243
1344 0.6697
1345 0.6257
1346 1.42109e-14
1347 6.32065
1348 0.0358362
1349 -0.00568468
1350 -0.0384776
1351 2.4208
1352 0
1353 0.4411
1354 -0.237796
1355 0.1226
1356 0.0859
1357 -0.0085
1358 -0.5574
1359 0.2175
1360 -4.94335
1361 0.0896
1362 -0.0173343
1363 0.1739
1364 1.1144
1365 0.2517
1366 0.835703
1367 -4.6004
1368 0.404349
1369 0.1218
1370 -0.0204
1371 0.059
1372 -5.98614
1373 -1.56169
1374 -0.2691
1375 -0.0242
1376 0.106
1377 0.1303
1378 -0.1248
1379 0.1036
1380 0.8306
1381 0.5249
1382 -0.0726
1383 0.1289
1384 -0.0115
1385 -0.656978
1386 0.1073
1387 0.007
1388 0.1137
1389 -5.30113
1390 0.357
1391 0.3615
1392 0.4759
1393 0.2058
1394 -8.2588
1395 0.3321
1396 0.0736
1397 0.4394
1398 0.0654
1399 0.0325
1400 5.72924
1401 -0.0245
1402 -0.2942
1403 -0.0758
1404 0.0123
1405 0.2784
1406 -0.0196
1407 -0.004
1408 0.1549
1409 0.1783
1410 -4.95337
1411 -0.0197
1412 0.0783
1413 -0.823305
1414 -0.0067
1415 0.1125
1416 0.3689
1417 -0.2014
1418 0.0563
1419 -0.0567
1420 0.1144
1421 0.1776
1422 0.6083
1423 -0.006
1424 -1.5372
1425 0.8971
1426 -5.18738
1427 0.1584
1428 0.3569
1429 5.27072
1430 1.8937
1431 -0.0283
1432 0.1297
1433 -0.1863
1434 -0.0785
1435 0.3388
1436 1.3635
1437 -0.0663
1438 0.1789
1439 -5.32554
1440 -5.62855
1441 2.98983
1442 -0.0022
1443 0.698621
1444 -0.0855
1445 -0.2548
1446 0.7165
1447 -0.091
1448 -0.0015
1449 0.1874
1450 -0.166272
1451 -0.0005
1452 -0.0071
1453 0.0739
1454 0.0986
1455 -1.41964
1456 -0.0946
1457 -0.4926
1458 0.1293
1459 -0.879305
1460 -1.2994
1461 -0.0328
1462 -0.0081
1463 -0.0478
1464 0.4333
1465 4.77731
1466 0.0099
1467 0.4974
1468 -0.0091
1469 0.0501
1470 -0.0379
1471 -0.001
1472 -0.0474
1473 -0.845722
1474 0.1446
1475 -0.0016
1476 -0.0205
1477 0.0081
1478 -0.011
1479 0.4833
1480 0.0129
1481 -0.0005
1482 -0.0141
1483 -0.1882
1484 0.0167
1485 -2.2026
1486 0.0901
1487 -0.023
1488 0.2301
1489 -0.2658
1490 0.1549
1491 -0.0249
1492 -0.0068
1493 5.06599
1494 0.2242
1495 -0.0493
1496 -0.0172
1497 0.1594
1498 -0.0117
1499 0.1711
1500 -5.1669
1501 -0.2723
1502 0.0255
1503 0.8852
1504 -0.0434
1505 -0.2011
1506 -0.0098
1507 -0.0059
1508 -0.583
1509 -0.590533
1510 0.1391
1511 0.2031
1512 0.0291
1513 -0.0214
1514 0.441
1515 -0.0237
1516 0.1395
1517 -0.003
1518 -0.0385
1519 -4.64458
1520 -0.0338
1521 -0.0042
1522 7.91447
1523 -0.50953
1524 0.1202
1525 0.548413
1526 2.22753
1527 -0.0184
1528 -3.05026
1529 0.149
1530 -1.6868
1531 -2.11965
1532 0.0614
1533 -0.0102
1534 -7.82916
1535 -0.2705
1536 -0.0496
1537 -0.0095
1538 0.2143
1539 -0.0648
1540 0.1985
1541 -0.0138
1542 -0.0324
1543 0.4429
1544 0.0973
1545 -0.0005
1546 -0.0269
1547 -7.71302
1548 0.1353
1549 0.0745
1550 0.1452
1551 1.5117
1552 -0.0575
1553 -0.0093
1554 0.2547
1555 0.0501
1556 1.1756
1557 -5.80759
1558 4.38141
1559 -0.0668
1560 -0.0186
1561 -0.0353
1562 -1.2129
1563 -0.0028
1564 -0.0977
1565 0.2135
1566 -0.445887
1567 4.62103
1568 -0.0005
1569 0.1698
1570 -0.2254
1571 -0.844672
1572 -0.0302
1573 -0.0086
1574 -0.0153
1575 -5.86695
1576 0.1706
1577 0.0084
1578 0.816944
1579 -0.0177
1580 -0.745975
1581 -0.0118
1582 -0.0268
1583 -0.4834
1584 -0.2254
1585 -0.0119
1586 -0.0436
1587 0.0684
1588 -0.0014
1589 0.357
1590 0.0448
1591 -3.73219
1592 0.1411
1593 -0.0998
1594 -0.0281
1595 0.0641
1596 0.0165
1597 -0.0014
1598 1.52384
1599 0.0056
1600 -0.3633
1601 0.1638
1602 -8.47672
1603 -5.23112
1604 -0.0602
1605 0.101
1606 5.78978
1607 -0.3832
1608 0.079
1609 -0.15124
1610 -3.54329
1611 -0.0763
1612 0.1407
1613 -0.1728
1614 0.0649
1615 -0.228146
1616 1.40223
1617 -0.0018
1618 0.2394
1619 -2.32711
1620 -0.0171
1621 -0.0045
1622 -0.0276
1623 -0.0577
1624 0.2511
1625 0.5412
1626 0.2775
1627 -0.0794
1628 -0.0293
1629 0.0616
1630 -0.0041
1631 0.2025
1632 0.0763
1633 -0.004
1634 0.2559
1635 0.0992
1636 -0.0328
1637 0.1707
1638 -4.6946
1639 1.98444
1640 5.47638
1641 0.0446
1642 -0.730179
1643 -0.0169
1644 0.1449
1645 -0.0621
1646 0.1353
1647 -0.0064
1648 0.0685
1649 -0.0118
1650 -4.66388
1651 -0.0021
1652 4.5906
1653 -0.0209
1654 0.2149
1655 5.25366
1656 -0.317435
1657 0.1606
1658 0.0192
1659 0.3613
1660 0.0696
1661 0.171
1662 0.6389
1663 0.0468
1664 0.0428
1665 0.6456
1666 -0.0172
1667 -0.0019
1668 0.4547
1669 -0.258527
1670 0.1721
1671 -0.0045
1672 0.067
1673 0.2111
1674 5.15023
1675 -1.2207
1676 0.2541
1677 0.0355
1678 -0.0372
1679 0.1395
1680 -0.0091
1681 -0.0039
1682 -2.45222
1683 -0.1217
1684 -0.0039
1685 0.1015
1686 0.0798
1687 4.19671
1688 -0.0476
1689 -0.251146
1690 0.1375
1691 -0.0421
1692 -0.0046
1693 -0.0022
1694 -0.032
1695 0.1222
1696 -0.0287
1697 5.49078
1698 2.39524
1699 -0.931679
1700 -0.9238
1701 0.1474
1702 -1.3729
1703 0.2582
1704 -1.82817
1705 0.4521
1706 -0.0019
1707 0.1488
1708 0.1392
1709 -0.0042
1710 -0.0168
1711 -0.039
1712 0.0043
1713 -0.0137
1714 0.027
1715 -0.0409
1716 0.3025
1717 1.3845
1718 -0.0096
1719 0
1720 0.184579
1721 -0.0427
1722 -0.0283
1723 0.2248
1724 0.1017
1725 1.78078
1726 1.2964
1727 0.2304
1728 -1.25775
1729 0.6085
1730 0.1475
1731 -0.0003
1732 1.06855
1733 0.2445
1734 0.0628
1735 0.3316
1736 0.0586
1737 0.1447
1738 0.0224
1739 0.2156
1740 0.3713
1741 -0.671786
1742 0.2234
1743 -0.0118
1744 -2.41691
1745 0.111
1746 -0.0144
1747 -0.0013
1748 0.0709
1749 -0.0091
1750 -0.0227
1751 -0.0456
1752 0.2287
1753 0.2135
1754 0.5623
1755 -0.1731
1756 0.0564
1757 -0.703867
1758 0.3796
1759 -0.1013
1760 7.27617
1761 0.1423
1762 0.1936
1763 2.71629
1764 2.43784
1765 -0.2677
1766 0.0317
1767 0.2142
1768 0.1404
1769 0.841186
1770 0.0818
1771 -0.871417
1772 -0.240292
1773 -0.0247
1774 0.1244
1775 -0.0049
1776 -0.0334
1777 3.28402
1778 0.0671
1779 0.2584
1780 -0.0251
1781 2.38985
1782 0.0377
1783 0.1808
1784 0.0328
1785 -0.0023
1786 0.1356
1787 2.47947
1788 -0.0092
1789 0.2807
1790 -0.1021
1791 0.025
1792 0.0032
1793 -0.0474716
1794 -0.0164
1795 -1.1915
1796 0.0018
1797 0.2567
1798 0.3329
1799 -0.124
1800 4.80461
1801 -0.0043
1802 0.172
1803 0.5766
1804 0.0999
1805 -0.1303
1806 0.0873
1807 -0.752207
1808 0.4373
1809 0.1085
1810 0.0878
1811 -5.54414
1812 0.5407
1813 -0.2092
1814 0.243
1815 -0.418427
1816 0.0867
1817 1.78573
1818 0.6901
1819 -1.1255
1820 -6.92119
1821 -0.0226
1822 0.1659
1823 -0.0091
1824 -0.0477
1825 -0.0436
1826 -0.982
1827 -0.1973
1828 -0.30912
1829 -0.3995
1830 0.2212
1831 0.2395
1832 0.096
1833 -0.0118
1834 0.092
1835 -0.0084
1836 0.1666
1837 0.203
1838 0.0773
1839 0.0733
1840 0.137
1841 3.65559
1842 0.2849
1843 -0.337868
1844 -0.0642
1845 1.1165
1846 -0.0118
1847 -0.0089
1848 -0.0271
1849 -0.0208
1850 -0.0123
1851 0.101
1852 0.0021
1853 0.008
1854 -0.0398
1855 -0.0009
1856 4.02975
1857 0.033
1858 -0.0401
1859 -0.012
1860 0.1378
1861 -0.0506
1862 0.21
1863 0.420718
1864 0.0426
1865 0.0128
1866 -2.71528
1867 -0.0895
1868 -7.65113
1869 0.3143
1870 0.0951
1871 0.1029
1872 0.117
1873 -0.114
1874 0.2474
1875 -0.0227
1876 -0.003
1877 0.1853
1878 0.01
1879 -0.383
1880 5.40753
1881 0.3785
1882 0.1363
1883 0.4443
1884 0.0781
1885 -0.0102
1886 -0.3173
1887 -0.0005
1888 -0.983
1889 -0.008
1890 7.88359
1891 -0.01
1892 0.1076
1893 -0.0188171
1894 2.28108
1895 -0.1527
1896 0.086
1897 0.148
1898 0.2636
1899 -0.0094
1900 -0.0612
1901 -0.0144
1902 0.239931
1903 -5.48162
1904 -0.003
1905 -1.242
1906 0.2095
1907 0.2343
1908 -0.0408
1909 5.45837
1910 -0.117081
1911 0.164
1912 7.36506
1913 -0.0406
1914 0.2867
1915 -0.3025
1916 -0.831441
1917 0.0104
1918 -0.1597
1919 0.6825
1920 -0.1611
1921 -0.0255
1922 -0.0124
1923 -0.0238
1924 2.2013
1925 0.2061
1926 0.217
1927 -0.0149
1928 0.0967
1929 0.199
1930 0.0478
1931 0.3487
1932 0.3911
1933 -2.686
1934 -0.0605
1935 0.2681
1936 -3.17505
1937 0.4917
1938 0.1333
1939 0.2651
1940 -0.0166
1941 -0.4339
1942 -0.003
1943 -0.206
1944 0.3073
1945 0.2988
1946 -0.581
1947 -0.1221
1948 0.0851823
1949 0.2222
1950 -0.0433132
1951 -0.088
1952 0.0576289
1953 1.54121
1954 0.2695
1955 0.0135
1956 0.1045
1957 0.2651
1958 -0.0934
1959 0.1053
1960 -0.0784
1961 -0.0057
1962 0.4054
1963 -0.0819
1964 -0.0716
1965 -0.0018
1966 -0.002
1967 0.2029
1968 -0.0089
1969 -0.1404
1970 -0.250059
1971 0.3053
1972 -0.0018
1973 -0.074
1974 0.0411
1975 -0.0306
1976 0.0332
1977 -0.013
1978 6.3219
1979 0.6104
1980 0.0281
1981 0.1707
1982 4.50572
1983 -0.0328
1984 0.1591
1985 -0.6305
1986 -7.6566
1987 0.397
1988 -0.0943
1989 0.5196
1990 0.2082
1991 -0.0557
1992 0.0223
1993 -0.0396
1994 1.4376
1995 -0.2454
1996 -0.0092
1997 0.2611
1998 -0.0527
1999 -0.0909
2000 5.18318
2001 -0.229
2002 -0.1802
2003 -0.0058
2004 -0.0198
2005 -0.802878
2006 -3.85616
2007 -0.0036
2008 -3.43573
2009 -0.0359
2010 -0.0101
2011 -0.0294
2012 0.0394
2013 -0.719745
2014 0.885818
2015 -0.1835
2016 0.2321
2017 -0.0053
2018 -0.1152
2019 -0.492184
2020 1.69744
2021 0.0476
2022 0.3104
2023 0.1696
2024 0.0376
2025 -0.2709
2026 0.1353
2027 -0.0059
2028 0.4188
2029 -5.13219
2030 0.3785
2031 0.0566
2032 -0.0813
2033 -0.0428
2034 -0.0181
2035 0.0061
2036 -0.0035
2037 -0.0138
2038 -0.0035
2039 0.4296
2040 3.92922
2041 0.3806
2042 0.2023
2043 0.022
2044 -2.62415
2045 -3.48983
2046 -0.0398
2047 -0.93034
2048 0.1207
2049 0.3305
2050 -0.0234
2051 -0.0453
2052 -0.0275
2053 -0.0135
2054 -0.0222
2055 -0.0053
2056 0.7157
2057 0.3101
2058 0.3907
2059 0.0481
2060 0.1413
2061 -0.728101
2062 -5.11764
2063 -0.00980019
2064 0.6433
2065 -0.0315
2066 0.3289
2067 -0.0496
2068 0.1783
2069 -0.0314
2070 -2.2573
2071 0.0326
2072 1.3925
2073 -0.0022
2074 0.2724
2075 2.09573
2076 -0.952271
2077 0.0472
2078 -0.0631
2079 -4.1654
2080 0.4083
2081 0.0256
2082 0.1505
2083 -0.0185
2084 0.1677
2085 -0.483822
2086 -0.0005
2087 0.1086
2088 -0.0826
2089 0.9626
2090 -0.0035
2091 0.0258
2092 0.4375
2093 0.1439
2094 0.127
2095 -0.008
2096 -0.056
2097 -0.0603
2098 0.0018
2099 0.1313
2100 -0.0993
2101 -0.622862
2102 0.3243
2103 0.1651
2104 0.101
2105 0.1779
2106 -0.023
2107 -5.61241
2108 4.25481
2109 -2.62731
2110 -0.0894
2111 -0.0405
2112 -10.7561
2113 -0.6433
2114 0.1129
2115 -0.0306
2116 -0.1067
2117 -1.5706
2118 0.1427
2119 0.1107
2120 -0.0031
2121 0.0676
2122 -0.944849
2123 -0.0094
2124 -2.97236
2125 -0.0439
2126 -0.0984
2127 0.1124
2128 -0.0135
2129 0.7081
2130 -0.003
2131 -0.0158
2132 -0.0218
2133 -0.004
2134 -0.0974
2135 4.115
2136 0.1664
2137 0.8774
2138 -0.0657
2139 -0.0546
2140 0.2298
2141 -0.0218
2142 -1.81905
2143 -0.091
2144 -0.380797
2145 0.114
2146 0.1026
2147 0.1095
2148 -0.706228
2149 -0.0104
2150 0.1605
2151 0
2152 -0.0136
2153 -0.0313
2154 1.64327
2155 0.2493
2156 0.1116
2157 2.2782
2158 -0.0301
2159 -0.0715
2160 -0.894289
2161 0.4279
2162 1.0087
2163 -0.1046
2164 -5.88759
2165 0.0897
2166 0.1511
2167 -0.0191
2168 -0.0454
2169 -0.003
2170 0.0993
2171 0.5004
2172 -0.0019
2173 0.8984
2174 0.4159
2175 0.0399
2176 0.3439
2177 0.3354
2178 0.0162
2179 -0.0036
2180 -0.1137
2181 -1.6352
2182 0.26
2183 -4.64215
2184 0.0462
2185 0.9034
2186 0.1716
2187 -0.0219
2188 -6.16508
2189 -0.0248
2190 -0.029
2191 2.09776
2192 -0.0926
2193 -0.0245
2194 0.041
2195 -0.05
2196 0.2812
2197 -0.0005
2198 0.031
2199 0.827212
2200 -0.0015
2201 -2.70977
2202 -0.0212
2203 0.1851
2204 0.0975
2205 -2.65519
2206 -1.18391
2207 -0.0132
2208 -0.0009
2209 -0.0041
2210 -0.0298
2211 -0.0067
2212 0.6557
2213 0.1625
2214 0.1968
2215 -0.529457
2216 -0.449822
2217 -0.0181
2218 -0.0063
2219 -0.1749
2220 -0.0568
2221 0.2326
2222 -0.0202
2223 0.1831
2224 -1.488
2225 4.83574
2226 -4.42605
2227 0.0208
2228 -0.0429
2229 -8.11638
2230 4.92657
2231 0.2678
2232 -0.0211
2233 0.110493
2234 5.24772
2235 0.1362
2236 0.4549
2237 -7.19923
2238 -0.005
2239 -5.47331
2240 0.0835
2241 -0.0017
2242 -0.0344
2243 -0.0188
2244 -0.0213
2245 0.0872
2246 0.4556
2247 -0.0186
2248 0.0048
2249 -0.001
2250 0.114
2251 0.0037
2252 -0.9648
2253 -0.0474
2254 0.1328
2255 -1.64186
2256 -0.0203
2257 0.0397
2258 -0.558219
2259 0.24
2260 -2.64135
2261 0.3335
2262 0.029
2263 -0.0735
2264 -0.0133
2265 -0.0209
2266 0.2466
2267 0.0077
2268 3.83578
2269 0.283
2270 -0.0155
2271 -0.801952
2272 -0.0974
2273 0.1528
2274 -0.1815
2275 -0.0799
2276 0.1748
2277 0.1758
2278 0.2991
2279 0.1048
2280 0.4114
2281 -0.0778
2282 -0.0115
2283 -0.0097
2284 0.146
2285 0.0144
2286 0.0496
2287 -1.83992
2288 0.0008
2289 -0.0597
2290 0.6338
2291 -0.3793
2292 -0.1834
2293 5.47845
2294 -0.0027
2295 -0.0354
2296 -1.07864
2297 -1.2213
2298 -0.0422
2299 0.0583
2300 -0.0954
2301 0.406
2302 0.1275
2303 0.2809
2304 -0.081
2305 -0.1423
2306 -0.0242
2307 -4.55863
2308 -1.41156
2309 -0.0032
2310 -0.1138
2311 -0.450852
2312 -0.3958
2313 0.0007
2314 0.1005
2315 0.2824
2316 0.0988
2317 0.1965
2318 -0.924801
2319 0.1326
2320 0.0592
2321 -0.0014
2322 -0.0246
2323 -2.81974
2324 0.0103
2325 -0.0005
2326 -0.37547
2327 15.9067
2328 0.1655
2329 0.1626
2330 -0.0123
2331 -0.0934
2332 -0.0405
2333 0.0989
2334 -0.1438
2335 0.078
2336 0.5569
2337 0.8041
2338 -0.0197
2339 0.7256
2340 -0.1705
2341 -5.04973
2342 -0.0246
2343 -0.0301
2344 0.9053
2345 -0.1015
2346 0.2737
2347 -0.0915291
2348 0.0123
2349 -0.7701
2350 0.2118
2351 -0.2158
2352 0.0103
2353 -0.0111
2354 0.5607
2355 -0.0455
2356 -0.0043
2357 0.3003
2358 -0.0426
2359 0.1597
2360 0.0899
2361 0.3973
2362 0.069
2363 0.0121
2364 -0.0246
2365 5.80204
2366 -0.0229
2367 0.182
2368 0.5973
2369 0.6934
2370 0.1577
2371 -0.039
2372 -0.0213
2373 0.0636
2374 0.0139
2375 0.0083
2376 -1.7795
2377 -0.1169
2378 0.0429
2379 0.4319
2380 -0.803654
2381 -5.33681
2382 0.0435
2383 -0.0341
2384 0.6016
2385 0.1615
2386 -0.0152
2387 0.0675
2388 0.5955
2389 -0.715996
2390 0.7835
2391 0.2251
2392 -0.813638
2393 -0.1516
2394 -0.0187
2395 0.3536
2396 -0.0103
2397 -0.0147
2398 2.74472
2399 0.445758
2400 0.077
2401 0.0151
2402 0.0977
2403 -0.0113
2404 0.1499
2405 -1.0821
2406 0.0015
2407 -0.1104
2408 0.1263
2409 0.2227
2410 -3.55277
2411 0.0789
2412 -0.1091
2413 0.123
2414 0.0598
2415 0.115
2416 0.1498
2417 0.1321
2418 0.1972
2419 0.0979
2420 0.1744
2421 -0.886879
2422 -0.02
2423 -0.0059
2424 -0.0628
2425 -0.0365
2426 -0.0031
2427 -0.657317
2428 -0.0124
2429 0.0851
2430 -0.1508
2431 -0.0662
2432 -0.0501
2433 0.035
2434 -0.0453
2435 0.1003
2436 -0.0128
2437 0.0125
2438 0.001
2439 -1.1614
2440 -0.0234
2441 2.29898
2442 2.5123
2443 -0.446149
2444 -0.673508
2445 0.5438
2446 -0.0036
