type vector
size 2447
values
0 3.28364e-05
1 2.31565e-06
2 0.000252971
3 -6.08099e-07
4 -0.00108668
5 -9.86717e-06
6 1.05751e-05
7 -1.80987e-05
8 0.0132544
9 0.000118205
10 -1.293e-06
11 0.000127657
12 0.00209853
13 5.33744e-06
14 0.000185028
15 0.0042092
16 0.00219435
17 5.26987e-07
18 -8.08263e-07
19 -3.64389e-05
20 7.8988e-05
21 -9.71571e-06
22 -5.59345e-07
23 0.00159486
24 -0.000390663
25 0.029238
26 0.000762307
27 -6.99072e-06
28 3.17371e-05
29 3.64311e-05
30 9.84078e-08
31 1.66447e-05
32 0.000385198
33 5.25748e-05
34 -9.15638e-07
35 0.0002493
36 8.83937e-06
37 7.19106e-05
38 -5.38931e-06
39 1.54077e-05
40 -2.9907e-06
41 0.000188412
42 3.42812e-05
43 3.24145e-05
44 -9.04997e-06
45 -0.00540015
46 -0.000486415
47 0.000193949
48 -9.55196e-06
49 0.000387267
50 2.25019e-05
51 -2.35561e-06
52 1.07493e-06
53 2.4483e-05
54 -0.000189292
55 0.000340248
56 -0.00799426
57 0.00397552
58 1.04187e-07
59 0.000236052
60 7.55723e-05
61 0.00542688
62 0.000399961
63 0.000101353
64 -4.36128e-05
65 7.39949e-08
66 2.32411e-05
67 3.83346e-05
68 -5.17563e-07
69 1.3006e-06
70 -8.88037e-05
71 0.000434369
72 -5.21145e-06
73 -7.59186e-05
74 0.000575454
75 7.38365e-06
76 -0.000283356
77 1.43936e-07
78 -4.64663e-06
79 2.23227e-06
80 -1.98987e-06
81 8.39012e-06
82 -1.15072e-05
83 -5.87504e-07
84 -4.25061e-07
85 0.000313169
86 -5.06186e-05
87 2.99614e-05
88 -5.68585e-07
89 0.00012495
90 -1.09003e-06
91 -7.75656e-07
92 0.0022183
93 0.000173643
94 0.000183181
95 1.74148e-05
96 0.000161928
97 -0.00437748
98 5.33114e-07
99 -1.0844e-05
100 0.000522225
101 4.74329e-06
102 9.8884e-05
103 2.06862e-05
104 -0.00598432
105 2.72385e-06
106 2.57605e-05
107 3.11365e-05
108 0.00126085
109 2.07571e-05
110 1.01137e-06
111 1.91554e-05
112 -0.000146274
113 5.06914e-05
114 -1.43957e-05
115 0.000100104
116 0.000343506
117 -1.01956e-06
118 -4.41148e-06
119 0.000289578
120 8.49881e-06
121 9.46538e-06
122 7.70864e-06
123 0.00321846
124 -1.39681e-05
125 -1.48248e-05
126 0.000525063
127 9.50042e-06
128 1.72994e-05
129 -1.81066e-07
130 7.53709e-05
131 0.00475295
132 1.0001e-05
133 1.76283e-06
134 6.9678e-06
135 2.25181e-05
136 -0.00183239
137 -1.57093e-06
138 2.89528e-06
139 4.33056e-06
140 -1.84757e-07
141 -0.000505281
142 0.000123721
143 6.23159e-06
144 8.48082e-06
145 8.05651e-06
146 0.00179104
147 -2.47036e-05
148 -4.67379e-07
149 0.000919676
150 -0.000256801
151 -1.14192e-05
152 -8.48045e-05
153 7.76354e-05
154 0.000267567
155 0.000261771
156 0.000563306
157 -0.000111325
158 0.00122604
159 8.69361e-06
160 -0.000484267
161 0.000762493
162 2.57253e-06
163 -3.99777e-07
164 -6.29632e-06
165 0.00362503
166 1.08363e-06
167 6.85709e-05
168 -0.000981218
169 0.000317935
170 0.000107071
171 8.11287e-07
172 -1.02766e-05
173 -0.000226922
174 0.0004384
175 -3.8683e-05
176 0.000925337
177 -1.06562e-08
178 1.97542e-07
179 0.00132716
180 -9.89635e-09
181 9.06887e-06
182 -0.000111183
183 0.000273099
184 -0.000283488
185 0.000403801
186 3.77028e-06
187 1.02369e-05
188 0.00215614
189 -1.45243e-05
190 1.38285e-06
191 4.21693e-07
192 -2.95073e-07
193 -1.98864e-06
194 9.27463e-06
195 0.000210171
196 -0.0136021
197 7.8734e-05
198 -9.03276e-06
199 -3.10269e-07
200 8.00331e-05
201 4.65748e-06
202 2.75721e-05
203 0.00303046
204 1.47868e-07
205 8.71556e-06
206 0.000405645
207 1.83641e-06
208 -0.00330327
209 -0.0132465
210 0.000124433
211 0.0359247
212 0.0145977
213 -1.13013e-05
214 -0.000181835
215 -3.48298e-06
216 0.00191156
217 4.15608e-06
218 8.81963e-06
219 -1.16179e-05
220 -0.000585114
221 7.50374e-06
222 2.19513e-05
223 0.000308822
224 5.11112e-06
225 -0.0185547
226 9.10426e-08
227 -0.00820701
228 4.01112e-07
229 -0.00110881
230 -5.05104e-07
231 -0.00173596
232 -2.51296e-06
233 0.00012037
234 -0.00246878
235 -7.41031e-05
236 1.93553e-05
237 4.64734e-05
238 9.63212e-06
239 0.00188009
240 0.000871722
241 3.00801e-05
242 -4.73814e-07
243 0.00014798
244 3.06851e-06
245 3.83747e-05
246 -9.82895e-08
247 2.35249e-05
248 1.50476e-05
249 9.10257e-05
250 6.66534e-06
251 9.96009e-06
252 0.000742621
253 5.04527e-05
254 0.000106588
255 0.000179811
256 5.01131e-05
257 0.000503132
258 2.68818e-05
259 2.21526e-05
260 0.000793688
261 -0.00193782
262 -0.00106349
263 -3.10631e-06
264 0.00504854
265 -0.000668044
266 0.0233031
267 -1.64203e-06
268 3.13773e-07
269 -0.0001052
270 -0.000128957
271 -0.000148143
272 0.000267909
273 0.0284564
274 0.00056947
275 5.94708e-05
276 -4.33893e-07
277 2.47834e-06
278 -0.000242554
279 -0.000265471
280 -0.001873
281 6.78144e-06
282 0.00012537
283 2.16757e-05
284 -0.00097995
285 0.00022935
286 0.000166636
287 1.02989e-06
288 -0.000307173
289 -0.000165084
290 -0.00167022
291 -8.58664e-05
292 5.23769e-05
293 -6.22891e-05
294 0.00196267
295 0.0128155
296 0.000563166
297 0.0362442
298 -0.000428883
299 -5.57733e-05
300 0.139732
301 2.87204e-05
302 -7.75102e-06
303 -0.000355258
304 -6.51861e-07
305 2.99337e-05
306 -0.0206792
307 -0.000112139
308 0.00722874
309 -0.023694
310 4.86394e-07
311 -0.00021011
312 6.39394e-06
313 -3.17278e-07
314 2.10852e-05
315 0.000165072
316 0.00257999
317 -3.20649e-06
318 0.000245698
319 3.99901e-06
320 -6.64488e-05
321 0.000166079
322 0.000488768
323 0.000197533
324 -0.000422391
325 -0.000131307
326 -0.00231318
327 2.20419e-07
328 0.00324626
329 6.27474e-06
330 0.000699242
331 4.50826e-05
332 0.00095552
333 -3.90696e-05
334 2.75615e-05
335 0.0142151
336 -0.00125673
337 6.70192e-07
338 -0.00605516
339 -2.14857e-05
340 -3.90686e-05
341 0.000268016
342 0.000242811
343 -0.000254173
344 -3.21392e-05
345 -0.000935933
346 0.00338884
347 -0.00020021
348 -5.69784e-07
349 3.43319e-05
350 -1.4723e-05
351 1.61502e-05
352 0.000344242
353 -0.00797877
354 3.91877e-07
355 -0.00574313
356 0.000146957
357 2.15807e-06
358 6.79148e-08
359 -0.000195975
360 5.88811e-06
361 0.000910297
362 -0.000126694
363 0.00209498
364 -0.000114747
365 0.00138175
366 -0.0210565
367 -0.00113158
368 -1.34899e-07
369 1.00568e-05
370 0.000722046
371 0.0181639
372 -7.70608e-06
373 0.0153646
374 5.5802e-06
375 -4.75461e-07
376 1.19847e-06
377 7.03488e-06
378 1.99346e-05
379 0.00462727
380 0.00109245
381 2.87286e-07
382 7.09193e-08
383 -0.00293247
384 1.00036e-06
385 0.00559249
386 -0.000139312
387 3.69568e-06
388 -1.75131e-05
389 0.000249659
390 5.65115e-06
391 0.00408134
392 0.00535429
393 0.00384323
394 4.61564e-05
395 0.000382359
396 -9.77981e-05
397 6.25015e-05
398 -0.00393594
399 0.000142944
400 -0.00193341
401 5.00524e-06
402 7.60777e-05
403 -1.61799e-05
404 -1.17931e-06
405 0.000266762
406 0.0114626
407 0.001946
408 -0.000180396
409 0.00155778
410 0.000386053
411 -0.00167125
412 2.9947e-06
413 -4.59785e-07
414 0.00237137
415 0.00814272
416 -0.000385641
417 -0.00169903
418 -0.00344254
419 7.19308e-06
420 0.000101176
421 -0.000523595
422 -3.36575e-05
423 -1.44848e-06
424 -2.17295e-05
425 0.0174808
426 -1.22971e-06
427 1.40033e-06
428 0.0200227
429 0.0183286
430 -4.1628e-05
431 -0.000143529
432 -0.0150659
433 -2.52994e-06
434 0.000715365
435 4.1969e-06
436 -0.00313458
437 -0.000243071
438 -0.00109799
439 3.04651e-06
440 0.0270184
441 -0.00422606
442 -7.74236e-06
443 -3.1407e-05
444 -0.00171627
445 -0.00184195
446 -0.0016414
447 -1.93092e-07
448 -2.80449e-05
449 -2.03879e-06
450 0.000425409
451 -3.00037e-05
452 0.000139152
453 0.00745233
454 -0.0006405
455 -0.000247588
456 -0.00263259
457 -0.000425547
458 -1.61795e-05
459 4.97395e-06
460 -0.0005318
461 1.31041e-06
462 -0.00867496
463 0.00500917
464 0.00371553
465 -0.000706301
466 -1.85801e-05
467 -6.20251e-05
468 -0.0227134
469 -8.40067e-06
470 0.00629461
471 -0.00073381
472 0.000191431
473 0.00293455
474 -6.79539e-06
475 0.000342468
476 0.000597954
477 0.00639051
478 0.000481975
479 -3.50884e-06
480 1.35065e-06
481 0.000832779
482 -0.000685888
483 -5.86806e-05
484 0.000260722
485 -0.00070975
486 -0.000224062
487 7.35394e-07
488 -3.06352e-06
489 -0.00787926
490 -0.00700366
491 -1.73002e-07
492 0.00238473
493 -0.0248474
494 -5.47454e-06
495 -0.000403407
496 1.50258e-05
497 0.00405986
498 -0.000198643
499 -2.20241e-06
500 9.82655e-05
501 -1.11581e-05
502 1.27619e-05
503 -1.77042e-07
504 -1.4995e-06
505 1.63371e-05
506 -0.000266017
507 -3.10005e-05
508 0.00373611
509 0.00568567
510 -0.000550687
511 -0.0065966
512 0.000878657
513 -0.00333683
514 -1.75754e-05
515 0.00113147
516 -0.000412995
517 0.000571447
518 4.00038e-05
519 0.00161073
520 -2.63039e-06
521 -0.0115483
522 0.00213296
523 2.1624e-07
524 9.7029e-06
525 0.000146562
526 -9.13688e-06
527 -8.27553e-08
528 -2.9004e-08
529 6.25579e-07
530 -0.0144495
531 1.26028e-05
532 -9.19199e-05
533 -0.00067113
534 -0.000114273
535 -0.000467284
536 -1.05228e-06
537 -1.9093e-07
538 -0.00397648
539 -4.55239e-06
540 0.0031318
541 -0.000264547
542 -0.000124724
543 -0.00433572
544 0.0126803
545 -0.0241278
546 0.0394941
547 -0.000114654
548 -0.000232365
549 -0.000161214
550 -2.0215e-05
551 0.00035351
552 0.00176399
553 9.19715e-07
554 -3.73375e-05
555 -0.000727146
556 0.0107055
557 -1.84065e-07
558 0.000287912
559 -7.22504e-06
560 0.000525851
561 0.00322141
562 -0.0318873
563 4.09648e-05
564 -9.29155e-07
565 -0.000208612
566 0.000413583
567 2.69561e-05
568 -0.000207331
569 7.43285e-06
570 -0.000192099
571 -0.00655581
572 -0.000261746
573 -1.40033e-05
574 -0.000516611
575 0.00123337
576 -0.000305412
577 -1.65732e-06
578 -3.84635e-05
579 -0.00407539
580 -9.08354e-05
581 -0.0228571
582 1.11662e-06
583 -5.21529e-06
584 1.30838e-05
585 -0.000198313
586 1.08754e-05
587 -4.6999e-06
588 0.00950498
589 5.69837e-06
590 1.22414e-06
591 -1.86622e-05
592 3.48915e-07
593 0.00148238
594 -0.000248725
595 0.000773026
596 3.23337e-07
597 -7.5191e-06
598 -1.48636e-05
599 7.05643e-07
600 6.03811e-05
601 2.34049e-05
602 -1.06795e-06
603 -0.107312
604 -0.00613791
605 1.83414e-05
606 -0.0124708
607 0.00661736
608 -0.0001741
609 -0.00150902
610 0.000251216
611 3.11573e-05
612 -1.40665e-06
613 -6.11082e-05
614 -0.000116276
615 7.61805e-06
616 -2.11959e-05
617 -1.23048e-05
618 -3.81133e-07
619 0.000329378
620 -0.000158007
621 -0.0139382
622 -0.00364651
623 -1.00866e-05
624 -0.000654988
625 -2.80195e-07
626 0.000110864
627 -0.000406042
628 5.15148e-06
629 -3.71191e-06
630 1.17667e-05
631 -0.00863913
632 0.00362499
633 0.000477476
634 1.20159e-06
635 0.000228471
636 -9.4226e-05
637 -3.91779e-05
638 0.124042
639 0.000408964
640 -1.99353e-05
641 6.55106e-05
642 -0.000776347
643 -1.81998e-05
644 4.13442e-05
645 -0.00026009
646 -0.00120138
647 0.00710077
648 -0.000265039
649 3.48196e-06
650 -0.000191763
651 2.89303e-05
652 -1.5139e-05
653 1.27227e-05
654 0.000239316
655 -1.08071e-05
656 -0.000615479
657 2.23736e-06
658 1.92807e-06
659 0.000491054
660 -0.00591726
661 -7.98874e-05
662 -1.19889e-05
663 4.80993e-07
664 4.68958e-06
665 -0.00134115
666 -8.83744e-05
667 5.24949e-07
668 -0.000362469
669 -0.00316315
670 0.00348797
671 0.00122488
672 -0.000137119
673 -0.000902481
674 0.000614668
675 0.011343
676 0.000493957
677 0.00097589
678 0.00112108
679 5.18967e-05
680 -0.000132421
681 -4.70871e-06
682 -0.000853869
683 0.0232337
684 -3.02258e-05
685 0.00228064
686 1.32156e-05
687 0.00280962
688 -0.0035897
689 -6.32837e-08
690 0.000552499
691 5.66259e-06
692 -0.000602795
693 0.0108859
694 7.02024e-06
695 0.00317712
696 0.0256078
697 -1.23376e-05
698 -2.77809e-05
699 0.0158977
700 -0.00542337
701 -0.011983
702 -0.000188485
703 -8.35069e-05
704 0.000338079
705 -4.79795e-06
706 -0.0395756
707 -9.52721e-06
708 7.44039e-05
709 -0.00556665
710 -7.3475e-07
711 -2.90694e-05
712 9.43393e-05
713 -0.00382469
714 0.000524434
715 3.35147e-05
716 0.000118237
717 0.00559022
718 0.00312263
719 0.0279907
720 4.9641e-05
721 -5.43208e-05
722 -0.000904761
723 -0.0210883
724 -0.000103316
725 -0.00105468
726 0.00646253
727 -9.81753e-06
728 -0.000677561
729 4.67654e-06
730 -2.26659e-06
731 -6.52598e-05
732 -0.00537605
733 -4.88861e-05
734 8.84008e-05
735 -0.00358831
736 7.69658e-06
737 3.25599e-05
738 1.90319e-05
739 -1.05844e-05
740 0.000788321
741 5.95353e-07
742 0.00100577
743 -0.00113748
744 -3.08611e-05
745 -5.71619e-05
746 -0.000153911
747 0.00258669
748 -0.002829
749 1.42638e-05
750 1.82509e-05
751 0.0028775
752 -1.57045e-05
753 1.05081e-05
754 6.4768e-06
755 0.000121751
756 2.81275e-06
757 -0.00121845
758 8.09162e-05
759 -0.00038196
760 -1.95607e-05
761 -9.43441e-06
762 -0.00887491
763 -3.39833e-07
764 -0.00225853
765 -7.77703e-05
766 -0.00229985
767 -4.85469e-07
768 0.00293194
769 0.00215351
770 -6.77485e-07
771 -6.2783e-07
772 0.0132344
773 -2.83531e-05
774 0.0078533
775 9.37603e-05
776 -9.60451e-06
777 -0.00049067
778 4.43472e-07
779 3.83243e-05
780 0.00213657
781 -6.73692e-06
782 0.000115403
783 -0.000281757
784 -7.71782e-05
785 -4.33632e-05
786 -0.00419784
787 0.000197845
788 -0.00602361
789 0.000325005
790 3.46866e-06
791 -2.07536e-05
792 0.00418253
793 -2.86148e-07
794 0.00326135
795 -9.14034e-05
796 0.0010881
797 -3.30954e-05
798 -5.52485e-06
799 -0.0159857
800 0.00196195
801 -0.00128542
802 9.22601e-05
803 -0.00201557
804 2.41147e-06
805 -6.95735e-06
806 5.15509e-08
807 0.000111481
808 0.00434249
809 0.00227075
810 3.36721e-06
811 -0.00331097
812 1.17207e-05
813 -6.9969e-05
814 3.33778e-05
815 0.000879177
816 0.00060152
817 8.88978e-06
818 -0.0322886
819 -0.00169456
820 -0.000163443
821 0.00132591
822 9.19318e-06
823 -0.00129469
824 -0.000379484
825 0.00040081
826 0.000265014
827 4.03642e-05
828 -1.23829e-05
829 -4.12883e-05
830 -0.000240796
831 6.70569e-05
832 -0.000497525
833 -1.83772e-05
834 6.4089e-05
835 0.0010183
836 -0.00222992
837 4.95206e-05
838 0.000130707
839 0.00416971
840 -8.70011e-06
841 9.4403e-06
842 0.0304465
843 -0.0104565
844 -0.00043909
845 3.22668e-05
846 -1.30098e-05
847 0.00171951
848 -8.62098e-06
849 0.00115568
850 3.41146e-05
851 9.46642e-06
852 0.00829755
853 -0.000368711
854 0.00154211
855 -0.00440431
856 -0.000528067
857 3.00504e-06
858 -0.000301129
859 -0.00140442
860 0.00068927
861 4.51249e-05
862 -0.000201773
863 0.00113637
864 2.6031e-06
865 -0.00125735
866 -0.000338739
867 -2.00354e-05
868 0.000970367
869 -5.11615e-06
870 -0.00118136
871 9.94396e-07
872 3.4098e-06
873 0.00796522
874 -7.18095e-05
875 -5.6532e-05
876 -0.000939299
877 0.00281354
878 -6.4198e-08
879 -9.71638e-05
880 2.03308e-05
881 -3.35532e-05
882 2.77974e-05
883 -0.000112623
884 0.0164683
885 0.0135606
886 -0.000260075
887 0.00167375
888 0.019682
889 1.79342e-05
890 -4.93913e-05
891 -0.000138491
892 0.058048
893 0.00229525
894 8.86789e-05
895 3.89295e-05
896 -7.61375e-05
897 2.46894e-05
898 3.47925e-07
899 1.4985e-05
900 0.00145279
901 -0.00250855
902 9.9105e-06
903 0.000101112
904 0.000178494
905 -0.000987262
906 -0.0348411
907 0.000778312
908 -0.000592722
909 -1.37109e-05
910 1.77066e-05
911 -3.22836e-07
912 0.000259619
913 1.97106e-06
914 0.00113861
915 -0.000412737
916 -2.97716e-05
917 3.6501e-05
918 -0.000460518
919 5.01675e-07
920 0.0228159
921 0.000836533
922 -0.00668613
923 -1.75628e-06
924 -0.000287176
925 0.000243171
926 -0.02976
927 2.34163e-06
928 -0.00122561
929 5.12754e-07
930 9.46726e-06
931 0.00121446
932 -0.000213054
933 1.50064e-07
934 0.000105498
935 0.00842104
936 0.000571129
937 0.000179396
938 -0.000626746
939 -6.22366e-05
940 -4.64917e-06
941 0.00187712
942 3.96926e-06
943 1.08616e-06
944 1.19963e-07
945 -0.00078038
946 -0.0219534
947 -1.68307e-06
948 0.000776432
949 0.000268741
950 0.00161684
951 0.000817265
952 -0.00011986
953 0.000641769
954 4.49074e-05
955 0.000574271
956 -0.00054741
957 1.94178e-06
958 0.000273782
959 -1.01898e-05
960 -3.04512e-05
961 -4.62098e-07
962 0.00037846
963 5.06353e-05
964 0.00016756
965 -1.29508e-07
966 0.0015875
967 -0.000819606
968 0.00259536
969 3.42214e-05
970 -0.00040512
971 -0.000252369
972 -0.00026835
973 3.68522e-06
974 -3.24533e-05
975 -2.53399e-06
976 -0.104862
977 5.89021e-05
978 0.000527411
979 -1.46503e-06
980 -0.000237702
981 -0.00414655
982 0.00017548
983 -0.00142094
984 8.5188e-08
985 -0.000293163
986 0.000211448
987 -0.00580979
988 -1.09097e-05
989 -0.00491531
990 0.000181668
991 0.00212614
992 -1.0265e-05
993 -0.00154031
994 -3.16998e-06
995 0.00359125
996 -2.52985e-07
997 0.00103095
998 0.000107953
999 2.33183e-05
1000 0.000212363
1001 2.15447e-06
1002 -0.00350781
1003 -0.00169009
1004 -0.000313225
1005 -2.15324e-05
1006 -0.000160694
1007 -0.00827634
1008 0.000314221
1009 5.29348e-06
1010 4.77514e-06
1011 -6.50777e-05
1012 2.66505e-06
1013 -0.0189323
1014 0.0247719
1015 -0.000256945
1016 -1.21522e-05
1017 1.56206e-06
1018 0.0122837
1019 0.0038011
1020 1.47673e-05
1021 1.78672e-06
1022 -5.30756e-05
1023 -0.0232008
1024 2.75543e-07
1025 -0.00281178
1026 -2.22263e-06
1027 0.000456803
1028 0.000753016
1029 6.07493e-06
1030 0.0193812
1031 -3.80682e-07
1032 -0.000940413
1033 -1.00303e-06
1034 5.28288e-05
1035 0.00312044
1036 -9.1818e-08
1037 5.95526e-06
1038 5.60011e-07
1039 -3.35692e-05
1040 1.00012e-05
1041 0.0211711
1042 -0.000929347
1043 -0.00031387
1044 0.000567369
1045 -1.16361e-05
1046 -1.95135e-05
1047 -1.24625e-05
1048 0.000595311
1049 -0.00169817
1050 -4.33919e-05
1051 -0.000359012
1052 0.000137567
1053 -7.82812e-05
1054 0.000194815
1055 7.14224e-08
1056 -5.00565e-05
1057 -1.08588e-07
1058 -3.09715e-05
1059 2.60641e-05
1060 0.0019422
1061 6.09765e-05
1062 2.05016e-05
1063 0.0331544
1064 2.75885e-06
1065 0.000269344
1066 0.0144031
1067 -1.5162e-06
1068 0.000351625
1069 -0.00957833
1070 -0.00204388
1071 -1.38615e-06
1072 7.55349e-07
1073 0.000204012
1074 -8.61149e-05
1075 5.80579e-07
1076 -0.00130707
1077 0.00038309
1078 5.56949e-07
1079 5.01254e-05
1080 -0.00335511
1081 2.95209e-05
1082 -5.27341e-05
1083 1.50234e-05
1084 -1.65715e-05
1085 -5.94604e-06
1086 -0.0017704
1087 1.21418e-05
1088 0.000835555
1089 0.0139809
1090 -8.33465e-06
1091 1.13625e-06
1092 1.83458e-06
1093 -1.0397e-06
1094 0.0143766
1095 2.57621e-06
1096 2.4028e-05
1097 -0.00151479
1098 0.00109105
1099 -0.00128647
1100 -3.94218e-07
1101 5.67553e-07
1102 9.4514e-05
1103 -1.76332e-05
1104 1.49501e-05
1105 0.0143024
1106 1.80838e-06
1107 0.000833583
1108 -0.000128951
1109 -0.00100989
1110 8.55038e-05
1111 3.96105e-05
1112 0.000255382
1113 9.62203e-05
1114 -5.83138e-07
1115 4.98235e-06
1116 0.000722475
1117 -3.47711e-06
1118 3.62683e-05
1119 -1.45051e-05
1120 0.00159951
1121 -0.000839569
1122 -0.000409551
1123 -3.20075e-05
1124 -5.45764e-07
1125 -0.00420418
1126 -1.63722e-05
1127 0.000255346
1128 -0.00156224
1129 -0.000241716
1130 0.000792835
1131 0.00222169
1132 -0.000217774
1133 -0.00144233
1134 -0.00040232
1135 0.0583925
1136 -0.00531171
1137 0.00217199
1138 -2.57982e-07
1139 -0.00289953
1140 0.00840949
1141 1.40796e-05
1142 -0.0054245
1143 0.000922342
1144 3.73348e-06
1145 0.00259134
1146 -0.000459399
1147 -1.66997e-07
1148 8.95107e-05
1149 7.26045e-05
1150 1.23381e-05
1151 0.000411901
1152 -0.000114166
1153 0.000885932
1154 0.00421032
1155 1.80248e-05
1156 -1.08747e-05
1157 0.00025096
1158 0.006505
1159 -4.07458e-06
1160 0.000395562
1161 0.000423124
1162 -3.15701e-05
1163 1.14003e-06
1164 0.00203349
1165 -5.1592e-05
1166 0.0372434
1167 0.00095384
1168 -0.00688559
1169 2.72498e-05
1170 -0.00015013
1171 -4.94315e-06
1172 2.93001e-05
1173 5.4712e-07
1174 -0.000169496
1175 -3.82524e-05
1176 -2.99872e-07
1177 -0.000515526
1178 -0.00055041
1179 -0.00901408
1180 0.000648416
1181 6.84447e-05
1182 0.00108198
1183 -6.89701e-06
1184 0.000344381
1185 6.63269e-08
1186 -0.0118579
1187 0.00689464
1188 -0.022638
1189 -4.58575e-05
1190 1.69593e-05
1191 7.31497e-06
1192 3.39552e-05
1193 -0.000779161
1194 2.81453e-05
1195 -3.4849e-06
1196 4.7892e-05
1197 9.20242e-05
1198 0.000230133
1199 -0.00399195
1200 -8.10254e-07
1201 -2.40669e-05
1202 0.000620157
1203 -0.0219646
1204 9.73971e-06
1205 -5.41571e-05
1206 -1.53733e-06
1207 -0.012646
1208 3.57251e-05
1209 8.76913e-06
1210 -8.79038e-07
1211 -0.00119223
1212 1.48634e-05
1213 0.0396173
1214 0.00035062
1215 -3.14259e-07
1216 1.04841e-06
1217 0.00451957
1218 -0.000805101
1219 5.67353e-05
1220 -0.000155342
1221 -0.00242809
1222 1.42321e-05
1223 7.06633e-06
1224 0.00131526
1225 -0.00392334
1226 1.87618e-06
1227 3.84578e-06
1228 0.000924494
1229 0.0174035
1230 -6.51748e-06
1231 9.7697e-09
1232 0.00476009
1233 0.037044
1234 -0.0128619
1235 0.000422381
1236 3.42869e-07
1237 -0.000644044
1238 0.000157142
1239 7.68625e-07
1240 -0.000251758
1241 -0.000931752
1242 0.00389562
1243 -0.00308729
1244 -5.38591e-05
1245 0.00416061
1246 -0.00557359
1247 0.0273119
1248 -1.92778e-06
1249 -1.52778e-06
1250 7.54116e-05
1251 -0.00878185
1252 0.0016392
1253 -0.00456516
1254 -0.00553469
1255 -2.25142e-05
1256 -0.000462923
1257 -0.000432046
1258 8.74006e-07
1259 -6.88508e-06
1260 0.000835465
1261 -0.000579067
1262 -1.54186e-06
1263 0.00309807
1264 -3.38262e-05
1265 -0.00710362
1266 -0.000696574
1267 -1.13059e-05
1268 -0.00022937
1269 -4.74334e-06
1270 6.55847e-05
1271 0.00104199
1272 1.86961e-06
1273 1.032e-05
1274 0.0018814
1275 6.40706e-07
1276 0.000452214
1277 -6.37133e-06
1278 0.00321812
1279 -2.1664e-05
1280 0.000933328
1281 0.00103704
1282 0.00201962
1283 -1.87551e-05
1284 -0.00476549
1285 0.000167413
1286 0.00027996
1287 0.00160206
1288 -3.31743e-05
1289 0.00265707
1290 0.00257014
1291 -0.00136438
1292 -4.87511e-06
1293 8.22897e-05
1294 0.000113727
1295 -0.000247491
1296 0.0121487
1297 0.00806511
1298 -0.000360208
1299 6.03468e-07
1300 -0.000414456
1301 -0.000239278
1302 -2.4909e-05
1303 -7.32728e-07
1304 1.08314e-05
1305 -0.000186104
1306 -0.00136574
1307 -1.46593e-05
1308 -1.23791e-06
1309 0.000264629
1310 0.00587189
1311 -0.0169452
1312 2.3935e-05
1313 -6.38934e-06
1314 -6.2506e-05
1315 -0.00228221
1316 0.000562897
1317 -9.03056e-05
1318 0.000545295
1319 0.00018641
1320 6.727e-07
1321 -6.85146e-05
1322 0.000541258
1323 -3.68155e-06
1324 -1.92235e-05
1325 -2.37316e-05
1326 -3.3906e-05
1327 -4.88931e-05
1328 -6.37115e-06
1329 -3.78712e-05
1330 -0.000305832
1331 -8.10123e-06
1332 2.03897e-05
1333 0.000198877
1334 0.000389107
1335 1.78369e-05
1336 2.29939e-05
1337 -6.59546e-05
1338 -1.60567e-06
1339 0.000119216
1340 -0.00171708
1341 8.72097e-05
1342 4.62116e-07
1343 9.60725e-07
1344 -9.1229e-05
1345 -0.00417262
1346 0.00388225
1347 -2.72266e-05
1348 2.64893e-05
1349 0.000320526
1350 0.00140532
1351 -0.00139731
1352 5.3925e-07
1353 0.000456555
1354 0.000247284
1355 0.000935508
1356 0.00065147
1357 5.81626e-06
1358 0.0580512
1359 0.003412
1360 0.0194153
1361 9.88351e-06
1362 5.89672e-07
1363 0.00262273
1364 0.000959831
1365 0.000246988
1366 0.00038189
1367 0.0305725
1368 0.000908059
1369 8.77564e-06
1370 1.36287e-07
1371 2.01601e-07
1372 0.00358989
1373 0.000896532
1374 0.00554099
1375 -1.0613e-06
1376 1.97807e-05
1377 0.000120588
1378 0.00017053
1379 5.53079e-06
1380 0.000154654
1381 8.20344e-07
1382 0.000391396
1383 8.89163e-05
1384 0.00149491
1385 0.00161994
1386 5.67041e-05
1387 6.91395e-06
1388 7.10617e-05
1389 0.0246014
1390 0.00372876
1391 0.0181177
1392 0.000171055
1393 5.00392e-05
1394 0.0907528
1395 -6.61717e-06
1396 -6.4809e-07
1397 0.00019871
1398 4.12951e-05
1399 0.000419951
1400 0.0424434
1401 0.000135731
1402 -0.000157807
1403 0.0332126
1404 7.31798e-07
1405 0.000140595
1406 -1.1438e-07
1407 -2.3721e-07
1408 -3.28536e-07
1409 5.39306e-05
1410 0.00230263
1411 9.33941e-06
1412 1.64613e-07
1413 1.34099e-05
1414 3.15916e-05
1415 1.75233e-05
1416 0.000101884
1417 0.000865664
1418 0.0010212
1419 0.000519234
1420 0.000431168
1421 -1.20143e-07
1422 0.00360226
1423 1.32938e-06
1424 0.00980787
1425 2.89436e-06
1426 0.00161094
1427 0.00027646
1428 0.000512787
1429 0.00653388
1430 0.000169638
1431 3.72225e-06
1432 0.00242443
1433 1.28543e-06
1434 6.70275e-05
1435 6.75779e-05
1436 0.000766923
1437 0.000639912
1438 1.27494e-05
1439 0.00948214
1440 0.00383024
1441 0.000724692
1442 1.11449e-07
1443 0.000239752
1444 -2.50356e-06
1445 3.21391e-05
1446 0.000267449
1447 0.00383757
1448 -4.73991e-07
1449 0.0028833
1450 0.000536654
1451 -2.09882e-07
1452 -2.50325e-07
1453 2.82042e-05
1454 -2.85863e-06
1455 0.00273982
1456 0.000244439
1457 0.00196376
1458 0.000101931
1459 0.01019
1460 0.0478592
1461 -0.000103018
1462 3.0963e-08
1463 4.54583e-05
1464 0.000763064
1465 0.0139904
1466 -2.75669e-06
1467 0.00419845
1468 -2.16256e-07
1469 7.08586e-08
1470 -1.67419e-06
1471 5.07786e-06
1472 -7.42562e-06
1473 0.0535507
1474 0.000435616
1475 -4.85842e-08
1476 -8.70154e-09
1477 0.00157054
1478 -2.95927e-07
1479 0.0015126
1480 2.21708e-05
1481 1.17341e-05
1482 4.36327e-05
1483 3.93373e-05
1484 3.76188e-06
1485 0.00180468
1486 0.000903044
1487 0.00927888
1488 8.81345e-06
1489 0.00391833
1490 0.000128819
1491 0.000217674
1492 0.00329748
1493 0.00448787
1494 0.000261841
1495 -1.26102e-06
1496 -1.16372e-05
1497 3.98433e-05
1498 4.11645e-06
1499 0.00012725
1500 0.00406032
1501 0.00164551
1502 2.98463e-05
1503 0.00776671
1504 0.00159719
1505 0.000784298
1506 1.25541e-07
1507 9.10182e-07
1508 0.0104603
1509 0.136484
1510 1.57219e-05
1511 0.000484581
1512 0.000837934
1513 -4.20288e-06
1514 3.58434e-06
1515 0.0030109
1516 0.000566595
1517 6.60669e-07
1518 4.04355e-05
1519 0.0339421
1520 2.3619e-06
1521 -6.00966e-07
1522 0.0234631
1523 0.0167497
1524 1.11287e-05
1525 0.000519622
1526 0.0292834
1527 2.00413e-06
1528 0.000988349
1529 -1.10842e-06
1530 0.0118618
1531 0.00062793
1532 0.000859753
1533 -4.07974e-07
1534 0.0234978
1535 0.00700336
1536 4.67788e-05
1537 1.97337e-06
1538 0.000566002
1539 0.000792835
1540 0.000710535
1541 1.45521e-06
1542 -1.94664e-05
1543 5.38923e-07
1544 5.28526e-05
1545 3.95263e-06
1546 -4.43263e-06
1547 0.00225757
1548 0.000184211
1549 4.36552e-05
1550 0.000749474
1551 0.00924974
1552 1.02013e-05
1553 -1.07703e-06
1554 3.21137e-05
1555 2.43991e-06
1556 0.0148376
1557 0.000908407
1558 0.024298
1559 0.000536421
1560 4.49221e-05
1561 0.000132273
1562 0.043839
1563 -1.20452e-05
1564 0.0143169
1565 8.79921e-05
1566 0.000147646
1567 0.0258056
1568 -7.01956e-07
1569 -2.67331e-05
1570 0.00252145
1571 0.00341652
1572 0.000527114
1573 -1.10776e-06
1574 -1.11281e-06
1575 0.00552492
1576 0.00332406
1577 4.6654e-05
1578 0.000372915
1579 0.00187251
1580 0.000161599
1581 -1.35652e-06
1582 1.38158e-07
1583 0.00170288
1584 0.0357295
1585 5.40143e-07
1586 0.00325413
1587 0.00845265
1588 3.43413e-06
1589 0.000148427
1590 -1.04356e-05
1591 0.001086
1592 3.8679e-05
1593 0.000215366
1594 0.000315335
1595 4.5705e-07
1596 2.03475e-06
1597 -6.28101e-07
1598 2.23933e-05
1599 3.09658e-06
1600 0.00121564
1601 0.000849637
1602 0.00441793
1603 0.0157036
1604 0.000559131
1605 0.00241297
1606 0.00297451
1607 0.0185759
1608 7.69358e-06
1609 0.00460586
1610 0.00591987
1611 0.00119245
1612 0.000359876
1613 0.00103763
1614 1.89614e-05
1615 0.0114116
1616 0.00855511
1617 1.3274e-07
1618 -3.39089e-06
1619 0.000409495
1620 1.02944e-05
1621 1.86281e-08
1622 5.57725e-07
1623 1.33441e-06
1624 0.00365895
1625 0.000341742
1626 0.000208881
1627 0.00371135
1628 0.000217777
1629 9.06497e-05
1630 7.25836e-07
1631 4.40285e-08
1632 0.00125929
1633 2.39312e-06
1634 0.000361435
1635 6.60626e-05
1636 8.62222e-05
1637 0.00255209
1638 0.00866741
1639 0.090955
1640 0.0352568
1641 0.00110155
1642 0.000162098
1643 0.000814745
1644 1.68505e-05
1645 0.00113164
1646 0.00646057
1647 9.28351e-07
1648 -1.16696e-05
1649 0.0103207
1650 0.0242242
1651 3.14762e-08
1652 0.0025167
1653 1.53523e-05
1654 0.00121161
1655 0.0339592
1656 0.11712
1657 9.69238e-07
1658 -3.55071e-07
1659 0.000256953
1660 0.000315704
1661 4.32908e-06
1662 0.000426591
1663 2.94748e-07
1664 0.000831647
1665 0.000953217
1666 0.000157623
1667 7.38982e-06
1668 0.000809403
1669 0.00149578
1670 0.00732233
1671 -3.55993e-07
1672 8.68619e-05
1673 0.000963472
1674 0.0256692
1675 0.0391714
1676 -3.20047e-07
1677 2.5457e-05
1678 8.64962e-05
1679 2.43091e-05
1680 -2.93388e-06
1681 7.69066e-06
1682 0.0105462
1683 -1.4315e-06
1684 -2.55721e-07
1685 1.03799e-05
1686 1.5343e-07
1687 0.000959327
1688 0.0019013
1689 0.00162228
1690 -6.54258e-08
1691 1.07352e-05
1692 3.96329e-06
1693 -2.85208e-07
1694 0.00025591
1695 4.17749e-06
1696 2.933e-07
1697 0.0905264
1698 0.00925725
1699 1.52242e-06
1700 0.0040872
1701 0.0038406
1702 0.00214753
1703 0.0008581
1704 0.000308335
1705 -6.64942e-06
1706 3.16821e-07
1707 5.427e-05
1708 0.000212839
1709 -5.80926e-07
1710 4.75648e-05
1711 7.03693e-06
1712 6.11658e-08
1713 2.88034e-05
1714 6.28091e-05
1715 0.00772314
1716 0.000640207
1717 6.1452e-07
1718 0.000282483
1719 -1.79612e-06
1720 0.000109532
1721 0.000491972
1722 -7.34639e-09
1723 -8.50007e-07
1724 6.15906e-06
1725 0.0185633
1726 0.00112245
1727 0.00018241
1728 5.10704e-05
1729 0.000206468
1730 0.00157317
1731 2.97955e-06
1732 0.0841561
1733 0.000813413
1734 3.62924e-06
1735 0.000101098
1736 0.000304102
1737 2.07251e-06
1738 -2.80749e-06
1739 0.0001121
1740 0.00147657
1741 0.0197465
1742 0.000413957
1743 -1.30075e-06
1744 0.000213349
1745 6.17759e-07
1746 -2.32828e-06
1747 4.52978e-05
1748 6.81356e-05
1749 -9.42139e-06
1750 0.000265578
1751 -6.505e-06
1752 1.67706e-06
1753 -1.61801e-05
1754 0.0128688
1755 0.00092452
1756 6.63639e-07
1757 2.86202e-05
1758 6.36825e-06
1759 0.000660988
1760 0.00427109
1761 1.37813e-08
1762 0.000927286
1763 0.0117075
1764 0.00670657
1765 0.00101209
1766 2.88533e-05
1767 0.000469527
1768 0.000904389
1769 0.13099
1770 -6.75844e-05
1771 0.000673601
1772 0.00145584
1773 5.20352e-07
1774 -6.79431e-07
1775 8.92552e-06
1776 0.00155236
1777 0.0233801
1778 3.66375e-06
1779 -4.50603e-05
1780 -3.45286e-07
1781 0.00268068
1782 0.00152757
1783 1.24563e-08
1784 0.000802133
1785 -1.44057e-06
1786 0.000208367
1787 0.0394811
1788 -6.08609e-06
1789 5.45182e-05
1790 0.0135762
1791 0.000558894
1792 8.3292e-06
1793 -9.14509e-05
1794 -0.000813379
1795 0.00202439
1796 0.00010794
1797 1.42461e-05
1798 0.000578243
1799 0.000264407
1800 0.0317083
1801 1.13584e-05
1802 -7.43021e-07
1803 0.000879744
1804 1.03982e-07
1805 1.5746e-05
1806 0.000395282
1807 0.00458903
1808 0.00147836
1809 3.20169e-06
1810 4.42564e-05
1811 0.00670315
1812 0.00945082
1813 0.0140928
1814 4.48975e-05
1815 2.35022e-05
1816 0.000451033
1817 0.0517046
1818 3.57238e-05
1819 0.00781418
1820 0.0547
1821 4.07268e-07
1822 0.00029478
1823 -3.06439e-06
1824 2.41782e-06
1825 0.000119991
1826 0.00749082
1827 3.18019e-05
1828 0.000712833
1829 0.0189036
1830 9.84286e-06
1831 2.31405e-06
1832 -1.01682e-05
1833 2.80323e-05
1834 0.000372808
1835 -8.62528e-07
1836 0.000767245
1837 0.00107227
1838 1.04035e-05
1839 2.15101e-05
1840 2.866e-05
1841 0.00746956
1842 0.00408329
1843 -9.36412e-07
1844 1.35832e-05
1845 0.000306856
1846 1.13776e-05
1847 9.6273e-07
1848 1.54409e-05
1849 0.000785901
1850 3.8168e-06
1851 0.00111744
1852 1.50113e-05
1853 0.00015035
1854 2.23718e-06
1855 1.75096e-06
1856 0.025427
1857 -8.85414e-08
1858 0.00738932
1859 0.000143232
1860 0.000775724
1861 8.13296e-07
1862 0.00338495
1863 0.0152614
1864 1.28254e-07
1865 6.52045e-08
1866 0.00979389
1867 0.000413667
1868 0.00762195
1869 6.8585e-05
1870 -1.16535e-06
1871 0.000696867
1872 -2.53205e-07
1873 2.84759e-06
1874 -1.47026e-05
1875 -1.33787e-05
1876 7.82959e-06
1877 0.000129877
1878 1.33315e-05
1879 0.000290843
1880 0.022804
1881 6.75747e-05
1882 0.00185909
1883 2.0006e-05
1884 4.72214e-06
1885 -1.80356e-05
1886 0.0055672
1887 -5.55805e-06
1888 0.0181238
1889 7.52305e-05
1890 0.0152274
1891 1.89614e-05
1892 2.19229e-06
1893 0.0128629
1894 0.00382164
1895 0.00201213
1896 4.97822e-05
1897 0.000529699
1898 4.43932e-07
1899 -9.2771e-07
1900 1.50065e-08
1901 0.000303285
1902 0.074805
1903 0.00315184
1904 -6.78294e-07
1905 0.0280912
1906 4.80066e-06
1907 0.000100505
1908 9.09586e-06
1909 0.00275208
1910 0.0029365
1911 4.94567e-06
1912 0.042676
1913 0.000320395
1914 3.08673e-05
1915 0.000620128
1916 0.000155099
1917 0.000546839
1918 0.000191147
1919 0.000303856
1920 0.000314791
1921 -5.7398e-06
1922 2.79884e-06
1923 0.000219784
1924 0.00180669
1925 0.000175019
1926 0.000370738
1927 1.28761e-05
1928 5.674e-06
1929 0.00120329
1930 0.00102691
1931 0.00171524
1932 0.000502658
1933 0.00104286
1934 -6.83578e-06
1935 5.91721e-07
1936 0.0224923
1937 0.00508114
1938 0.000220678
1939 4.48206e-05
1940 7.41541e-06
1941 -0.00017225
1942 2.00971e-06
1943 0.000812514
1944 3.34906e-06
1945 9.49287e-06
1946 0.00522163
1947 0.000120275
1948 0.00864818
1949 0.00218542
1950 0.00357405
1951 -1.34375e-06
1952 0.0310618
1953 0.00138135
1954 0.00102425
1955 -1.30573e-05
1956 3.15563e-05
1957 0.000320076
1958 8.99959e-06
1959 0.00320737
1960 0.000559018
1961 4.39934e-06
1962 0.00178921
1963 1.15239e-05
1964 0.000772468
1965 -7.5622e-08
1966 -7.8571e-07
1967 0.00868547
1968 4.99072e-05
1969 -3.83533e-05
1970 0.00114315
1971 -1.35383e-05
1972 4.5719e-08
1973 0.000122965
1974 2.39816e-05
1975 1.15321e-05
1976 -5.41292e-06
1977 7.12941e-05
1978 0.0189704
1979 0.0403422
1980 0.000200917
1981 0.000169926
1982 0.0132295
1983 1.45086e-06
1984 2.2835e-05
1985 0.000289108
1986 0.043283
1987 0.000477247
1988 0.000261922
1989 1.55872e-05
1990 3.71813e-05
1991 0.000180453
1992 2.41142e-07
1993 -9.00832e-06
1994 8.83777e-05
1995 0.00814478
1996 -1.27196e-06
1997 5.69469e-05
1998 0.000192755
1999 0.000758514
2000 0.0405508
2001 0.00283099
2002 0.00179595
2003 8.82055e-06
2004 0.000132634
2005 1.45058e-07
2006 0.00657762
2007 3.60573e-07
2008 0.000854285
2009 0.000469436
2010 -9.51933e-06
2011 1.66991e-06
2012 0.00015023
2013 2.91919e-05
2014 0.0755952
2015 -4.43287e-05
2016 0.00321169
2017 -2.37642e-06
2018 0.000316244
2019 0.000241453
2020 0.0596663
2021 9.07531e-07
2022 0.000342628
2023 3.18646e-06
2024 4.65896e-07
2025 0.00983017
2026 0.000555626
2027 -2.47639e-08
2028 5.73293e-05
2029 0.0102176
2030 0.00092763
2031 2.42296e-05
2032 0.000608561
2033 0.000116408
2034 3.55811e-06
2035 0.0032535
2036 -2.19125e-07
2037 -2.63729e-06
2038 -1.55509e-08
2039 0.000407268
2040 0.0542957
2041 -8.80514e-08
2042 0.000260535
2043 3.49484e-05
2044 0.00200458
2045 0.000601102
2046 0.000959694
2047 0.00224869
2048 -5.98183e-06
2049 0.000793406
2050 0.00411081
2051 -3.32329e-06
2052 0.000136574
2053 2.33417e-05
2054 1.24536e-05
2055 7.14864e-06
2056 0.000155018
2057 2.23436e-05
2058 3.83291e-05
2059 7.84076e-07
2060 0.000788663
2061 0.0014308
2062 0.00335162
2063 0.000154252
2064 0.000564403
2065 0.000285481
2066 0.000212961
2067 4.64139e-05
2068 9.49564e-06
2069 4.19253e-06
2070 0.127555
2071 4.01112e-05
2072 0.00163488
2073 -8.16077e-08
2074 0.000105912
2075 0.00913682
2076 0.000816422
2077 0.000359581
2078 6.69112e-07
2079 0.00219305
2080 0.000254766
2081 0.00310806
2082 3.69031e-06
2083 0.00758253
2084 3.24201e-05
2085 0.00261715
2086 1.16488e-05
2087 0.00153764
2088 6.25518e-06
2089 0.00190473
2090 3.80125e-07
2091 -2.85741e-05
2092 0.000412092
2093 5.21543e-06
2094 -1.18148e-05
2095 1.50919e-05
2096 0.0102594
2097 0.00102148
2098 0.000191588
2099 1.43026e-06
2100 0.000241587
2101 0.00654108
2102 0.000218853
2103 1.81189e-06
2104 1.27192e-05
2105 2.89598e-05
2106 1.62876e-05
2107 0.0345817
2108 0.0331465
2109 0.000258602
2110 1.26497e-06
2111 -2.23668e-06
2112 0.0101054
2113 0.000922017
2114 1.16507e-06
2115 3.44493e-06
2116 5.16087e-05
2117 0.110662
2118 1.73195e-07
2119 0.00102794
2120 3.95945e-07
2121 0.00372509
2122 0.00186556
2123 4.44129e-07
2124 0.0132347
2125 4.2947e-06
2126 0.000786689
2127 2.21917e-07
2128 0.000120255
2129 0.000721139
2130 1.20722e-08
2131 1.00171e-05
2132 -5.47681e-07
2133 3.74069e-07
2134 -1.54332e-05
2135 0.116031
2136 0.000619324
2137 0.000736847
2138 3.3429e-06
2139 3.20531e-06
2140 1.02553e-05
2141 2.99101e-06
2142 0.00107867
2143 0.00105836
2144 0.000130477
2145 0.000251226
2146 9.82789e-05
2147 2.22715e-06
2148 0.00115584
2149 -1.89689e-06
2150 5.92365e-05
2151 -1.09105e-06
2152 3.65705e-05
2153 0.000157419
2154 0.000132191
2155 1.08876e-05
2156 0.000335751
2157 0.0351378
2158 -5.05381e-06
2159 4.21645e-05
2160 0.105509
2161 -1.78664e-07
2162 0.000133646
2163 0.0111422
2164 0.0370562
2165 7.61565e-06
2166 5.36868e-06
2167 7.96121e-05
2168 0.000129749
2169 -7.72742e-08
2170 0.000373446
2171 0.000369383
2172 -7.48463e-08
2173 6.30253e-05
2174 0.00207328
2175 -8.02738e-06
2176 4.56121e-05
2177 2.07693e-05
2178 7.20987e-06
2179 8.00208e-06
2180 0.00077119
2181 3.46166e-05
2182 0.00563594
2183 0.0209812
2184 4.01787e-07
2185 -1.49623e-07
2186 1.08522e-05
2187 1.65296e-07
2188 0.00195243
2189 1.52713e-06
2190 0.000155446
2191 0.0174448
2192 6.28203e-05
2193 0.000454061
2194 6.14757e-08
2195 -2.47626e-08
2196 9.09281e-05
2197 5.8728e-07
2198 6.87169e-07
2199 0.00571571
2200 -9.48984e-07
2201 0.00136775
2202 0.000134806
2203 0.00574575
2204 2.73101e-05
2205 0.00267838
2206 0.00021761
2207 -8.22652e-06
2208 -2.50427e-07
2209 -3.02073e-07
2210 0.000208306
2211 7.04804e-07
2212 0.000131912
2213 1.98963e-06
2214 0.000504234
2215 0.0030707
2216 0.00139341
2217 0.000103288
2218 -7.41572e-08
2219 0.00703091
2220 -1.00646e-06
2221 0.00022033
2222 0.00118341
2223 0.00010143
2224 0.000791832
2225 0.00225489
2226 0.000468468
2227 0.000296279
2228 0.000227078
2229 0.0417497
2230 0.0214826
2231 0.00310307
2232 9.06031e-08
2233 0.0020011
2234 0.0130382
2235 1.25891e-05
2236 0.0117944
2237 0.00143656
2238 1.30983e-06
2239 0.00528286
2240 0.000113227
2241 -1.03452e-06
2242 0.000181858
2243 0.000329386
2244 -4.37202e-06
2245 0.000213001
2246 9.65752e-07
2247 0.000808432
2248 0.0683395
2249 5.76997e-06
2250 -7.52285e-06
2251 8.78185e-06
2252 0.0616527
2253 -1.15975e-06
2254 1.95879e-05
2255 0.00110468
2256 2.22529e-05
2257 1.11179e-06
2258 0.0017553
2259 3.36966e-05
2260 0.0092023
2261 0.0025471
2262 0.00824578
2263 0.000341816
2264 0.000112445
2265 6.08531e-05
2266 0.000107017
2267 -1.15867e-06
2268 0.022836
2269 2.26517e-05
2270 2.74103e-07
2271 0.000261026
2272 0.000918854
2273 0.00172189
2274 0.00594086
2275 0.000224505
2276 6.45051e-05
2277 1.20985e-05
2278 0.00141773
2279 -1.35806e-07
2280 0.0115988
2281 0.00524293
2282 0.0184554
2283 1.98311e-05
2284 4.034e-06
2285 1.74574e-05
2286 7.17082e-06
2287 0.00348236
2288 -1.9228e-06
2289 7.77545e-06
2290 3.36522e-05
2291 0.000444472
2292 1.64878e-05
2293 0.0502616
2294 8.66185e-08
2295 9.63247e-05
2296 0.000977683
2297 0.0428175
2298 7.11899e-05
2299 2.48356e-05
2300 -1.28373e-06
2301 0.00105806
2302 -1.00752e-05
2303 4.25044e-06
2304 6.67526e-06
2305 0.00101349
2306 -9.7069e-06
2307 0.0400616
2308 0.00088236
2309 7.54891e-07
2310 -1.0194e-06
2311 0.0158343
2312 0.000694755
2313 2.98001e-05
2314 1.63336e-05
2315 0.000975044
2316 5.03537e-06
2317 -1.37014e-06
2318 0.00134979
2319 0.000693641
2320 1.77905e-07
2321 -3.28501e-07
2322 7.22597e-05
2323 0.0176617
2324 3.45177e-06
2325 1.82032e-09
2326 0.00746347
2327 0.0539265
2328 0.00417759
2329 0.000243936
2330 -4.47751e-07
2331 0.00139789
2332 4.55382e-05
2333 7.29336e-06
2334 0.000409531
2335 0.000359065
2336 0.00228078
2337 0.00685678
2338 3.24246e-05
2339 0.00334608
2340 0.0138452
2341 0.0157193
2342 0.000232082
2343 2.92596e-06
2344 1.79498e-05
2345 0.024134
2346 8.58644e-05
2347 0.00637229
2348 0.000145147
2349 1.4309e-05
2350 0.000101267
2351 7.5049e-05
2352 -1.79884e-07
2353 -7.09501e-06
2354 -3.33255e-06
2355 0.00217024
2356 2.25258e-07
2357 0.00249906
2358 6.64652e-05
2359 0.00434165
2360 0.0002807
2361 5.56424e-05
2362 2.67227e-05
2363 4.28317e-07
2364 -6.64147e-06
2365 0.00654242
2366 -2.92154e-06
2367 4.04769e-06
2368 0.0195496
2369 1.89425e-05
2370 0.00131704
2371 7.93664e-06
2372 0.00653207
2373 8.93597e-06
2374 0.000907137
2375 0.00188001
2376 0.017942
2377 -6.66746e-07
2378 0.00555829
2379 4.56958e-05
2380 0.000466936
2381 0.00142821
2382 0.000213745
2383 -0.000266781
2384 0.00265287
2385 0.000184318
2386 5.40264e-06
2387 4.75509e-05
2388 -7.51462e-06
2389 0.000203828
2390 0.0027642
2391 0.000981451
2392 0.00165648
2393 3.6575e-05
2394 0.000373051
2395 0.0034479
2396 4.12543e-05
2397 2.05787e-06
2398 0.000881326
2399 0.00284081
2400 0.00139899
2401 -1.99407e-06
2402 -1.43735e-06
2403 -3.82276e-05
2404 0.00068565
2405 0.0440797
2406 -3.99548e-06
2407 -1.13154e-06
2408 6.70354e-06
2409 0.00057079
2410 0.000699655
2411 8.51137e-05
2412 0.000202266
2413 2.8537e-05
2414 6.14608e-08
2415 2.56393e-05
2416 0.00016994
2417 -5.8797e-06
2418 2.11355e-05
2419 3.49483e-06
2420 -2.47984e-06
2421 7.38819e-05
2422 1.40138e-05
2423 -4.79576e-06
2424 0.00199131
2425 1.02727e-06
2426 5.79598e-06
2427 0.00071807
2428 4.04637e-06
2429 2.89443e-06
2430 0.000197396
2431 0.000188682
2432 3.62555e-06
2433 0.000398025
2434 0.00207552
2435 6.79884e-06
2436 3.81201e-08
2437 2.10792e-07
2438 2.96862e-05
2439 0.00253481
2440 0.00642887
2441 0.00254676
2442 0.000747006
2443 5.84021e-05
2444 0.00748509
2445 0.000699073
2446 1.12711e-06
