type vector
size 2447
values
0 -1.77636e-15
1 7.99361e-15
2 1.68754e-14
3 9.54792e-15
4 0
5 1.32339e-13
6 2.22045e-15
7 -2.22045e-13
8 2.53964e-14
9 6.43929e-15
10 7.35523e-14
11 1.15463e-14
12 -1.79051e-13
13 -1.55986e-14
14 -4.21885e-15
15 7.32747e-15
16 5.21805e-15
17 -3.79419e-14
18 1.76525e-14
19 4.70457e-15
20 1.72307e-13
21 8.88178e-16
22 5.41789e-14
23 -2.84217e-14
24 -8.88178e-15
25 -7.13762e-13
26 -7.76046e-14
27 5.32907e-14
28 -1.11022e-13
29 -9.32587e-14
30 -1.55431e-15
31 1.10856e-13
32 1.24345e-14
33 -1.42109e-14
34 1.42664e-14
35 1.52101e-14
36 4.4853e-14
37 6.59944e-13
38 -1.5854e-13
39 2.16493e-15
40 3.08642e-14
41 4.92995e-13
42 -2.14939e-13
43 1.78524e-13
44 8.54872e-14
45 3.55271e-15
46 -1.06581e-14
47 1.51545e-14
48 1.69753e-13
49 1.31006e-14
50 2.66454e-15
51 0
52 5.11813e-14
53 -7.28306e-14
54 -1.77636e-15
55 1.26343e-13
56 -2.24265e-14
57 6.21725e-15
58 2.02061e-14
59 -1.74305e-14
60 4.77396e-15
61 3.35287e-14
62 -2.29289e-13
63 2.55906e-14
64 -7.10543e-15
65 -9.99201e-16
66 -1.14908e-14
67 -1.88738e-14
68 5.10703e-14
69 -3.40838e-14
70 -3.55271e-15
71 -1.53078e-12
72 6.27276e-14
73 -7.10543e-15
74 2.90878e-14
75 -1.9984e-15
76 1.77636e-15
77 -2.60902e-14
78 1.322e-13
79 6.245e-16
80 -7.99361e-15
81 3.9968e-14
82 -2.16605e-13
83 2.75002e-13
84 8.45157e-15
85 -2.66454e-15
86 1.27454e-13
87 -1.86517e-14
88 5.71765e-15
89 -8.65974e-15
90 4.40203e-14
91 2.55351e-15
92 -2.48246e-13
93 1.47105e-15
94 4.37705e-14
95 -4.79616e-14
96 2.22045e-15
97 4.15223e-14
98 4.44089e-15
99 9.83658e-14
100 1.17006e-12
101 -2.55795e-13
102 -5.32907e-15
103 -7.01661e-14
104 -3.58824e-13
105 -1.07914e-13
106 2.94875e-13
107 2.9976e-14
108 3.77476e-15
109 -5.77316e-14
110 7.56284e-13
111 1.84741e-13
112 -1.63425e-13
113 -3.4639e-14
114 -7.10543e-15
115 -1.95954e-14
116 3.747e-14
117 3.0087e-14
118 2.09277e-14
119 -6.78346e-14
120 -3.89237e-14
121 4.44089e-14
122 -7.82707e-15
123 3.13638e-14
124 2.59126e-13
125 8.87068e-14
126 8.64309e-14
127 -7.10543e-15
128 -4.52971e-14
129 -2.14273e-14
130 2.13163e-14
131 6.77236e-15
132 2.498e-15
133 1.07379e-14
134 -2.44693e-13
135 -2.57572e-14
136 -9.28146e-14
137 9.85878e-14
138 -1.19349e-14
139 8.54872e-15
140 -4.96825e-15
141 8.81517e-14
142 -2.20934e-14
143 6.35048e-14
144 -3.9857e-14
145 4.21885e-15
146 2.04281e-13
147 5.96745e-15
148 -4.77396e-15
149 -2.30926e-14
150 1.2601e-13
151 -2.91656e-13
152 -1.09768e-12
153 2.04356e-12
154 4.26326e-14
155 5.4623e-14
156 -1.34726e-13
157 -8.17124e-14
158 1.7919e-13
159 -2.22045e-14
160 4.00513e-14
161 -9.59233e-14
162 -1.11022e-16
163 -1.20182e-14
164 -1.45106e-13
165 -1.26787e-13
166 -3.55271e-15
167 5.57776e-13
168 -1.65201e-13
169 6.57252e-14
170 -2.04281e-14
171 -5.60663e-15
172 -9.44861e-15
173 -1.06581e-14
174 -3.24185e-14
175 7.28584e-15
176 6.92779e-14
177 1.95399e-14
178 -3.66374e-15
179 -1.88738e-14
180 5.10703e-15
181 -4.60743e-14
182 5.77316e-15
183 8.32667e-16
184 6.10623e-16
185 8.41549e-14
186 -1.2168e-13
187 -1.72307e-13
188 3.74145e-14
189 -2.47802e-13
190 -5.66214e-15
191 5.55112e-16
192 1.24067e-14
193 -4.95853e-14
194 1.69531e-13
195 -9.32587e-15
196 3.55271e-15
197 -2.22045e-15
198 -6.17284e-14
199 1.06193e-13
200 -5.12368e-14
201 2.62568e-14
202 5.21805e-14
203 -8.88178e-15
204 0
205 7.28306e-14
206 2.30926e-14
207 -4.59702e-14
208 -1.18433e-13
209 -3.55271e-15
210 8.77076e-15
211 9.75886e-14
212 -5.44009e-14
213 -2.88658e-14
214 -9.32587e-15
215 -1.08358e-13
216 1.24345e-14
217 2.17604e-13
218 -2.53131e-14
219 -1.06581e-14
220 -3.55271e-15
221 -1.02141e-14
222 1.35358e-12
223 8.88178e-16
224 1.2379e-14
225 -2.32703e-13
226 -3.33067e-15
227 -7.08877e-14
228 2.20934e-14
229 -2.91323e-13
230 -3.24185e-14
231 4.26326e-14
232 -2.1938e-13
233 1.51879e-13
234 3.89688e-14
235 -9.59566e-13
236 -2.69095e-13
237 4.88123e-13
238 -1.75415e-14
239 -4.21885e-15
240 -1.15757e-12
241 -1.42109e-14
242 -1.77636e-15
243 5.63993e-13
244 -2.9976e-15
245 -6.18172e-13
246 -5.46785e-14
247 3.10862e-15
248 -3.44169e-15
249 1.68532e-13
250 1.55431e-15
251 4.44089e-14
252 9.41469e-14
253 5.68434e-14
254 3.02314e-13
255 -5.61218e-14
256 9.9476e-14
257 5.79536e-14
258 1.11022e-16
259 3.41949e-14
260 -1.82077e-14
261 -1.5099e-14
262 -1.31672e-13
263 -1.39145e-15
264 3.79696e-14
265 5.55112e-15
266 2.47299e-14
267 3.60822e-15
268 1.51563e-15
269 -1.66533e-14
270 2.62013e-14
271 -6.56419e-15
272 -1.07327e-14
273 -9.93987e-14
274 8.9706e-14
275 1.69975e-13
276 -4.42979e-14
277 -6.25056e-14
278 2.86438e-14
279 3.24185e-14
280 2.79776e-14
281 -1.68887e-13
282 2.16493e-15
283 -1.06581e-14
284 -4.19451e-13
285 1.87628e-14
286 1.42109e-14
287 1.73195e-14
288 -1.15241e-13
289 -6.66134e-16
290 2.49428e-13
291 -1.28786e-14
292 1.92069e-13
293 1.22125e-15
294 -3.4861e-14
295 8.91793e-15
296 2.04281e-14
297 -2.39808e-14
298 3.17524e-14
299 6.70575e-14
300 -6.83897e-14
301 -1.54232e-12
302 -4.90719e-14
303 2.22045e-14
304 6.66134e-15
305 2.22045e-16
306 -8.44167e-14
307 1.02207e-13
308 4.27603e-14
309 -7.10543e-15
310 2.10942e-13
311 2.81997e-14
312 -6.73185e-14
313 -5.02441e-13
314 -1.5099e-14
315 -7.77156e-15
316 -1.92316e-14
317 -8.45623e-16
318 8.02136e-15
319 1.11594e-15
320 1.20671e-13
321 -1.83187e-14
322 -2.22045e-16
323 -1.59317e-14
324 8.90399e-14
325 -3.28601e-14
326 2.22822e-13
327 1.33227e-15
328 -2.30926e-14
329 2.06661e-13
330 2.91919e-14
331 -6.21725e-15
332 1.16183e-13
333 -3.44169e-14
334 1.93401e-13
335 5.95858e-15
336 2.4869e-14
337 -1.37051e-14
338 -7.89369e-14
339 6.04818e-13
340 2.6742e-14
341 -5.32907e-15
342 1.59872e-14
343 -2.73585e-15
344 -3.9857e-14
345 -3.04489e-14
346 3.61933e-14
347 9.73486e-13
348 -7.1071e-15
349 -8.34419e-14
350 -8.39329e-14
351 -1.44329e-14
352 -8.91731e-13
353 2.60246e-14
354 0
355 -1.57874e-13
356 -8.88178e-16
357 -6.59706e-14
358 3.39728e-14
359 3.6382e-13
360 -3.6382e-13
361 -4.86806e-14
362 5.12205e-14
363 -2.88658e-14
364 2.4869e-14
365 3.81905e-12
366 -2.08611e-13
367 -3.14332e-13
368 -8.7709e-15
369 -1.06581e-14
370 -6.66134e-15
371 1.92443e-13
372 -2.27263e-13
373 -6.08402e-14
374 2.10942e-15
375 -2.68119e-14
376 -3.11659e-13
377 -1.14481e-13
378 -3.28133e-13
379 -3.77476e-14
380 -1.4877e-14
381 -1.45844e-14
382 3.29548e-16
383 -1.05582e-13
384 6.9191e-15
385 -1.35447e-14
386 -9.15934e-15
387 -4.45226e-14
388 -2.83662e-14
389 8.47308e-15
390 2.38601e-13
391 -4.80949e-13
392 -2.13163e-14
393 5.18219e-14
394 4.25215e-14
395 6.88338e-14
396 4.28546e-14
397 2.33147e-15
398 -1.64313e-14
399 -1.70366e-15
400 2.9976e-14
401 -4.24235e-14
402 -1.68458e-13
403 -1.76525e-14
404 -4.59323e-15
405 -1.77636e-15
406 -7.07213e-14
407 -6.88338e-15
408 -1.5099e-14
409 3.4639e-14
410 -2.05486e-14
411 1.29896e-14
412 -5.53833e-16
413 -3.00526e-14
414 3.57207e-15
415 -1.40631e-13
416 -3.56937e-14
417 2.26485e-14
418 5.45675e-14
419 7.9193e-14
420 4.06342e-14
421 1.31839e-15
422 1.33227e-15
423 -7.76783e-15
424 -5.41932e-15
425 4.50839e-14
426 8.47478e-15
427 -1.53114e-14
428 -1.12424e-13
429 -1.18841e-14
430 3.89688e-13
431 -8.24688e-15
432 -2.57314e-14
433 1.76871e-14
434 7.61752e-14
435 -7.77711e-14
436 4.28546e-14
437 2.66454e-15
438 -5.66214e-15
439 -1.74276e-14
440 -3.03537e-13
441 -4.60743e-15
442 7.88726e-14
443 -7.03779e-15
444 2.88658e-15
445 3.55271e-14
446 -1.3789e-13
447 -8.54343e-15
448 -1.37382e-12
449 3.77476e-14
450 4.996e-15
451 1.80768e-14
452 7.42739e-14
453 -1.00896e-13
454 -1.30562e-13
455 -1.83187e-15
456 1.01807e-13
457 1.15463e-14
458 9.72139e-15
459 5.61773e-14
460 4.44089e-15
461 1.9984e-15
462 -3.06144e-14
463 7.63278e-14
464 -6.02296e-15
465 -3.07938e-13
466 8.65552e-15
467 7.37188e-14
468 8.85596e-14
469 -6.98087e-13
470 -4.44089e-15
471 -5.21805e-15
472 -1.27023e-14
473 -6.53123e-16
474 0
475 3.77476e-15
476 6.4837e-14
477 -2.10333e-13
478 9.86822e-13
479 6.53366e-14
480 -1.58616e-13
481 -9.54792e-15
482 3.9968e-15
483 3.21965e-15
484 1.24118e-14
485 -2.10942e-15
486 -6.30052e-15
487 4.31642e-14
488 -1.98801e-16
489 8.77076e-14
490 -6.12843e-14
491 -1.33459e-14
492 9.76996e-15
493 -7.25642e-13
494 -8.67189e-14
495 -7.32747e-15
496 2.19991e-13
497 -2.27707e-13
498 -2.4647e-14
499 1.38772e-13
500 -6.72518e-14
501 -6.46705e-15
502 9.74498e-14
503 0
504 8.29525e-15
505 -2.93099e-14
506 -7.30527e-14
507 -2.4758e-14
508 -5.80169e-14
509 7.6894e-13
510 1.06368e-14
511 6.97664e-13
512 -1.06304e-14
513 -5.17936e-15
514 -5.25024e-13
515 -2.15877e-14
516 -5.35127e-14
517 1.79986e-13
518 -2.90878e-14
519 5.10703e-15
520 -9.57012e-14
521 -3.51667e-14
522 9.55374e-14
523 0
524 2.5091e-14
525 -4.37199e-15
526 -1.0061e-12
527 -7.10542e-15
528 8.23497e-16
529 2.04281e-14
530 2.22045e-16
531 -3.81917e-14
532 6.08402e-14
533 -2.58918e-14
534 -1.01696e-13
535 1.06026e-14
536 -1.32933e-14
537 2.16493e-15
538 1.2812e-13
539 5.8942e-15
540 -8.88178e-16
541 6.4948e-14
542 -9.03974e-13
543 -4.04121e-14
544 -4.12725e-14
545 -3.05311e-14
546 8.39939e-14
547 -4.44089e-16
548 8.82072e-14
549 4.04874e-13
550 -2.27596e-15
551 4.31845e-14
552 -3.33067e-14
553 -8.00562e-14
554 -1.3719e-12
555 -1.57652e-14
556 -2.43559e-14
557 1.41307e-14
558 1.54425e-14
559 8.04773e-16
560 8.74856e-14
561 -1.36627e-14
562 -3.5083e-14
563 1.57652e-14
564 -2.56462e-14
565 2.22045e-15
566 7.4607e-14
567 1.44329e-15
568 -3.10862e-14
569 3.94129e-15
570 -3.10862e-15
571 -9.32587e-15
572 -3.49922e-14
573 5.12389e-14
574 -8.88178e-16
575 -2.464e-14
576 -1.04361e-14
577 1.03157e-14
578 2.39198e-13
579 -1.75637e-13
580 2.15009e-14
581 3.08642e-14
582 2.53131e-14
583 2.8888e-13
584 2.17663e-14
585 6.77236e-15
586 -5.64548e-14
587 7.019e-14
588 -3.03668e-13
589 -7.02265e-14
590 3.73923e-15
591 -9.14269e-14
592 -7.32747e-15
593 5.86198e-14
594 4.94659e-14
595 -2.06363e-14
596 5.71765e-15
597 2.43863e-15
598 9.4369e-16
599 5.8649e-14
600 3.42303e-14
601 -8.62643e-14
602 -1.1744e-14
603 4.21336e-13
604 9.64832e-15
605 -1.15685e-13
606 2.9283e-12
607 -1.06581e-14
608 -1.15414e-13
609 1.28786e-14
610 -3.03132e-14
611 1.01652e-12
612 -1.40218e-14
613 7.54952e-15
614 -1.34337e-14
615 -1.11654e-13
616 9.77935e-15
617 1.18722e-15
618 6.85216e-15
619 -9.4629e-13
620 1.29896e-14
621 -3.66374e-14
622 2.28706e-13
623 -3.09086e-13
624 1.21292e-13
625 2.09089e-13
626 3.27849e-13
627 -1.22787e-13
628 -7.6299e-14
629 1.04028e-13
630 6.38378e-15
631 -2.62661e-13
632 2.3892e-13
633 -1.5099e-14
634 -2.97962e-15
635 1.77636e-15
636 2.88658e-15
637 3.32455e-13
638 -8.17124e-14
639 -6.66134e-16
640 -1.42664e-14
641 9.99201e-15
642 7.68274e-14
643 -5.36238e-14
644 4.4964e-15
645 -4.10783e-15
646 -1.33227e-14
647 -2.00423e-13
648 -8.88178e-16
649 8.51685e-14
650 -2.56462e-14
651 -2.80886e-14
652 4.32789e-13
653 -1.31102e-13
654 -4.86833e-14
655 -1.43102e-12
656 -2.06436e-14
657 -3.28138e-15
658 2.66454e-15
659 -9.04832e-14
660 -6.39488e-14
661 -7.32064e-14
662 -2.56462e-14
663 8.16165e-15
664 -2.53131e-14
665 5.60442e-13
666 1.07858e-13
667 -1.86517e-14
668 1.06581e-14
669 3.19744e-14
670 1.93327e-13
671 1.24345e-14
672 -6.99441e-15
673 7.43849e-15
674 7.32747e-15
675 6.88338e-15
676 -1.64091e-13
677 -9.39334e-14
678 2.16697e-14
679 -8.24028e-14
680 6.60583e-15
681 -1.82962e-14
682 -6.21277e-14
683 4.93015e-14
684 7.68829e-15
685 -4.4853e-14
686 1.31789e-13
687 -1.61926e-13
688 -7.59393e-14
689 1.24345e-14
690 -1.29896e-14
691 -2.66633e-14
692 1.89848e-14
693 2.91098e-14
694 -1.82521e-13
695 1.99618e-13
696 -8.88178e-16
697 8.71525e-15
698 3.08642e-14
699 8.61675e-15
700 -1.80578e-13
701 -9.85878e-14
702 3.70814e-14
703 9.69225e-14
704 1.35447e-14
705 -1.61839e-13
706 -1.97453e-13
707 5.18219e-14
708 -2.66454e-15
709 2.93099e-14
710 -1.7264e-14
711 -4.32023e-13
712 1.62093e-14
713 -2.20934e-14
714 -3.81917e-14
715 -2.81164e-13
716 1.9984e-15
717 3.04851e-14
718 3.86358e-14
719 -4.4853e-14
720 2.77556e-14
721 3.28124e-13
722 -3.64708e-14
723 -2.3483e-13
724 -2.19824e-14
725 5.32574e-13
726 -1.98018e-14
727 2.17459e-13
728 -6.21725e-15
729 -1.48215e-13
730 -1.73315e-15
731 -4.08087e-16
732 1.34862e-12
733 8.04536e-13
734 -1.36058e-13
735 -1.10705e-14
736 -7.77156e-16
737 -9.99201e-15
738 -1.99396e-13
739 -3.84914e-15
740 5.07927e-14
741 4.17127e-15
742 -1.77636e-15
743 3.78586e-14
744 -3.45057e-13
745 -1.7325e-13
746 1.3145e-13
747 4.07874e-14
748 1.35447e-14
749 3.56746e-13
750 2.3954e-14
751 -6.21725e-15
752 3.16326e-13
753 6.55482e-14
754 -1.89756e-13
755 4.32107e-14
756 3.07787e-13
757 8.03801e-14
758 -2.52576e-14
759 3.30708e-14
760 2.07112e-13
761 1.30078e-13
762 -1.28945e-13
763 1.09773e-14
764 2.75335e-14
765 -6.27793e-13
766 -2.22933e-13
767 -5.23759e-14
768 2.66454e-14
769 -7.28584e-16
770 8.49321e-15
771 -8.66668e-15
772 3.58196e-14
773 -8.55775e-15
774 -1.53332e-13
775 -7.68274e-14
776 2.48968e-13
777 9.65894e-15
778 -1.33116e-13
779 -2.22177e-14
780 1.88738e-14
781 3.98065e-13
782 1.46854e-12
783 5.04041e-14
784 1.40443e-14
785 1.06581e-14
786 -7.46351e-14
787 -4.36318e-13
788 1.16462e-13
789 7.4607e-14
790 9.99201e-16
791 5.34053e-13
792 7.38298e-15
793 0
794 9.68114e-14
795 -5.2508e-13
796 -5.19884e-14
797 3.58032e-14
798 -3.03979e-13
799 -2.46999e-14
800 -3.03159e-15
801 -1.02141e-14
802 -1.77414e-13
803 -1.42442e-13
804 4.10783e-15
805 1.75416e-13
806 4.75759e-16
807 -7.49401e-15
808 -6.27862e-14
809 -2.7034e-14
810 -2.9684e-14
811 3.10217e-14
812 -1.35447e-14
813 1.17684e-14
814 -7.46625e-15
815 -1.40964e-14
816 2.19867e-15
817 -2.32592e-14
818 -2.09482e-13
819 2.69784e-14
820 5.4845e-14
821 3.86358e-14
822 8.67639e-14
823 -3.97793e-13
824 5.10703e-15
825 -5.77316e-15
826 -2.79871e-13
827 6.245e-17
828 4.12378e-14
829 1.37059e-14
830 -1.64315e-14
831 1.08802e-14
832 -1.52101e-13
833 -6.72653e-14
834 -3.88578e-15
835 -2.4647e-14
836 -8.74856e-14
837 -1.08802e-14
838 1.9984e-15
839 2.78944e-13
840 6.98386e-13
841 2.07612e-14
842 4.739e-14
843 -5.82645e-13
844 -8.27116e-14
845 -2.22045e-15
846 -6.64024e-13
847 1.81896e-12
848 -8.20244e-15
849 7.99361e-14
850 1.13243e-14
851 8.21565e-15
852 -5.32907e-15
853 -9.10383e-15
854 -7.00169e-13
855 -9.10383e-15
856 1.86962e-14
857 1.03806e-14
858 -3.18749e-17
859 -2.54278e-14
860 1.77636e-15
861 2.24931e-13
862 -4.10783e-15
863 1.73195e-14
864 7.4261e-16
865 -2.02172e-13
866 -2.10381e-13
867 -4.88498e-15
868 -6.66134e-15
869 -1.42146e-14
870 5.4845e-14
871 -3.55252e-15
872 -5.92248e-14
873 -1.64313e-14
874 -4.847e-14
875 -5.78147e-13
876 7.08296e-15
877 -7.77156e-16
878 -2.90851e-14
879 -9.35756e-14
880 -3.83388e-13
881 6.98876e-14
882 -8.76854e-13
883 -9.27397e-14
884 1.38049e-13
885 2.28706e-13
886 1.249e-14
887 1.84297e-14
888 5.11895e-14
889 8.60472e-14
890 1.22125e-15
891 -1.57652e-14
892 -4.82106e-13
893 5.32907e-15
894 -1.50423e-13
895 -8.43769e-15
896 -6.79456e-14
897 6.64872e-14
898 -1.66533e-15
899 2.39112e-13
900 -2.57572e-14
901 8.04912e-14
902 -5.33641e-14
903 -1.0969e-12
904 1.70383e-14
905 6.44036e-16
906 -2.85605e-14
907 -2.44249e-15
908 1.0462e-13
909 -5.44284e-14
910 3.66189e-14
911 -1.72034e-13
912 -4.44089e-14
913 1.77276e-14
914 -1.94531e-14
915 -3.40895e-13
916 -1.04499e-13
917 -3.49421e-13
918 -4.58522e-14
919 6.96119e-15
920 -2.3167e-13
921 -5.82867e-14
922 8.17124e-14
923 -1.15954e-14
924 -1.77657e-15
925 1.90471e-14
926 -2.03973e-13
927 -1.73195e-14
928 -8.21565e-15
929 -3.10862e-15
930 -4.71845e-15
931 1.66533e-14
932 -1.11022e-15
933 4.18476e-14
934 -9.76996e-14
935 -2.30926e-14
936 -7.99361e-15
937 5.63993e-14
938 1.27285e-14
939 1.08691e-15
940 1.63474e-13
941 1.16573e-14
942 -4.81133e-14
943 -1.09037e-14
944 -1.43819e-14
945 5.42677e-13
946 -6.09116e-16
947 -3.61933e-14
948 6.4504e-14
949 -1.59317e-14
950 -9.54792e-15
951 2.27929e-13
952 7.56098e-14
953 -5.01279e-15
954 2.10942e-14
955 -1.33227e-15
956 2.37588e-14
957 -5.36178e-16
958 1.429e-13
959 5.31816e-14
960 3.43278e-14
961 -2.68452e-14
962 1.28786e-13
963 7.10543e-15
964 -1.11022e-15
965 -2.64233e-14
966 -1.02141e-14
967 7.99361e-15
968 9.1055e-14
969 1.30966e-14
970 1.46549e-14
971 -4.89813e-14
972 -5.66214e-15
973 -1.88959e-13
974 1.04172e-12
975 1.61032e-15
976 -2.0263e-13
977 -3.88578e-15
978 8.47933e-15
979 -5.21738e-15
980 -4.88498e-14
981 -2.54207e-14
982 3.43023e-14
983 3.08642e-14
984 -6.00238e-15
985 -1.77636e-14
986 1.55431e-15
987 -2.12719e-12
988 -7.6128e-13
989 1.23859e-14
990 2.61458e-14
991 1.13735e-12
992 -5.25028e-14
993 -4.39648e-14
994 2.87855e-14
995 -1.42109e-14
996 -7.13981e-15
997 1.38445e-13
998 -1.55431e-15
999 4.88498e-15
1000 -6.15064e-14
1001 5.10703e-15
1002 1.24345e-14
1003 3.44434e-14
1004 -3.46945e-17
1005 -5.25691e-14
1006 2.0746e-13
1007 -1.57305e-12
1008 -8.88178e-16
1009 3.4972e-15
1010 -1.49325e-14
1011 -2.32259e-13
1012 -1.20503e-13
1013 9.59233e-14
1014 4.13558e-14
1015 -2.74464e-13
1016 8.70432e-13
1017 -4.19877e-17
1018 2.28678e-13
1019 7.82263e-13
1020 5.40124e-14
1021 -6.35814e-15
1022 -1.49792e-13
1023 1.44523e-12
1024 -1.11022e-16
1025 8.19345e-14
1026 2.90063e-14
1027 -1.54321e-14
1028 2.22045e-14
1029 1.55431e-13
1030 -6.52022e-14
1031 7.85483e-14
1032 1.0279e-13
1033 -5.95635e-14
1034 -8.28504e-15
1035 5.55112e-14
1036 -7.10552e-15
1037 -1.18201e-15
1038 0
1039 2.5515e-13
1040 7.2735e-14
1041 -2.11789e-13
1042 4.88498e-14
1043 -1.77636e-15
1044 -3.14245e-14
1045 -7.2012e-14
1046 7.77156e-15
1047 1.22394e-12
1048 7.26554e-15
1049 -1.09746e-13
1050 -1.78616e-13
1051 1.13243e-14
1052 0
1053 -9.52016e-14
1054 7.77156e-16
1055 1.2704e-14
1056 -3.9968e-15
1057 -5.56993e-14
1058 3.91193e-14
1059 -2.84051e-14
1060 -7.71619e-13
1061 1.35447e-14
1062 -5.10703e-14
1063 -3.94684e-14
1064 2.09643e-15
1065 -2.08944e-13
1066 -1.47715e-13
1067 -6.06182e-14
1068 2.4869e-14
1069 1.18879e-14
1070 4.66294e-15
1071 3.05339e-13
1072 -1.33227e-15
1073 -2.12986e-14
1074 1.96255e-14
1075 -7.01451e-15
1076 5.05151e-13
1077 1.11022e-14
1078 8.53222e-15
1079 2.70894e-14
1080 -8.3622e-13
1081 9.96314e-13
1082 -2.24265e-14
1083 1.55875e-13
1084 2.78888e-13
1085 1.03311e-12
1086 7.21645e-16
1087 -9.50979e-14
1088 -6.66134e-16
1089 -1.0238e-12
1090 -5.06817e-14
1091 2.66454e-14
1092 2.02061e-14
1093 -4.28269e-14
1094 -9.86249e-14
1095 6.25647e-14
1096 2.56583e-14
1097 3.90549e-13
1098 5.70609e-14
1099 2.39225e-14
1100 6.7446e-15
1101 -1.55728e-15
1102 8.21565e-15
1103 -3.58888e-13
1104 -1.81938e-14
1105 -1.15463e-14
1106 1.4877e-14
1107 -5.50993e-15
1108 -2.77927e-14
1109 2.39808e-14
1110 3.21965e-15
1111 -4.80199e-15
1112 -1.53625e-14
1113 -2.30513e-13
1114 3.1389e-14
1115 -5.95005e-14
1116 -2.14638e-14
1117 -5.50116e-14
1118 -3.33067e-15
1119 -1.63203e-14
1120 -1.11022e-15
1121 6.89413e-15
1122 -1.2294e-14
1123 -6.2817e-15
1124 -1.37579e-14
1125 -1.95399e-14
1126 -7.58633e-14
1127 -7.21645e-15
1128 -5.68989e-15
1129 2.19824e-14
1130 4.1589e-13
1131 -8.8235e-14
1132 -1.68754e-14
1133 -2.54241e-14
1134 -9.94881e-15
1135 -1.03195e-13
1136 -2.6348e-14
1137 1.83187e-14
1138 1.75785e-14
1139 3.29134e-14
1140 9.19399e-14
1141 -1.50435e-14
1142 -7.90479e-14
1143 2.27682e-14
1144 1.2266e-14
1145 1.98413e-13
1146 5.55112e-15
1147 -3.49958e-14
1148 1.28041e-14
1149 -7.55646e-15
1150 1.69408e-13
1151 -1.98175e-14
1152 -5.84865e-13
1153 3.77725e-14
1154 2.77556e-15
1155 -1.92854e-13
1156 1.26799e-12
1157 -3.04201e-14
1158 1.60938e-13
1159 -1.14658e-13
1160 -5.9952e-15
1161 1.46281e-13
1162 -1.13989e-13
1163 5.55112e-17
1164 5.86198e-14
1165 -3.19744e-14
1166 -5.21361e-13
1167 6.57252e-14
1168 2.04281e-14
1169 -1.37668e-14
1170 1.36268e-13
1171 4.53267e-13
1172 -9.54792e-15
1173 -1.65423e-14
1174 -9.06775e-14
1175 -5.91194e-15
1176 -4.44256e-15
1177 1.38384e-14
1178 1.37524e-14
1179 -2.14939e-13
1180 1.02696e-15
1181 -1.31221e-15
1182 5.03486e-14
1183 -2.81997e-14
1184 1.95399e-14
1185 -2.33147e-15
1186 -2.13163e-14
1187 3.15316e-14
1188 1.68754e-13
1189 -1.07243e-14
1190 2.22045e-16
1191 -4.00791e-14
1192 2.38698e-14
1193 1.25233e-13
1194 -5.17364e-14
1195 -1.35562e-13
1196 -2.22045e-14
1197 2.10498e-13
1198 9.1438e-13
1199 -5.32213e-15
1200 -1.98287e-13
1201 -2.54796e-14
1202 2.12015e-13
1203 2.92219e-13
1204 3.25379e-14
1205 1.60982e-14
1206 -1.9023e-13
1207 -6.66134e-15
1208 2.21712e-13
1209 -5.66214e-15
1210 0
1211 -4.93079e-14
1212 0
1213 3.50386e-13
1214 1.30989e-13
1215 6.44275e-14
1216 -4.55831e-15
1217 2.77556e-14
1218 1.51304e-13
1219 2.98428e-13
1220 1.99174e-13
1221 1.93179e-14
1222 -7.77156e-16
1223 5.75096e-14
1224 -2.80418e-14
1225 4.64073e-14
1226 3.21965e-15
1227 -4.61077e-14
1228 5.93184e-13
1229 -1.98848e-15
1230 -3.0298e-13
1231 7.45306e-14
1232 -9.41469e-14
1233 1.13427e-13
1234 3.66374e-13
1235 -3.21965e-15
1236 5.59767e-16
1237 -6.66134e-14
1238 0
1239 -3.09197e-14
1240 -1.4031e-14
1241 4.91829e-14
1242 1.15463e-14
1243 -9.63674e-14
1244 -1.75207e-14
1245 2.22045e-15
1246 2.2482e-15
1247 -6.91241e-14
1248 4.86534e-15
1249 4.36205e-15
1250 -2.68674e-14
1251 6.54476e-14
1252 -3.19744e-14
1253 6.38378e-15
1254 1.52545e-13
1255 -2.21045e-13
1256 -4.10783e-15
1257 8.66307e-13
1258 -1.51962e-14
1259 -1.02087e-14
1260 4.59632e-14
1261 -1.53218e-14
1262 2.51481e-14
1263 9.32587e-15
1264 -7.49518e-16
1265 3.28626e-14
1266 -3.85803e-14
1267 2.22045e-15
1268 3.17524e-14
1269 -2.61249e-14
1270 -9.10383e-15
1271 -3.39709e-14
1272 1.71765e-15
1273 2.60347e-14
1274 -5.24025e-14
1275 1.9984e-15
1276 -7.54952e-15
1277 -4.2097e-14
1278 5.55136e-14
1279 -2.04059e-13
1280 6.80012e-16
1281 3.64153e-14
1282 2.96208e-13
1283 1.02755e-13
1284 -1.89015e-14
1285 1.88738e-14
1286 1.27413e-14
1287 3.27793e-13
1288 2.1716e-13
1289 1.672e-13
1290 2.66454e-15
1291 5.85643e-13
1292 -7.35844e-15
1293 -3.37508e-14
1294 -8.40661e-13
1295 1.04056e-13
1296 9.68114e-14
1297 1.11411e-12
1298 2.18714e-14
1299 -1.44329e-14
1300 -7.55566e-14
1301 3.06422e-14
1302 -5.26743e-14
1303 3.83082e-15
1304 4.14763e-16
1305 7.59166e-14
1306 1.33671e-13
1307 3.31193e-14
1308 7.42406e-13
1309 -5.80875e-14
1310 -1.33227e-15
1311 1.23471e-13
1312 5.62467e-14
1313 6.51988e-14
1314 -5.52891e-14
1315 -2.84328e-13
1316 -6.40566e-14
1317 -5.56777e-14
1318 -1.24789e-13
1319 -1.39999e-13
1320 -1.52656e-14
1321 -1.26232e-13
1322 -9.32587e-15
1323 -2.3237e-13
1324 1.13243e-14
1325 5.7665e-13
1326 9.5135e-13
1327 -2.2888e-13
1328 -8.80191e-16
1329 -2.82804e-13
1330 -8.10463e-15
1331 7.89974e-14
1332 2.56302e-13
1333 1.20933e-12
1334 5.27855e-14
1335 -1.62093e-14
1336 1.11022e-13
1337 0
1338 5.33195e-17
1339 1.44329e-15
1340 3.06699e-15
1341 -2.64122e-13
1342 1.95767e-14
1343 6.62838e-14
1344 -1.12022e-13
1345 4.04898e-13
1346 -5.2926e-14
1347 8.08242e-14
1348 6.75604e-14
1349 6.92728e-14
1350 2.14478e-12
1351 3.41949e-14
1352 8.72139e-14
1353 -1.68199e-14
1354 -4.60465e-14
1355 5.76206e-14
1356 1.01419e-13
1357 3.03993e-14
1358 1.14908e-13
1359 -8.99281e-15
1360 -1.02177e-14
1361 -5.46785e-15
1362 2.83883e-14
1363 1.76525e-14
1364 -7.77156e-15
1365 5.10703e-15
1366 -1.15716e-14
1367 -1.08298e-13
1368 6.88893e-14
1369 -2.72005e-14
1370 -1.00468e-13
1371 -1.34615e-14
1372 1.11633e-13
1373 -3.15026e-14
1374 -3.04479e-14
1375 3.55909e-14
1376 6.52256e-15
1377 2.27596e-14
1378 -4.43143e-13
1379 8.8124e-15
1380 1.11022e-15
1381 -1.4988e-14
1382 2.13423e-14
1383 -6.85563e-15
1384 2.14748e-14
1385 2.24265e-14
1386 1.68449e-13
1387 5.50601e-15
1388 -1.58484e-13
1389 2.67184e-14
1390 -2.21489e-14
1391 3.33067e-16
1392 3.33622e-14
1393 1.39888e-13
1394 -1.23568e-13
1395 8.37663e-13
1396 3.12625e-13
1397 7.10543e-15
1398 -1.67089e-14
1399 5.27356e-16
1400 4.2161e-13
1401 1.09196e-13
1402 -1.21502e-13
1403 1.28716e-14
1404 1.27121e-14
1405 8.38218e-15
1406 -4.95262e-14
1407 9.58664e-14
1408 3.16136e-14
1409 3.86913e-14
1410 6.08542e-14
1411 7.82676e-15
1412 -3.29736e-14
1413 -1.4628e-14
1414 3.46361e-14
1415 1.33504e-14
1416 7.82707e-15
1417 -4.08354e-14
1418 1.76942e-14
1419 -5.12949e-14
1420 3.47777e-13
1421 -2.27596e-15
1422 -3.27516e-14
1423 2.45826e-13
1424 3.37751e-14
1425 -2.07057e-13
1426 1.07398e-13
1427 -1.23512e-14
1428 1.49325e-14
1429 1.19399e-14
1430 -1.33227e-15
1431 -5.72622e-14
1432 -1.78246e-13
1433 -1.40764e-13
1434 -9.80387e-15
1435 -9.76996e-15
1436 -3.17524e-14
1437 -7.05046e-14
1438 -2.58127e-14
1439 -8.37124e-14
1440 -1.38778e-14
1441 -5.66373e-13
1442 -1.89065e-17
1443 5.95221e-14
1444 1.51643e-13
1445 7.76323e-14
1446 5.89973e-13
1447 -1.85486e-14
1448 -0
1449 -3.8286e-13
1450 1.04361e-14
1451 -4.50166e-13
1452 1.15572e-13
1453 -7.33635e-13
1454 -3.07532e-14
1455 -1.04277e-13
1456 7.90882e-15
1457 -4.78784e-15
1458 -5.76483e-14
1459 -2.86947e-12
1460 7.88258e-15
1461 5.99902e-13
1462 1.40353e-15
1463 -9.70921e-15
1464 -5.55112e-15
1465 1.74617e-13
1466 -6.87159e-14
1467 6.59472e-14
1468 -1.25187e-14
1469 -6.28664e-14
1470 -6.39663e-13
1471 -9.17324e-14
1472 -4.64173e-13
1473 4.10783e-15
1474 -1.54043e-14
1475 -1.13649e-13
1476 -4.96237e-17
1477 -4.49502e-14
1478 -1.25323e-15
1479 7.21645e-15
1480 -7.59809e-16
1481 -2.32716e-13
1482 -6.67703e-14
1483 -1.24357e-13
1484 2.21628e-13
1485 -1.70836e-13
1486 1.71252e-14
1487 3.98171e-14
1488 4.72677e-14
1489 -3.02536e-15
1490 4.4853e-14
1491 -2.45637e-15
1492 -1.04333e-13
1493 2.48951e-16
1494 -8.49321e-15
1495 -2.20997e-13
1496 -5.45985e-13
1497 -6.91114e-15
1498 -2.90436e-14
1499 -5.44564e-14
1500 -2.17044e-13
1501 -2.33147e-15
1502 1.68893e-14
1503 4.72955e-14
1504 -5.55465e-16
1505 -3.80806e-14
1506 9.96811e-15
1507 -5.08449e-14
1508 -2.8657e-14
1509 7.11237e-15
1510 -3.83027e-14
1511 -1.26288e-14
1512 -5.3943e-14
1513 -4.85158e-14
1514 -2.27651e-13
1515 -4.62824e-15
1516 -8.04912e-16
1517 -2.75016e-14
1518 -1.26234e-15
1519 -1.2824e-14
1520 1.18914e-14
1521 3.45236e-14
1522 -1.00281e-13
1523 -5.41284e-15
1524 1.70947e-13
1525 -9.03097e-15
1526 -1.60227e-14
1527 -4.32869e-15
1528 3.50761e-14
1529 -3.31957e-13
1530 1.419e-14
1531 7.99361e-15
1532 6.85979e-14
1533 2.55764e-15
1534 -4.12634e-14
1535 3.63598e-15
1536 7.3426e-14
1537 9.75824e-16
1538 -3.42448e-13
1539 -4.64906e-15
1540 -1.44995e-13
1541 1.84711e-15
1542 -6.81761e-13
1543 -2.7367e-14
1544 -2.94209e-15
1545 5.09614e-13
1546 -3.9995e-14
1547 -3.13424e-14
1548 -5.01543e-14
1549 -1.50713e-14
1550 1.42109e-14
1551 9.54792e-14
1552 1.58207e-15
1553 -1.18782e-13
1554 -5.31242e-14
1555 -4.03844e-15
1556 -3.69982e-14
1557 -1.08802e-14
1558 1.51545e-14
1559 -6.89745e-14
1560 2.76569e-14
1561 6.28941e-14
1562 -2.42563e-13
1563 5.13639e-13
1564 5.09488e-15
1565 -3.65263e-14
1566 6.45699e-15
1567 -2.34101e-14
1568 -0
1569 2.09277e-14
1570 5.08482e-14
1571 -1.42758e-13
1572 1.55275e-12
1573 -2.3587e-14
1574 -1.81288e-12
1575 1.12063e-14
1576 -1.13798e-15
1577 -1.17961e-14
1578 -3.30393e-14
1579 1.24206e-15
1580 4.22252e-13
1581 1.06968e-13
1582 -1.49233e-13
1583 -2.27984e-13
1584 1.09135e-13
1585 4.77055e-15
1586 2.52576e-15
1587 -2.54019e-13
1588 7.35157e-14
1589 -2.09832e-14
1590 4.70179e-14
1591 -1.48312e-13
1592 -4.19387e-14
1593 4.43217e-13
1594 5.15855e-14
1595 -2.24959e-14
1596 1.67616e-13
1597 -0
1598 5.60732e-14
1599 -5.01821e-14
1600 2.40988e-14
1601 2.47025e-15
1602 9.2045e-14
1603 3.56215e-13
1604 1.31166e-14
1605 6.90448e-13
1606 -8.556e-14
1607 5.72097e-14
1608 -9.14824e-13
1609 -1.69204e-13
1610 1.2379e-14
1611 1.25085e-12
1612 -2.43583e-13
1613 -7.88258e-15
1614 8.48349e-14
1615 1.4866e-14
1616 -6.18006e-14
1617 -0
1618 -1.9984e-14
1619 -6.75088e-15
1620 -7.77608e-14
1621 -5.10465e-17
1622 -3.13307e-16
1623 -3.26822e-15
1624 1.35281e-13
1625 2.39808e-14
1626 2.07334e-13
1627 -5.31239e-14
1628 3.87407e-15
1629 1.385e-14
1630 5.05961e-15
1631 1.17129e-14
1632 5.62661e-13
1633 -2.9995e-14
1634 -1.33227e-15
1635 1.34059e-14
1636 2.36081e-13
1637 1.84464e-13
1638 8.84154e-14
1639 7.9492e-14
1640 3.07917e-14
1641 -3.60822e-16
1642 1.38916e-13
1643 2.36095e-15
1644 5.55112e-15
1645 3.94985e-15
1646 2.17049e-14
1647 -3.04047e-14
1648 -2.68438e-13
1649 -1.27121e-14
1650 4.11473e-14
1651 -1.50811e-15
1652 1.27074e-13
1653 -3.14279e-16
1654 2.01505e-14
1655 -3.59088e-15
1656 5.10703e-14
1657 9.21485e-15
1658 -1.51025e-14
1659 -1.9984e-15
1660 -1.8513e-14
1661 5.9619e-14
1662 1.74305e-14
1663 1.26288e-15
1664 -7.63278e-15
1665 2.52021e-14
1666 6.57067e-15
1667 4.05384e-14
1668 -1.39888e-14
1669 -2.3487e-14
1670 -2.09832e-14
1671 5.60728e-14
1672 2.57946e-13
1673 1.7425e-13
1674 3.47625e-14
1675 -4.10505e-14
1676 -3.4972e-14
1677 -2.13371e-13
1678 -1.69127e-14
1679 -1.28786e-14
1680 2.73739e-15
1681 2.1686e-13
1682 2.38318e-14
1683 -2.48235e-13
1684 5.68333e-14
1685 4.9713e-13
1686 6.73073e-15
1687 -1.26787e-13
1688 -3.75033e-14
1689 1.85962e-15
1690 1.64146e-13
1691 -6.43131e-14
1692 -1.66518e-14
1693 3.67042e-14
1694 1.45561e-13
1695 2.44221e-13
1696 5.76165e-14
1697 1.09888e-12
1698 3.97405e-14
1699 -2.00534e-14
1700 4.67473e-12
1701 2.40918e-14
1702 7.15025e-14
1703 -8.71525e-15
1704 5.98813e-14
1705 1.2268e-13
1706 2.31029e-15
1707 -5.55112e-15
1708 -1.00475e-14
1709 2.13037e-14
1710 4.7175e-15
1711 -2.83881e-14
1712 6.177e-14
1713 3.89849e-13
1714 7.85483e-15
1715 -4.01901e-14
1716 -1.73528e-13
1717 -1.32561e-13
1718 8.23092e-14
1719 -8.19622e-14
1720 3.39395e-13
1721 3.25256e-14
1722 3.43165e-13
1723 5.77316e-15
1724 -2.80331e-15
1725 -5.32916e-14
1726 1.2057e-13
1727 -1.8624e-14
1728 -2.85389e-14
1729 8.54872e-15
1730 -7.43849e-15
1731 -7.44574e-13
1732 -7.35856e-13
1733 -1.72085e-15
1734 -2.54519e-14
1735 2.02616e-14
1736 -4.61298e-14
1737 -1.67394e-13
1738 1.67366e-14
1739 2.22045e-15
1740 -1.44884e-14
1741 -2.94105e-14
1742 4.44089e-15
1743 8.60674e-14
1744 2.42251e-13
1745 -1.62925e-14
1746 3.18715e-13
1747 -4.47429e-13
1748 9.60343e-15
1749 3.81409e-14
1750 -2.57914e-14
1751 -2.75967e-14
1752 -1.57374e-14
1753 -7.39103e-13
1754 5.87308e-14
1755 -2.19458e-13
1756 -6.37643e-13
1757 1.44051e-14
1758 -4.4964e-15
1759 2.34825e-13
1760 -2.96291e-14
1761 -3.71925e-15
1762 -2.69229e-15
1763 -1.15019e-13
1764 5.95154e-14
1765 2.97262e-14
1766 2.48065e-14
1767 2.9976e-15
1768 -7.82707e-15
1769 -1.73972e-13
1770 -8.24091e-13
1771 -6.11205e-14
1772 -1.69157e-14
1773 3.37201e-13
1774 -9.94482e-14
1775 -2.26353e-14
1776 -3.40494e-14
1777 -1.01708e-15
1778 1.32672e-14
1779 2.90323e-14
1780 -1.38941e-13
1781 9.4369e-15
1782 -6.33382e-14
1783 -5.38736e-14
1784 -7.21645e-15
1785 9.99164e-15
1786 9.29812e-15
1787 -1.8232e-14
1788 -3.28472e-13
1789 1.64313e-13
1790 1.51545e-14
1791 -4.19109e-15
1792 3.09752e-14
1793 1.11065e-14
1794 4.11338e-14
1795 -4.99045e-14
1796 1.3381e-13
1797 5.06817e-14
1798 -6.66134e-16
1799 9.37955e-13
1800 7.86871e-14
1801 -2.47242e-14
1802 -1.09079e-13
1803 -8.01581e-14
1804 -5.83422e-14
1805 1.60757e-13
1806 8.16014e-15
1807 -2.05114e-14
1808 4.89608e-14
1809 3.53606e-13
1810 -8.32667e-16
1811 4.23823e-14
1812 -7.10543e-15
1813 6.3366e-14
1814 4.84612e-14
1815 -1.82795e-13
1816 3.3841e-13
1817 -1.83245e-15
1818 2.22045e-14
1819 9.4591e-14
1820 -6.78793e-14
1821 1.82929e-13
1822 2.29816e-14
1823 -1.27554e-13
1824 -1.05105e-14
1825 1.89935e-16
1826 1.04181e-12
1827 4.89483e-13
1828 -1.32616e-13
1829 1.42974e-13
1830 -2.22045e-16
1831 -3.08947e-13
1832 7.66609e-14
1833 1.75551e-14
1834 -3.76782e-14
1835 -2.88485e-14
1836 2.38698e-15
1837 6.4504e-14
1838 3.74145e-14
1839 -1.26496e-13
1840 7.92866e-13
1841 1.02333e-13
1842 -3.85247e-14
1843 2.09374e-13
1844 -2.50193e-14
1845 -2.39808e-14
1846 -1.28755e-13
1847 4.39471e-13
1848 6.14178e-14
1849 -3.7596e-14
1850 -1.53772e-13
1851 -1.58151e-13
1852 -1.51025e-13
1853 -3.76157e-14
1854 5.90361e-14
1855 -1.10274e-13
1856 -2.64707e-14
1857 6.11247e-14
1858 -2.79499e-14
1859 -2.0707e-13
1860 1.03095e-12
1861 2.20056e-14
1862 2.72005e-15
1863 -1.79717e-14
1864 8.91509e-14
1865 -5.87169e-14
1866 4.67452e-14
1867 -4.68561e-15
1868 7.02881e-14
1869 1.92402e-13
1870 -2.15383e-14
1871 4.69069e-15
1872 -1.99146e-13
1873 4.54201e-15
1874 1.46549e-14
1875 9.50534e-14
1876 5.33491e-13
1877 -4.13003e-14
1878 2.69229e-15
1879 4.94049e-15
1880 -7.95236e-14
1881 -1.97065e-13
1882 4.96519e-13
1883 8.62643e-14
1884 -4.10783e-15
1885 2.96948e-13
1886 0
1887 -0
1888 -2.62013e-14
1889 -7.82272e-13
1890 5.70255e-14
1891 2.23436e-13
1892 -3.28793e-13
1893 1.30765e-15
1894 -5.67527e-14
1895 -1.39194e-14
1896 -1.3986e-13
1897 -8.47378e-14
1898 -1.22624e-13
1899 4.23084e-13
1900 1.77334e-15
1901 1.02696e-14
1902 7.94069e-14
1903 -5.29522e-14
1904 5.93425e-15
1905 -6.16575e-14
1906 -2.29261e-14
1907 -1.83187e-15
1908 1.13035e-14
1909 -1.93907e-14
1910 -5.36026e-14
1911 -2.05391e-15
1912 6.27213e-14
1913 -1.83039e-14
1914 -1.9823e-13
1915 9.856e-14
1916 3.77157e-13
1917 1.21625e-13
1918 1.80744e-13
1919 -1.31006e-14
1920 6.80086e-13
1921 -6.075e-15
1922 4.11576e-14
1923 1.12646e-13
1924 -1.26727e-14
1925 -2.7256e-14
1926 -2.06224e-13
1927 -1.59236e-13
1928 1.113e-14
1929 1.31728e-13
1930 -5.94108e-13
1931 -4.996e-15
1932 -1.11577e-14
1933 -3.53051e-14
1934 -5.99729e-14
1935 2.93099e-14
1936 4.81837e-14
1937 3.44169e-14
1938 1.11022e-15
1939 -5.32907e-15
1940 2.43527e-13
1941 -2.91853e-12
1942 -5.75659e-14
1943 -1.42608e-13
1944 -2.63123e-14
1945 3.36398e-14
1946 1.52933e-14
1947 -3.13638e-15
1948 -1.94309e-13
1949 -5.55112e-17
1950 -1.79015e-14
1951 1.113e-14
1952 -4.31699e-14
1953 2.96049e-14
1954 -4.44089e-15
1955 1.94192e-13
1956 6.05072e-15
1957 -3.33067e-15
1958 3.59276e-15
1959 3.58047e-15
1960 -4.17456e-13
1961 5.25176e-14
1962 8.32667e-15
1963 1.27152e-13
1964 3.23491e-14
1965 3.53544e-16
1966 6.99676e-14
1967 7.54952e-15
1968 1.58279e-15
1969 5.69243e-13
1970 -4.95849e-14
1971 1.31561e-14
1972 -5.64985e-14
1973 -8.62397e-14
1974 -1.0932e-12
1975 4.37218e-13
1976 -1.12022e-13
1977 3.28744e-14
1978 -2.7104e-13
1979 2.41029e-12
1980 -4.8711e-15
1981 1.47105e-15
1982 -8.17971e-14
1983 5.34842e-14
1984 8.52096e-15
1985 -3.82111e-13
1986 -2.19638e-13
1987 1.77081e-14
1988 6.1063e-14
1989 -3.39728e-14
1990 4.14113e-14
1991 -8.71553e-15
1992 -1.20737e-15
1993 -8.92543e-14
1994 -7.99361e-14
1995 -6.22072e-15
1996 1.37387e-14
1997 7.47014e-13
1998 2.70059e-14
1999 -1.06804e-13
2000 -1.48492e-15
2001 2.37865e-14
2002 -5.23024e-14
2003 -2.5785e-14
2004 7.01259e-14
2005 -6.83808e-14
2006 -5.21805e-15
2007 -8.90244e-16
2008 -7.00127e-15
2009 -7.54313e-14
2010 4.25294e-14
2011 -2.20361e-13
2012 -2.74086e-14
2013 -1.40976e-14
2014 -1.87438e-12
2015 1.45439e-14
2016 3.15858e-14
2017 -6.03015e-14
2018 -5.62297e-14
2019 -9.66664e-15
2020 -1.57179e-13
2021 -1.09635e-14
2022 4.94049e-15
2023 -8.6875e-15
2024 5.06539e-16
2025 -3.83027e-15
2026 -9.46465e-15
2027 5.23665e-14
2028 2.95819e-13
2029 2.92821e-14
2030 -1.16018e-14
2031 2.75197e-14
2032 2.59957e-14
2033 3.46572e-15
2034 -2.36089e-13
2035 -1.08455e-14
2036 -4.43717e-14
2037 -8.77791e-15
2038 3.24866e-14
2039 1.95732e-13
2040 -1.19336e-13
2041 6.66134e-15
2042 -2.16493e-14
2043 3.94823e-14
2044 -1.07025e-13
2045 -6.17562e-14
2046 1.8806e-13
2047 1.97307e-15
2048 -2.77556e-16
2049 4.60743e-15
2050 2.93966e-14
2051 -3.45308e-15
2052 -2.80193e-14
2053 3.76306e-14
2054 2.31926e-14
2055 -3.5421e-14
2056 1.5099e-14
2057 1.5099e-14
2058 -3.88578e-15
2059 -5.13062e-14
2060 4.49918e-14
2061 1.45439e-14
2062 -1.65866e-14
2063 -3.06715e-14
2064 8.9484e-14
2065 3.20501e-14
2066 -8.9373e-15
2067 -1.68688e-13
2068 2.18381e-13
2069 -4.10893e-15
2070 -1.58281e-13
2071 2.10942e-15
2072 4.7011e-15
2073 1.17624e-15
2074 -4.77396e-15
2075 -3.6967e-14
2076 -5.34232e-14
2077 -4.83086e-14
2078 -4.20315e-15
2079 1.15463e-14
2080 -6.10623e-16
2081 -2.31437e-12
2082 -1.53932e-13
2083 2.56045e-15
2084 6.71685e-15
2085 4.20293e-13
2086 1.53077e-13
2087 -5.98133e-14
2088 2.35939e-14
2089 2.88658e-15
2090 -2.84135e-14
2091 1.89251e-13
2092 3.12528e-14
2093 -5.71765e-15
2094 1.81521e-14
2095 -3.50414e-15
2096 1.68476e-14
2097 -2.29776e-14
2098 1.6688e-14
2099 1.05388e-13
2100 -9.12792e-14
2101 2.35469e-13
2102 -9.9365e-15
2103 -2.23155e-14
2104 -2.15106e-15
2105 1.12854e-13
2106 -4.51117e-13
2107 -2.92155e-13
2108 4.04121e-14
2109 -1.34317e-13
2110 -1.36797e-13
2111 -3.51903e-15
2112 2.21664e-13
2113 7.43822e-13
2114 2.01172e-13
2115 8.70868e-14
2116 -7.97838e-14
2117 -5.69891e-13
2118 1.78468e-14
2119 -1.0697e-13
2120 -2.27758e-13
2121 -2.28012e-14
2122 3.57492e-14
2123 -1.67973e-14
2124 9.06685e-14
2125 2.10054e-13
2126 -5.02872e-14
2127 -1.84297e-14
2128 -1.08732e-14
2129 2.9976e-15
2130 8.56591e-18
2131 -2.2763e-13
2132 -0
2133 -4.39765e-13
2134 1.01353e-13
2135 -2.03608e-13
2136 1.20653e-13
2137 -5.42899e-14
2138 5.79313e-14
2139 -9.20761e-14
2140 1.04361e-14
2141 -3.53524e-14
2142 5.76466e-14
2143 -2.78111e-13
2144 4.75379e-13
2145 2.35589e-13
2146 -5.38458e-15
2147 -1.06817e-13
2148 -7.07212e-14
2149 8.5992e-15
2150 -3.99403e-14
2151 1.09259e-14
2152 -2.39599e-13
2153 7.80577e-16
2154 -3.50386e-13
2155 1.94844e-14
2156 -5.39013e-14
2157 -4.16334e-15
2158 -7.31569e-15
2159 -1.27814e-14
2160 -1.10467e-13
2161 -1.45717e-13
2162 -1.39888e-14
2163 -7.68454e-15
2164 5.55112e-16
2165 -2.89643e-13
2166 -1.08247e-14
2167 -1.45715e-13
2168 -8.9461e-15
2169 5.66911e-14
2170 -4.22495e-13
2171 1.31006e-14
2172 1.13422e-13
2173 1.87628e-14
2174 9.27924e-13
2175 -4.25215e-14
2176 -4.53526e-14
2177 1.06692e-13
2178 5.67213e-13
2179 -2.1522e-13
2180 1.50852e-14
2181 -5.29174e-14
2182 6.27276e-15
2183 -5.04947e-13
2184 -2.28748e-13
2185 9.41469e-14
2186 3.08364e-14
2187 -4.96374e-14
2188 1.84425e-14
2189 -1.30655e-14
2190 3.76676e-15
2191 4.22162e-14
2192 4.42101e-14
2193 -5.3087e-15
2194 1.32463e-14
2195 8.60321e-16
2196 2.27596e-15
2197 3.04527e-13
2198 -1.03216e-14
2199 1.37668e-14
2200 1.50523e-13
2201 -2.82204e-14
2202 7.25554e-16
2203 1.26565e-14
2204 3.96905e-15
2205 7.53065e-15
2206 -2.73843e-14
2207 -8.80264e-13
2208 1.129e-13
2209 1.19209e-14
2210 3.44867e-14
2211 -6.2988e-15
2212 -4.32987e-15
2213 -1.35392e-13
2214 -7.93809e-15
2215 -1.8726e-15
2216 -1.46706e-14
2217 -5.20813e-15
2218 3.56166e-15
2219 5.04935e-14
2220 -4.5197e-13
2221 -6.29496e-14
2222 -4.08007e-15
2223 3.09197e-14
2224 -1.54432e-13
2225 -2.14204e-13
2226 -4.9849e-14
2227 1.26565e-13
2228 -1.83618e-14
2229 -1.29983e-14
2230 -1.06256e-13
2231 -1.58762e-14
2232 7.11178e-14
2233 -2.99523e-14
2234 -2.44633e-14
2235 -3.99125e-14
2236 6.91669e-14
2237 -1.24477e-13
2238 -2.65152e-15
2239 8.37244e-14
2240 5.89806e-15
2241 6.12274e-15
2242 -5.94678e-15
2243 4.97866e-15
2244 -1.7723e-14
2245 -2.12191e-14
2246 -3.06588e-13
2247 5.73312e-13
2248 7.71605e-15
2249 1.96982e-13
2250 -3.10432e-13
2251 2.49106e-14
2252 -2.32473e-13
2253 1.69677e-13
2254 -6.99441e-15
2255 4.20271e-14
2256 1.59192e-13
2257 1.66533e-15
2258 6.66134e-15
2259 1.58762e-14
2260 -1.63586e-12
2261 2.55351e-14
2262 -1.56819e-14
2263 4.2466e-14
2264 -3.17137e-14
2265 2.99828e-13
2266 -1.55986e-14
2267 2.12191e-14
2268 -2.50633e-14
2269 -5.21805e-15
2270 7.95396e-15
2271 -1.13734e-13
2272 1.16504e-13
2273 -4.44089e-14
2274 3.28418e-14
2275 2.55047e-16
2276 -2.78388e-14
2277 -2.31842e-13
2278 -2.72005e-15
2279 1.81799e-14
2280 3.38618e-14
2281 2.83376e-14
2282 4.71845e-14
2283 1.26912e-13
2284 1.72085e-15
2285 -9.73457e-14
2286 -1.40686e-13
2287 -7.61335e-14
2288 3.14471e-14
2289 -8.95023e-14
2290 3.18634e-14
2291 9.44633e-13
2292 -3.69954e-13
2293 -3.43787e-14
2294 -2.27978e-13
2295 -2.44388e-14
2296 6.82887e-14
2297 9.83402e-14
2298 -8.70641e-15
2299 2.498e-16
2300 -4.24575e-13
2301 4.51861e-14
2302 1.10661e-13
2303 -7.32747e-15
2304 -0
2305 -2.3065e-13
2306 0
2307 1.22125e-15
2308 5.44848e-14
2309 -4.12508e-14
2310 -5.69703e-14
2311 3.15303e-14
2312 -1.41359e-14
2313 2.98594e-13
2314 -1.34281e-13
2315 -1.34892e-14
2316 -4.60743e-15
2317 -1.06581e-14
2318 -6.90104e-14
2319 3.01981e-14
2320 -2.69784e-14
2321 2.26695e-13
2322 4.22147e-13
2323 -3.13976e-14
2324 -1.19432e-13
2325 -2.43071e-13
2326 4.36318e-14
2327 2.72077e-13
2328 -7.61391e-13
2329 3.13083e-14
2330 6.96699e-15
2331 1.17448e-13
2332 -0
2333 5.55112e-15
2334 7.06071e-14
2335 -6.93057e-14
2336 1.44329e-15
2337 1.21458e-13
2338 -8.46059e-14
2339 5.88418e-15
2340 -1.05194e-14
2341 -4.14332e-13
2342 5.65952e-14
2343 6.65766e-15
2344 1.27676e-14
2345 9.40914e-15
2346 2.20379e-14
2347 1.37668e-14
2348 3.52163e-13
2349 -4.70846e-13
2350 8.90676e-14
2351 -2.86993e-14
2352 2.25271e-14
2353 2.29483e-13
2354 -2.15383e-14
2355 -9.21726e-15
2356 -2.81359e-14
2357 9.10383e-15
2358 4.15808e-16
2359 7.21645e-15
2360 -1.19349e-15
2361 -2.38698e-15
2362 4.22995e-14
2363 8.36796e-14
2364 -4.81976e-14
2365 -3.18675e-14
2366 -2.59215e-16
2367 6.57807e-15
2368 2.07612e-14
2369 6.66134e-14
2370 -2.25653e-14
2371 9.13322e-15
2372 -1.55413e-13
2373 4.28046e-13
2374 3.08087e-15
2375 2.30441e-14
2376 -6.00631e-14
2377 3.23552e-13
2378 -5.46785e-15
2379 3.71925e-14
2380 -6.42551e-15
2381 -9.58678e-14
2382 -4.13558e-14
2383 -9.71792e-15
2384 -3.77476e-15
2385 -5.11646e-13
2386 -4.36103e-15
2387 6.22835e-14
2388 -1.83187e-13
2389 -1.31118e-13
2390 3.07532e-14
2391 9.46632e-13
2392 7.98805e-14
2393 -2.47039e-13
2394 3.0816e-13
2395 5.29576e-14
2396 -4.14519e-14
2397 -9.20703e-15
2398 6.69959e-18
2399 -4.83884e-14
2400 2.08e-13
2401 -1.11629e-13
2402 2.00395e-13
2403 -1.00077e-13
2404 -2.69229e-15
2405 -3.30982e-13
2406 2.77728e-13
2407 -2.8293e-14
2408 2.1011e-14
2409 4.26936e-13
2410 4.52907e-13
2411 -1.42247e-14
2412 1.99313e-13
2413 -1.43219e-14
2414 -6.12704e-14
2415 -1.90375e-13
2416 5.29299e-14
2417 -3.60573e-13
2418 -2.96707e-14
2419 -2.634e-13
2420 2.96013e-13
2421 4.55118e-13
2422 8.73176e-15
2423 -2.44783e-14
2424 1.72848e-14
2425 9.06409e-13
2426 5.94367e-16
2427 -8.58468e-13
2428 4.17434e-14
2429 9.30506e-14
2430 3.46653e-13
2431 -0
2432 -1.4931e-17
2433 7.07767e-15
2434 5.79398e-15
2435 -4.40176e-13
2436 3.92369e-15
2437 2.54125e-13
2438 -2.63956e-13
2439 -7.39964e-13
2440 2.47756e-14
2441 2.44915e-13
2442 2.22084e-13
2443 1.66037e-14
2444 3.42355e-13
2445 4.55191e-15
2446 -1.48551e-14
