type vector
size 2447
values
0 -2.97243e-08
1 -3.7182e-08
2 7.21565e-08
3 -3.11928e-08
4 -1.32645e-06
5 1.50649e-07
6 7.4904e-08
7 -1.07203e-06
8 8.3378e-05
9 1.40458e-07
10 -2.81487e-07
11 1.01655e-07
12 1.79026e-06
13 -1.6243e-08
14 5.03749e-07
15 1.15994e-05
16 2.87223e-06
17 -3.30499e-08
18 -1.52331e-07
19 -2.6806e-08
20 3.00847e-07
21 -2.88647e-08
22 -2.50965e-07
23 1.16614e-06
24 -1.09639e-08
25 0.000148994
26 7.87167e-07
27 -2.28015e-08
28 -1.47916e-06
29 -6.73327e-08
30 -4.26012e-09
31 -1.12046e-06
32 -1.67858e-06
33 -1.67092e-07
34 1.2892e-08
35 1.23782e-07
36 8.59952e-09
37 -1.33037e-06
38 -6.5477e-07
39 4.16741e-07
40 -6.18509e-08
41 -7.08415e-08
42 1.92594e-06
43 4.57204e-07
44 4.84761e-08
45 -3.79953e-05
46 -6.85786e-07
47 2.06421e-07
48 -3.67794e-07
49 1.3646e-07
50 -8.82137e-08
51 -4.12877e-08
52 -1.03696e-08
53 5.30439e-07
54 3.01891e-08
55 1.0281e-06
56 -9.06066e-05
57 7.64327e-06
58 -1.03907e-08
59 6.48585e-08
60 2.12879e-06
61 1.22106e-05
62 2.66469e-07
63 4.26119e-07
64 -5.6798e-08
65 3.57418e-09
66 1.06498e-07
67 3.63062e-08
68 4.55337e-08
69 -1.85272e-08
70 -2.79117e-08
71 3.40697e-06
72 1.23684e-07
73 2.42396e-08
74 4.68164e-07
75 -2.35335e-09
76 -5.19005e-07
77 -2.40151e-08
78 -3.64313e-08
79 5.54305e-08
80 2.03596e-09
81 2.41512e-08
82 4.26264e-08
83 1.42209e-07
84 6.8375e-10
85 3.34546e-07
86 -1.36438e-06
87 -2.26011e-07
88 -6.27254e-09
89 1.28533e-07
90 1.96848e-08
91 2.29842e-08
92 1.39394e-06
93 2.2321e-07
94 3.5508e-07
95 -1.01857e-07
96 3.34707e-07
97 1.1277e-05
98 -2.09456e-09
99 -7.60589e-08
100 2.01647e-06
101 -4.63938e-07
102 2.23452e-08
103 -3.58141e-07
104 -1.05311e-05
105 5.71683e-08
106 5.1833e-07
107 1.01217e-07
108 9.99504e-07
109 1.53535e-07
110 -1.65279e-06
111 -1.7926e-07
112 2.34604e-07
113 2.54459e-07
114 -4.48724e-08
115 4.63112e-08
116 4.303e-07
117 2.70375e-10
118 1.6003e-07
119 8.62501e-08
120 -6.8249e-08
121 -1.31104e-07
122 2.49711e-07
123 2.96259e-06
124 -5.00212e-07
125 3.18602e-07
126 5.07322e-07
127 -5.83301e-08
128 8.51555e-08
129 -1.53333e-08
130 1.70056e-07
131 2.04788e-05
132 1.40278e-07
133 1.48314e-08
134 6.5312e-08
135 5.44548e-08
136 -9.20245e-06
137 5.87557e-07
138 2.81133e-08
139 3.31216e-08
140 -2.57612e-09
141 -1.47752e-07
142 2.45976e-08
143 9.09221e-08
144 -1.31332e-07
145 6.39502e-08
146 2.76551e-06
147 -1.48193e-07
148 5.91468e-09
149 6.11261e-06
150 -6.78453e-07
151 2.26677e-07
152 -2.25026e-06
153 6.98836e-06
154 -1.98645e-06
155 2.26904e-08
156 2.84329e-07
157 1.59514e-06
158 7.65767e-07
159 6.47729e-08
160 -1.88869e-06
161 1.1976e-08
162 -3.33904e-08
163 5.50013e-08
164 -1.32263e-07
165 1.04289e-05
166 5.8351e-08
167 7.8481e-07
168 1.04052e-06
169 4.06252e-07
170 1.58891e-06
171 4.86504e-09
172 3.88495e-08
173 7.37834e-09
174 2.63647e-06
175 -1.01609e-07
176 8.49879e-07
177 -1.90208e-09
178 -1.63186e-09
179 1.52147e-06
180 -9.89635e-09
181 3.50087e-08
182 -4.77304e-07
183 5.7365e-07
184 -1.45834e-07
185 3.76242e-07
186 1.82278e-07
187 2.95284e-07
188 3.20928e-06
189 4.45889e-07
190 -2.98445e-08
191 2.33874e-07
192 3.142e-09
193 -1.71441e-07
194 -2.76142e-07
195 -4.67604e-08
196 -1.79916e-05
197 5.9316e-08
198 -3.46026e-08
199 -7.15931e-08
200 6.30615e-07
201 -3.82188e-08
202 -3.16046e-08
203 2.26849e-06
204 -7.12955e-09
205 -3.16745e-07
206 -1.62082e-06
207 -5.92178e-08
208 -2.22163e-05
209 3.4084e-06
210 -2.77857e-08
211 5.98319e-05
212 0.000112746
213 1.43604e-07
214 -2.2109e-07
215 -1.04892e-07
216 1.9089e-06
217 -2.15895e-07
218 3.35113e-07
219 4.71091e-08
220 -7.97174e-07
221 2.60877e-07
222 -2.27627e-06
223 -2.25945e-09
224 1.62437e-08
225 -0.000191659
226 2.94023e-08
227 -1.05429e-05
228 6.4531e-08
229 -5.23993e-06
230 -4.50663e-08
231 -2.85032e-06
232 6.09869e-07
233 -1.331e-07
234 -1.61752e-05
235 -3.81581e-06
236 1.26614e-06
237 8.70948e-08
238 1.20767e-07
239 2.62846e-06
240 5.58745e-06
241 -4.97702e-08
242 -5.54627e-09
243 2.23826e-07
244 -2.30016e-09
245 5.01615e-07
246 1.6508e-08
247 1.67767e-07
248 1.71959e-08
249 3.18549e-07
250 2.42534e-08
251 1.61946e-08
252 5.10072e-07
253 4.16617e-07
254 2.86186e-07
255 3.22243e-08
256 -7.83391e-07
257 2.66231e-07
258 3.29151e-08
259 5.85005e-08
260 2.52596e-07
261 6.40573e-06
262 2.92811e-06
263 -3.55445e-08
264 8.67017e-06
265 -2.59248e-06
266 7.05291e-05
267 9.30973e-10
268 -1.41958e-08
269 1.94513e-08
270 1.59743e-07
271 -3.41e-07
272 4.59517e-07
273 0.000121012
274 8.56459e-07
275 -9.14424e-08
276 1.0086e-08
277 1.08394e-07
278 -4.06346e-06
279 -1.57168e-07
280 0.000104309
281 -1.07446e-07
282 5.49229e-08
283 4.37999e-08
284 -5.43274e-06
285 3.48561e-07
286 5.17961e-08
287 4.60687e-08
288 1.9224e-07
289 1.59571e-08
290 -1.25445e-05
291 6.67799e-07
292 3.45753e-07
293 -5.535e-09
294 5.34206e-05
295 8.02171e-06
296 7.39548e-06
297 0.000337071
298 2.41936e-07
299 4.63982e-07
300 0.000785651
301 7.14505e-07
302 -9.11158e-08
303 2.41078e-08
304 3.00946e-08
305 1.00624e-06
306 -2.89778e-05
307 3.69925e-07
308 2.38019e-05
309 -0.000166765
310 6.3212e-07
311 -1.58876e-07
312 2.44716e-07
313 -1.80512e-06
314 -6.1758e-08
315 1.50851e-07
316 1.34506e-06
317 -1.16161e-08
318 2.49569e-07
319 -9.15038e-08
320 1.40021e-07
321 1.39155e-07
322 7.50422e-07
323 1.22068e-06
324 5.74063e-05
325 2.89363e-08
326 -4.51795e-07
327 -8.08181e-09
328 1.99594e-06
329 7.25992e-07
330 4.57351e-07
331 1.08836e-09
332 -1.30969e-07
333 4.01938e-08
334 -1.73813e-07
335 2.69297e-05
336 -1.28421e-07
337 -2.58288e-08
338 -2.05203e-05
339 -8.15852e-08
340 -1.12802e-07
341 -2.06015e-08
342 2.52937e-07
343 2.06827e-08
344 -1.28176e-07
345 4.90704e-06
346 1.42223e-06
347 -7.01486e-07
348 1.95723e-08
349 6.55137e-07
350 3.6335e-07
351 -3.45658e-09
352 5.38691e-07
353 -6.47707e-05
354 -1.73763e-08
355 -1.76872e-05
356 -3.73787e-08
357 -1.42719e-07
358 -1.30053e-08
359 1.64761e-07
360 -4.83784e-08
361 5.93538e-06
362 -4.22089e-07
363 2.13952e-05
364 -6.44373e-08
365 1.24927e-05
366 -3.60375e-05
367 -8.45686e-07
368 1.08251e-09
369 -2.28319e-08
370 3.09802e-07
371 7.55246e-05
372 2.14577e-07
373 0.000379508
374 1.38242e-08
375 -5.80773e-08
376 1.04259e-06
377 -1.47188e-07
378 -8.2136e-08
379 4.9539e-05
380 8.95458e-06
381 -2.36069e-08
382 7.1235e-09
383 -1.34964e-05
384 3.32576e-08
385 3.86813e-05
386 1.05105e-07
387 -1.58873e-07
388 -8.40079e-08
389 -1.82836e-07
390 -3.18699e-07
391 1.25686e-05
392 4.89482e-05
393 2.38375e-05
394 1.43351e-07
395 4.96634e-05
396 -6.22402e-08
397 -6.56706e-07
398 -1.53223e-05
399 -2.84008e-06
400 -4.23214e-07
401 4.24794e-07
402 8.7025e-07
403 5.95051e-07
404 1.95818e-08
405 1.96428e-06
406 2.19634e-05
407 5.49378e-05
408 4.32912e-08
409 2.71284e-05
410 4.62777e-07
411 -4.52348e-05
412 1.49033e-08
413 8.6466e-08
414 6.10868e-06
415 6.68659e-05
416 -1.43118e-07
417 -4.21362e-07
418 -1.3431e-05
419 7.21937e-07
420 -1.81693e-07
421 3.09587e-07
422 7.63736e-09
423 -1.01746e-07
424 -1.18005e-07
425 3.72761e-06
426 9.64033e-08
427 -4.87083e-08
428 3.38887e-05
429 0.000257563
430 -1.02745e-06
431 -3.57141e-07
432 -0.000208382
433 -3.89559e-09
434 -3.02193e-07
435 1.39341e-07
436 -7.69608e-06
437 -7.47586e-09
438 3.29362e-07
439 -7.16008e-08
440 5.20984e-05
441 -1.93827e-05
442 5.83212e-07
443 5.92392e-09
444 2.94858e-07
445 1.086e-05
446 -4.48329e-07
447 5.77476e-09
448 -2.16214e-06
449 -1.36502e-08
450 4.04761e-08
451 -1.66082e-07
452 1.16694e-07
453 1.61942e-05
454 3.68797e-08
455 -1.41352e-08
456 -3.30515e-07
457 -4.16347e-07
458 2.71712e-08
459 1.12075e-07
460 -4.21878e-08
461 6.32953e-09
462 -3.21957e-05
463 3.81802e-06
464 -0.000105426
465 -9.58975e-06
466 -8.89659e-08
467 1.18651e-07
468 -5.99466e-05
469 1.79488e-07
470 7.3007e-06
471 -1.70858e-07
472 6.35377e-08
473 -2.03702e-05
474 7.13876e-07
475 2.55635e-07
476 -6.01645e-06
477 2.48914e-05
478 3.43963e-06
479 -9.17015e-08
480 -6.50915e-07
481 -7.10504e-07
482 -7.06015e-06
483 -1.74431e-07
484 3.73832e-07
485 -3.00462e-06
486 4.50496e-08
487 2.59965e-08
488 4.78706e-08
489 -8.946e-06
490 -2.56155e-05
491 8.849e-09
492 7.2432e-05
493 -0.000106253
494 1.89854e-07
495 1.08182e-07
496 -3.23413e-07
497 4.66416e-06
498 -1.67635e-07
499 6.28565e-08
500 1.98506e-07
501 9.36342e-08
502 -2.11349e-08
503 -2.17611e-07
504 6.35961e-08
505 -2.39196e-07
506 2.40591e-08
507 9.82697e-07
508 5.60926e-07
509 4.50114e-06
510 -2.04246e-07
511 -5.07415e-06
512 -2.62295e-07
513 -2.28686e-05
514 9.0449e-07
515 1.9666e-06
516 -3.27804e-06
517 1.53452e-06
518 -8.72866e-07
519 2.31804e-06
520 1.63173e-07
521 -3.34308e-05
522 -3.20123e-06
523 -2.90381e-09
524 -5.71405e-08
525 -4.65072e-09
526 -1.98087e-06
527 -3.7326e-10
528 7.87861e-09
529 -2.77782e-08
530 -5.43198e-05
531 -3.23076e-08
532 -1.03054e-07
533 -2.13123e-06
534 -1.47111e-07
535 1.83912e-06
536 -5.89295e-08
537 -1.35824e-08
538 -3.03221e-06
539 -3.65193e-08
540 2.50345e-05
541 1.96682e-08
542 -1.04762e-06
543 -2.57193e-06
544 1.9406e-05
545 -0.000566493
546 -3.46942e-05
547 4.8654e-07
548 4.61531e-08
549 2.49357e-07
550 3.98012e-08
551 7.94525e-07
552 -1.65976e-06
553 1.80537e-07
554 -1.07722e-06
555 -6.29431e-06
556 9.80935e-06
557 8.36469e-08
558 7.69879e-07
559 -4.28544e-08
560 2.37822e-06
561 4.54214e-06
562 -0.000584708
563 -2.66581e-09
564 -7.52828e-08
565 7.35696e-09
566 -1.13745e-06
567 -4.76696e-08
568 -4.88284e-08
569 1.33845e-08
570 -2.01257e-08
571 -4.98751e-06
572 -1.97149e-08
573 -2.843e-07
574 -2.72508e-07
575 1.60786e-06
576 1.72458e-06
577 -2.85168e-08
578 -1.43385e-06
579 -4.52586e-07
580 -1.22598e-05
581 -5.238e-05
582 5.69941e-09
583 -1.2095e-07
584 -7.69303e-08
585 9.37539e-08
586 -7.79091e-08
587 4.67421e-08
588 3.04968e-05
589 7.02954e-07
590 -1.64891e-08
591 1.28332e-06
592 -1.00283e-08
593 3.72214e-07
594 -4.24125e-08
595 4.39467e-06
596 -1.32557e-07
597 6.70676e-08
598 -3.5565e-08
599 1.27553e-07
600 5.43191e-08
601 -1.40401e-06
602 -1.60837e-08
603 -0.00272567
604 -6.4652e-05
605 -4.3338e-07
606 -7.73965e-05
607 4.55597e-05
608 -1.54576e-07
609 -5.13973e-06
610 1.34839e-07
611 2.68568e-06
612 3.75412e-07
613 1.22656e-07
614 -7.98382e-08
615 6.82556e-07
616 -1.00657e-07
617 -1.69351e-08
618 -4.35448e-09
619 3.20216e-08
620 -3.63651e-07
621 -6.32284e-05
622 -2.99508e-06
623 1.23945e-07
624 -2.32667e-08
625 1.75113e-08
626 -2.44601e-07
627 -1.38591e-06
628 -3.60804e-08
629 -1.45665e-07
630 2.92904e-07
631 -1.20665e-05
632 5.40379e-05
633 6.38488e-06
634 4.85519e-08
635 2.16923e-08
636 -1.25135e-07
637 1.50691e-06
638 0.00222666
639 2.05057e-06
640 -2.13297e-08
641 3.61355e-08
642 -1.58893e-07
643 -1.82272e-07
644 1.5717e-08
645 -5.21901e-08
646 -3.85694e-07
647 4.04443e-05
648 1.52709e-07
649 -5.48438e-07
650 1.97233e-08
651 -1.47746e-07
652 -6.43808e-07
653 8.25236e-08
654 2.06444e-07
655 -4.69525e-07
656 -4.44378e-08
657 -1.18648e-08
658 8.70933e-09
659 1.54408e-07
660 2.67086e-05
661 -8.95043e-07
662 1.98571e-07
663 1.81906e-08
664 3.54249e-08
665 -3.25249e-06
666 -5.67015e-07
667 -2.01113e-08
668 2.42699e-06
669 -3.75075e-07
670 -6.83336e-07
671 3.52529e-06
672 -6.19022e-08
673 1.3897e-06
674 4.34598e-07
675 -4.42811e-05
676 1.35439e-07
677 1.32197e-06
678 1.67837e-06
679 2.1962e-07
680 3.60588e-07
681 -5.10757e-08
682 -4.38218e-06
683 -8.30012e-06
684 2.50288e-08
685 9.0406e-07
686 -1.87777e-07
687 3.77655e-06
688 2.30054e-05
689 -7.56708e-08
690 1.77865e-06
691 9.77311e-08
692 7.86529e-07
693 1.09173e-05
694 -3.08426e-07
695 1.47742e-05
696 0.000297177
697 -6.38991e-09
698 5.60091e-08
699 0.000153407
700 -2.34823e-05
701 -7.90849e-06
702 1.23111e-06
703 2.93447e-08
704 6.7611e-07
705 4.48286e-07
706 -0.000355274
707 2.58359e-07
708 -3.14459e-08
709 -3.4688e-06
710 -1.11626e-07
711 -6.15172e-07
712 2.71314e-08
713 -2.94845e-06
714 4.63237e-05
715 -3.02504e-07
716 9.35087e-08
717 6.01277e-06
718 -3.34971e-06
719 0.000321179
720 3.53961e-07
721 -1.65322e-06
722 1.48923e-06
723 -0.000118784
724 -6.79686e-08
725 -3.09401e-05
726 -6.77586e-05
727 -2.15469e-07
728 -5.46068e-07
729 -1.05353e-07
730 2.87579e-08
731 -2.74921e-07
732 -1.99528e-05
733 8.40888e-07
734 -6.6165e-07
735 -2.43708e-05
736 4.31055e-09
737 1.45722e-07
738 -3.06604e-07
739 -4.9736e-08
740 2.9749e-06
741 -4.71451e-10
742 7.0452e-07
743 -6.13164e-07
744 8.97024e-08
745 9.93336e-09
746 5.94346e-07
747 -7.92444e-06
748 -5.61391e-05
749 1.69745e-07
750 -3.11597e-08
751 1.18808e-06
752 -1.30989e-06
753 -3.3088e-07
754 -1.38817e-07
755 1.6967e-07
756 1.10124e-07
757 -1.67429e-07
758 -9.17284e-09
759 -9.17874e-07
760 4.59492e-07
761 4.8429e-07
762 -0.000174227
763 -2.50222e-09
764 -1.68678e-06
765 1.56588e-06
766 -8.29818e-07
767 -2.1506e-07
768 3.89771e-06
769 2.09182e-05
770 -6.55286e-08
771 1.3116e-07
772 4.29101e-05
773 6.9979e-07
774 1.64162e-07
775 -1.69805e-07
776 2.27873e-07
777 -2.04298e-07
778 8.65768e-08
779 2.5966e-08
780 8.21645e-06
781 -1.75954e-06
782 -2.08043e-06
783 -8.81871e-08
784 3.18735e-08
785 5.47894e-09
786 -1.3484e-05
787 1.0021e-06
788 -2.23197e-05
789 1.28776e-07
790 -7.49824e-09
791 1.03842e-06
792 4.37437e-05
793 4.37953e-07
794 4.79447e-05
795 -1.4816e-06
796 3.63959e-07
797 -7.19808e-08
798 2.56464e-08
799 -8.31141e-05
800 1.68267e-06
801 2.88026e-05
802 -1.44366e-07
803 5.91139e-07
804 -4.0549e-08
805 3.52606e-08
806 -1.93011e-10
807 -4.58535e-07
808 -5.85186e-06
809 3.50422e-06
810 -3.39116e-08
811 -6.91529e-06
812 1.30873e-07
813 1.0753e-06
814 2.70095e-08
815 3.9965e-07
816 9.27528e-07
817 -7.94167e-08
818 -0.000132516
819 -3.84713e-07
820 1.07474e-06
821 2.70145e-06
822 2.37704e-06
823 -1.11537e-06
824 5.7223e-07
825 2.24254e-07
826 1.8344e-06
827 1.20516e-08
828 3.60923e-08
829 6.43145e-07
830 -8.66083e-07
831 8.37494e-08
832 -5.36159e-07
833 4.93739e-07
834 -3.74878e-08
835 1.77319e-06
836 -1.17836e-05
837 -2.94577e-07
838 1.53316e-07
839 1.9238e-06
840 2.76273e-07
841 4.96296e-08
842 0.00028047
843 -2.57528e-05
844 -1.51486e-07
845 6.45982e-09
846 8.27935e-07
847 1.45322e-06
848 1.70141e-07
849 4.54056e-06
850 3.55358e-08
851 5.03216e-08
852 4.79532e-05
853 -6.28948e-08
854 2.78454e-06
855 -1.1684e-05
856 -2.40813e-06
857 -1.61312e-07
858 2.27055e-07
859 -5.4304e-07
860 1.36106e-05
861 -6.77781e-07
862 9.11416e-08
863 5.80526e-06
864 1.02865e-09
865 2.14858e-05
866 -2.81517e-06
867 1.22973e-07
868 -3.48036e-06
869 1.30842e-07
870 6.46124e-07
871 -2.94581e-09
872 -1.03305e-07
873 0.0001193
874 3.82841e-07
875 -7.94614e-07
876 -4.09967e-07
877 8.65003e-06
878 -2.26464e-08
879 1.28916e-07
880 4.52914e-07
881 -1.69408e-07
882 5.43509e-07
883 3.22305e-08
884 4.85455e-05
885 0.00040707
886 3.0516e-07
887 1.24831e-05
888 4.66918e-05
889 6.294e-08
890 1.33115e-07
891 2.12861e-06
892 0.000165216
893 1.25549e-05
894 1.5419e-07
895 -5.06909e-08
896 6.68467e-08
897 4.15062e-07
898 -2.93447e-09
899 -4.99265e-07
900 8.92274e-08
901 -1.90998e-06
902 6.15446e-07
903 1.19461e-06
904 2.53575e-07
905 -1.46876e-06
906 -8.57888e-05
907 -1.49334e-05
908 -3.9903e-06
909 1.05951e-07
910 8.20962e-08
911 -2.04807e-07
912 1.45046e-06
913 9.57222e-08
914 2.72602e-07
915 2.78121e-07
916 -2.85026e-07
917 -6.49705e-07
918 4.82652e-08
919 9.29393e-09
920 0.000114158
921 2.60957e-06
922 -7.30939e-05
923 2.47883e-07
924 -2.29012e-07
925 2.33005e-07
926 -0.000186334
927 4.92986e-08
928 3.60025e-07
929 7.64691e-09
930 -2.23145e-09
931 -1.38718e-05
932 -2.5045e-07
933 -3.64885e-08
934 1.24115e-07
935 2.44949e-05
936 2.01751e-07
937 1.20975e-08
938 -2.63785e-07
939 -2.70194e-07
940 -1.88922e-07
941 2.8932e-06
942 1.35204e-07
943 3.1408e-08
944 1.67669e-08
945 -5.1287e-07
946 -0.00022314
947 -2.56186e-08
948 2.6251e-05
949 2.54643e-07
950 2.29102e-06
951 4.49882e-07
952 -2.01345e-06
953 4.12894e-07
954 5.48728e-08
955 3.48334e-08
956 -6.01667e-06
957 1.04734e-09
958 1.04872e-06
959 -5.884e-08
960 -3.80889e-07
961 -1.05595e-07
962 6.36054e-08
963 -5.47555e-08
964 1.9396e-07
965 8.94207e-08
966 7.90545e-06
967 -3.23654e-07
968 1.38098e-07
969 3.0722e-08
970 9.13871e-07
971 -1.78817e-07
972 5.77172e-06
973 -6.387e-07
974 -2.20867e-07
975 -5.66303e-09
976 -0.00107888
977 1.12869e-06
978 8.13855e-07
979 -3.77226e-07
980 9.33516e-08
981 -7.7947e-06
982 2.31042e-07
983 -6.98036e-07
984 1.66177e-08
985 -7.34943e-09
986 -4.62403e-09
987 -3.82935e-06
988 -6.62758e-07
989 -2.54099e-05
990 9.67194e-08
991 -2.85064e-06
992 4.52263e-08
993 -1.75206e-06
994 6.16448e-08
995 6.90335e-06
996 1.21614e-08
997 1.54358e-06
998 9.0214e-08
999 1.07171e-07
1000 1.52538e-07
1001 1.97483e-09
1002 -1.03053e-05
1003 -1.66054e-05
1004 -1.3187e-07
1005 -6.44616e-08
1006 -2.97941e-08
1007 8.61654e-06
1008 2.57619e-07
1009 -5.93557e-09
1010 3.01753e-07
1011 -2.79143e-07
1012 2.45879e-06
1013 -0.000874445
1014 0.000174533
1015 1.56926e-07
1016 2.07631e-06
1017 -2.12607e-09
1018 1.71911e-05
1019 -6.72856e-07
1020 6.93031e-08
1021 1.90613e-09
1022 -2.45471e-07
1023 -2.54694e-05
1024 -1.92728e-07
1025 4.20223e-06
1026 1.76925e-07
1027 -1.46203e-06
1028 5.3949e-08
1029 -4.45421e-07
1030 0.000120157
1031 2.43716e-07
1032 -2.96487e-06
1033 3.20002e-08
1034 4.76251e-07
1035 7.79281e-06
1036 -1.41272e-08
1037 8.86589e-08
1038 -1.86807e-07
1039 -1.44622e-06
1040 2.9863e-08
1041 -4.96702e-05
1042 1.42436e-06
1043 5.15053e-07
1044 6.6889e-07
1045 3.77119e-07
1046 4.06399e-07
1047 -1.33992e-07
1048 8.9115e-08
1049 -2.78068e-06
1050 5.5328e-07
1051 -8.86011e-08
1052 -1.15517e-07
1053 -2.6209e-07
1054 9.15703e-07
1055 3.32371e-09
1056 -3.38743e-08
1057 2.06778e-09
1058 3.02874e-08
1059 4.78234e-08
1060 -2.25692e-07
1061 -6.58269e-08
1062 2.63343e-07
1063 0.00033148
1064 3.69824e-08
1065 -1.7823e-07
1066 1.4369e-05
1067 -1.0771e-07
1068 9.53813e-08
1069 -5.10097e-05
1070 -9.06048e-05
1071 1.27196e-06
1072 -1.42006e-09
1073 1.74833e-07
1074 -4.13566e-07
1075 2.26881e-09
1076 1.9265e-07
1077 9.64058e-07
1078 1.12496e-08
1079 -2.51448e-08
1080 7.17993e-06
1081 -1.01833e-07
1082 7.08803e-08
1083 -2.52438e-07
1084 4.48066e-08
1085 -1.66603e-06
1086 -2.44622e-06
1087 -1.06219e-07
1088 3.50053e-06
1089 6.11055e-05
1090 -3.32534e-07
1091 -1.94882e-08
1092 1.18901e-08
1093 -3.52209e-08
1094 4.0851e-05
1095 -8.75863e-08
1096 1.05853e-07
1097 2.36711e-06
1098 4.19556e-06
1099 -6.65496e-06
1100 7.00145e-08
1101 7.86613e-10
1102 3.5473e-08
1103 7.45016e-08
1104 3.84091e-08
1105 9.57539e-05
1106 -2.66035e-08
1107 -3.33941e-07
1108 -5.57883e-09
1109 6.56517e-06
1110 4.46892e-08
1111 6.50702e-09
1112 1.80148e-07
1113 5.01132e-07
1114 -8.35862e-08
1115 1.58667e-07
1116 1.42968e-06
1117 -6.17039e-08
1118 2.52295e-08
1119 -1.99978e-08
1120 2.02032e-06
1121 -8.67596e-08
1122 2.92807e-07
1123 -3.06575e-07
1124 4.32246e-09
1125 -1.65027e-05
1126 2.05741e-07
1127 5.82058e-07
1128 -2.2383e-05
1129 -8.45294e-09
1130 4.47544e-06
1131 1.69196e-06
1132 -1.10964e-06
1133 -9.71132e-07
1134 -2.26108e-06
1135 0.000165626
1136 -1.71165e-05
1137 6.60075e-06
1138 -3.29043e-08
1139 -1.82439e-05
1140 9.11642e-07
1141 2.25777e-08
1142 -1.8386e-05
1143 -8.50667e-07
1144 -2.99982e-07
1145 -3.10747e-07
1146 -2.69563e-08
1147 -6.11924e-08
1148 1.13454e-07
1149 6.09382e-08
1150 -3.25152e-07
1151 4.24036e-06
1152 -1.03557e-06
1153 1.95344e-06
1154 5.25074e-06
1155 1.41071e-07
1156 -1.76232e-06
1157 -1.98797e-08
1158 1.07572e-05
1159 4.7869e-07
1160 1.75586e-07
1161 -6.77485e-07
1162 -3.58938e-07
1163 -9.18983e-10
1164 2.02192e-06
1165 9.72114e-08
1166 0.00121971
1167 7.37736e-07
1168 -2.49472e-05
1169 1.28862e-07
1170 2.76883e-08
1171 -1.08613e-06
1172 1.81209e-08
1173 1.57458e-07
1174 -5.13067e-06
1175 2.32888e-07
1176 -1.00809e-08
1177 -6.4789e-07
1178 -1.80592e-06
1179 -3.19406e-05
1180 1.99532e-06
1181 8.86734e-09
1182 8.6139e-06
1183 9.34335e-07
1184 7.57041e-07
1185 5.43403e-08
1186 -2.21349e-05
1187 8.82032e-05
1188 -0.000162287
1189 -1.64937e-08
1190 -3.5948e-08
1191 -1.45492e-07
1192 -2.65671e-07
1193 -3.02447e-06
1194 1.45345e-07
1195 -2.80676e-07
1196 1.15221e-07
1197 -9.74777e-07
1198 3.30971e-07
1199 -5.52645e-05
1200 -4.41901e-07
1201 -1.08763e-06
1202 9.05156e-07
1203 -5.76097e-05
1204 2.2263e-07
1205 -8.17192e-08
1206 4.27457e-07
1207 -4.27405e-05
1208 1.98755e-06
1209 -1.954e-08
1210 8.95722e-08
1211 -4.41042e-06
1212 8.73112e-07
1213 0.000415671
1214 2.96896e-07
1215 3.5523e-08
1216 1.3255e-08
1217 2.95529e-05
1218 -1.11632e-06
1219 -5.23596e-07
1220 2.56318e-07
1221 9.00329e-07
1222 1.70648e-08
1223 1.41652e-07
1224 1.69777e-06
1225 -3.16913e-06
1226 -4.78749e-08
1227 2.55961e-07
1228 1.14379e-06
1229 0.000108705
1230 8.62151e-08
1231 8.17186e-09
1232 1.15358e-05
1233 -7.49184e-05
1234 -4.52529e-05
1235 2.73627e-07
1236 -3.08514e-09
1237 3.08574e-05
1238 2.26284e-08
1239 -1.07386e-07
1240 -1.07013e-06
1241 -1.63155e-07
1242 2.02817e-06
1243 1.05115e-05
1244 -5.788e-08
1245 1.40548e-05
1246 -9.01337e-06
1247 0.000202565
1248 1.07081e-07
1249 1.6696e-08
1250 5.81205e-08
1251 -1.4217e-05
1252 8.74685e-06
1253 -1.25818e-05
1254 -2.23197e-05
1255 4.21598e-06
1256 2.85537e-06
1257 9.91426e-09
1258 2.80107e-10
1259 -1.16097e-07
1260 -2.60964e-08
1261 -3.36668e-06
1262 -1.55091e-08
1263 1.37145e-05
1264 -2.76593e-07
1265 -1.07627e-07
1266 -2.39918e-07
1267 3.76499e-08
1268 -4.40321e-08
1269 3.52294e-07
1270 4.9675e-08
1271 1.62625e-06
1272 2.62744e-09
1273 3.57569e-08
1274 2.66449e-05
1275 -2.1667e-08
1276 2.63018e-06
1277 4.63993e-08
1278 2.43136e-05
1279 -1.50639e-07
1280 9.12188e-06
1281 5.02339e-05
1282 6.21334e-06
1283 3.99828e-07
1284 -2.2069e-05
1285 2.18363e-08
1286 2.85551e-08
1287 -6.01632e-07
1288 8.963e-09
1289 1.01651e-05
1290 8.52823e-07
1291 -3.32244e-07
1292 4.18093e-08
1293 -2.98155e-07
1294 -1.6387e-07
1295 -2.98881e-07
1296 6.33133e-05
1297 0.000315936
1298 -1.66343e-07
1299 -2.80232e-07
1300 -1.02289e-06
1301 5.0277e-07
1302 1.11855e-07
1303 -2.97529e-08
1304 5.18021e-09
1305 -7.51522e-07
1306 -2.70443e-06
1307 6.27583e-07
1308 3.21266e-07
1309 6.18733e-08
1310 2.28329e-05
1311 -0.000147107
1312 -4.10746e-07
1313 2.51364e-08
1314 -1.55815e-07
1315 -7.58718e-08
1316 -3.78008e-07
1317 4.92208e-08
1318 2.42526e-07
1319 -7.42168e-08
1320 -1.79312e-08
1321 3.64514e-07
1322 2.78017e-07
1323 -1.96058e-08
1324 -3.3237e-08
1325 -4.81934e-09
1326 -2.50358e-07
1327 -2.04119e-06
1328 -3.59031e-08
1329 5.01752e-07
1330 2.33129e-06
1331 3.32007e-07
1332 1.55011e-06
1333 7.84394e-07
1334 5.79217e-07
1335 -8.5614e-08
1336 -7.24364e-07
1337 -6.26778e-07
1338 -5.6915e-10
1339 9.71826e-07
1340 -1.65531e-06
1341 1.20805e-06
1342 -3.81445e-09
1343 -5.16962e-08
1344 2.40233e-07
1345 -5.33343e-06
1346 2.79551e-05
1347 -9.59957e-07
1348 -6.03375e-08
1349 1.16265e-06
1350 2.87583e-06
1351 2.71998e-06
1352 -9.78468e-08
1353 1.87411e-07
1354 1.91469e-07
1355 1.23895e-06
1356 2.51446e-07
1357 -1.71631e-08
1358 8.38723e-05
1359 5.0612e-06
1360 4.17987e-05
1361 6.93803e-09
1362 2.18841e-09
1363 5.47784e-06
1364 1.36746e-07
1365 3.68621e-07
1366 2.97824e-07
1367 0.000106767
1368 9.49239e-07
1369 3.1078e-08
1370 -2.07961e-08
1371 -2.67971e-09
1372 2.0892e-06
1373 -6.96253e-10
1374 1.17999e-05
1375 6.16476e-08
1376 -9.00611e-10
1377 1.07028e-07
1378 7.72353e-07
1379 5.48223e-09
1380 2.57623e-08
1381 1.30434e-08
1382 1.32255e-07
1383 6.01242e-09
1384 5.38823e-06
1385 1.83059e-06
1386 -2.62824e-07
1387 6.30887e-09
1388 -4.35037e-06
1389 5.148e-05
1390 6.02682e-06
1391 0.0001118
1392 6.25246e-08
1393 -1.62896e-07
1394 0.000289133
1395 -1.31e-07
1396 5.18853e-08
1397 4.73436e-08
1398 1.02871e-08
1399 1.41484e-07
1400 5.60524e-05
1401 -4.28694e-08
1402 -7.39386e-07
1403 0.000172424
1404 -5.24243e-07
1405 1.16248e-07
1406 7.19188e-09
1407 -2.36986e-08
1408 1.07949e-08
1409 4.83966e-08
1410 8.56e-07
1411 1.52584e-08
1412 3.45054e-08
1413 4.81193e-09
1414 -4.38618e-08
1415 1.44179e-08
1416 8.79772e-08
1417 2.44333e-07
1418 3.60067e-07
1419 7.10673e-08
1420 9.18262e-07
1421 5.31508e-09
1422 4.97899e-06
1423 1.00895e-07
1424 1.78343e-06
1425 6.35754e-09
1426 3.32424e-08
1427 1.02225e-06
1428 2.51991e-07
1429 4.42765e-06
1430 1.62665e-08
1431 4.48642e-09
1432 1.49964e-05
1433 1.59866e-07
1434 9.96468e-08
1435 1.06446e-08
1436 1.32388e-07
1437 2.62744e-08
1438 3.72242e-08
1439 1.57146e-05
1440 6.19922e-07
1441 2.71037e-07
1442 -3.71478e-09
1443 -2.66527e-08
1444 -1.58799e-07
1445 8.4831e-09
1446 -1.07046e-07
1447 1.74523e-05
1448 -8.66024e-09
1449 1.88754e-05
1450 8.54872e-08
1451 1.38805e-08
1452 7.82691e-09
1453 -3.07253e-07
1454 1.70744e-07
1455 2.19008e-06
1456 4.79052e-07
1457 4.04343e-06
1458 7.75626e-09
1459 2.58038e-05
1460 7.92629e-05
1461 -1.89875e-07
1462 -2.48439e-10
1463 3.36101e-09
1464 1.72218e-07
1465 1.95792e-05
1466 2.72507e-08
1467 2.19797e-05
1468 2.19202e-09
1469 2.02627e-09
1470 -5.50057e-08
1471 -5.41084e-08
1472 -2.67593e-07
1473 0.000117062
1474 6.36738e-07
1475 4.14321e-09
1476 -8.74468e-10
1477 8.92474e-06
1478 -6.59837e-09
1479 2.01525e-06
1480 3.32042e-08
1481 6.23491e-07
1482 1.02667e-08
1483 1.50871e-07
1484 1.10303e-08
1485 1.09567e-06
1486 9.1748e-06
1487 3.86277e-05
1488 8.33122e-09
1489 2.25741e-05
1490 1.07738e-07
1491 3.03402e-07
1492 1.56611e-05
1493 7.25942e-06
1494 8.99779e-08
1495 2.1163e-06
1496 2.15018e-08
1497 1.58423e-07
1498 1.09193e-09
1499 -4.85118e-08
1500 1.44643e-06
1501 1.74514e-06
1502 1.42874e-08
1503 1.91657e-05
1504 1.84604e-06
1505 1.4233e-05
1506 -1.3125e-08
1507 -1.25468e-08
1508 1.71552e-05
1509 0.000287875
1510 2.3191e-08
1511 1.46656e-07
1512 5.06678e-06
1513 -1.36528e-07
1514 -6.02598e-09
1515 5.1579e-06
1516 2.57776e-08
1517 4.23815e-08
1518 1.2531e-07
1519 8.78692e-05
1520 -1.46462e-08
1521 -2.36892e-08
1522 2.76643e-05
1523 0.000170687
1524 -4.56377e-07
1525 4.68674e-07
1526 0.000178821
1527 1.49788e-09
1528 1.38752e-07
1529 -6.89632e-08
1530 2.95343e-05
1531 1.05195e-08
1532 1.85227e-06
1533 -9.20322e-09
1534 3.64458e-05
1535 4.12028e-05
1536 4.62134e-09
1537 -1.24878e-07
1538 1.03216e-06
1539 -1.00178e-08
1540 2.67087e-06
1541 -1.38498e-09
1542 6.02809e-07
1543 1.79432e-09
1544 -1.07212e-09
1545 3.7977e-08
1546 -1.75417e-08
1547 1.1086e-06
1548 1.60695e-07
1549 4.33672e-09
1550 2.15234e-06
1551 1.1089e-06
1552 -6.27091e-09
1553 -1.08223e-07
1554 2.68692e-08
1555 -1.03047e-09
1556 3.0604e-05
1557 1.04424e-07
1558 6.55673e-05
1559 8.38483e-06
1560 1.15421e-07
1561 3.80489e-08
1562 2.22835e-05
1563 -1.7102e-06
1564 5.78427e-05
1565 3.97131e-08
1566 2.30596e-07
1567 2.61297e-05
1568 -6.74937e-08
1569 -4.13488e-09
1570 1.64103e-05
1571 4.73013e-06
1572 1.80601e-06
1573 2.52106e-08
1574 2.47538e-09
1575 2.25471e-06
1576 5.4206e-06
1577 6.98108e-08
1578 2.83756e-07
1579 3.72666e-06
1580 -7.70462e-09
1581 -3.29093e-10
1582 -2.17601e-08
1583 1.93062e-06
1584 3.56835e-05
1585 -2.08743e-09
1586 9.08218e-06
1587 4.79606e-05
1588 -1.19899e-08
1589 3.44415e-08
1590 -2.68443e-07
1591 2.5581e-07
1592 -3.51863e-08
1593 9.36764e-07
1594 3.44981e-07
1595 -1.33575e-08
1596 -1.74408e-07
1597 -1.25291e-08
1598 6.6844e-09
1599 -3.42386e-08
1600 1.90576e-06
1601 1.27512e-06
1602 4.78402e-07
1603 1.70246e-05
1604 1.07074e-07
1605 -7.89239e-08
1606 7.57266e-07
1607 2.66728e-05
1608 2.16634e-07
1609 5.73247e-06
1610 6.1201e-06
1611 1.11438e-06
1612 2.62456e-08
1613 3.3679e-06
1614 -1.52493e-08
1615 2.24871e-05
1616 1.45875e-05
1617 1.15107e-09
1618 -1.85728e-08
1619 7.43124e-08
1620 1.02959e-06
1621 8.4006e-11
1622 -6.67067e-10
1623 -1.50729e-08
1624 2.35976e-05
1625 8.9126e-09
1626 1.25083e-07
1627 6.24649e-06
1628 -9.08491e-10
1629 2.12578e-07
1630 2.20116e-08
1631 1.99154e-09
1632 2.8798e-06
1633 1.25414e-09
1634 -1.47657e-07
1635 -2.36462e-09
1636 -2.05016e-07
1637 2.8148e-06
1638 7.30838e-06
1639 0.00045282
1640 7.11516e-05
1641 5.01455e-07
1642 -6.71138e-09
1643 2.10323e-06
1644 9.30337e-09
1645 7.33117e-07
1646 1.5277e-05
1647 -5.86594e-08
1648 -1.00121e-07
1649 1.39661e-05
1650 3.96471e-05
1651 -1.43041e-08
1652 8.76965e-07
1653 3.44565e-08
1654 2.06555e-06
1655 5.57873e-05
1656 0.00061524
1657 4.83902e-09
1658 -1.18126e-08
1659 2.06795e-08
1660 2.02975e-08
1661 -1.11435e-08
1662 1.64055e-07
1663 -2.42474e-09
1664 1.10484e-06
1665 3.80095e-06
1666 1.98538e-08
1667 -2.4546e-08
1668 6.94452e-07
1669 4.35824e-06
1670 1.72262e-05
1671 3.04002e-08
1672 -2.03263e-08
1673 3.069e-06
1674 3.94424e-05
1675 7.43998e-05
1676 5.76372e-09
1677 1.70015e-07
1678 9.52969e-08
1679 -1.50482e-08
1680 2.10183e-08
1681 1.11386e-07
1682 2.91674e-05
1683 4.08864e-08
1684 -3.33422e-09
1685 -6.98109e-07
1686 1.35077e-09
1687 4.06753e-07
1688 3.44545e-06
1689 2.14707e-06
1690 6.86862e-09
1691 1.1069e-08
1692 9.46372e-09
1693 1.74136e-08
1694 2.29203e-07
1695 -2.12823e-07
1696 3.30747e-09
1697 0.000714375
1698 2.28324e-05
1699 1.15114e-07
1700 2.54061e-05
1701 6.34361e-06
1702 3.76163e-07
1703 3.70191e-06
1704 2.27102e-08
1705 -2.8106e-07
1706 -8.45541e-08
1707 6.63749e-09
1708 6.22885e-08
1709 4.83326e-08
1710 1.01106e-07
1711 1.06621e-08
1712 6.98826e-10
1713 1.66156e-07
1714 1.7883e-07
1715 4.42375e-05
1716 2.46436e-06
1717 -5.48698e-08
1718 2.25883e-08
1719 1.12253e-07
1720 1.9738e-07
1721 2.09571e-06
1722 8.77992e-09
1723 4.70604e-08
1724 -4.68285e-09
1725 4.38439e-05
1726 9.98053e-08
1727 4.83254e-07
1728 3.84359e-09
1729 1.46347e-08
1730 2.34431e-06
1731 -1.85157e-08
1732 0.00106217
1733 1.09743e-06
1734 2.44232e-08
1735 4.15418e-09
1736 1.21826e-07
1737 4.43631e-08
1738 -2.0319e-09
1739 2.28401e-08
1740 2.70922e-07
1741 5.34324e-05
1742 1.3348e-07
1743 9.92076e-08
1744 -3.10789e-10
1745 5.72506e-08
1746 1.51152e-07
1747 2.05742e-08
1748 -1.99764e-08
1749 3.8176e-07
1750 4.73145e-08
1751 7.55898e-10
1752 -5.72037e-09
1753 2.47723e-08
1754 4.8316e-05
1755 2.25294e-06
1756 -9.14486e-08
1757 5.59653e-09
1758 2.31546e-09
1759 1.40186e-06
1760 1.32948e-06
1761 3.22078e-09
1762 8.14911e-07
1763 1.20732e-06
1764 1.16173e-05
1765 1.7727e-06
1766 1.07475e-08
1767 5.98796e-07
1768 1.49573e-07
1769 0.000285999
1770 2.75231e-09
1771 3.08912e-07
1772 4.23259e-06
1773 1.77658e-08
1774 -1.57712e-08
1775 -3.02913e-08
1776 3.51707e-06
1777 3.92113e-05
1778 2.46399e-09
1779 -3.92566e-08
1780 -2.05927e-08
1781 7.93591e-07
1782 2.32779e-06
1783 1.8042e-09
1784 1.81563e-06
1785 -5.4687e-08
1786 1.30776e-07
1787 0.000181882
1788 8.52854e-08
1789 -1.93481e-07
1790 4.36735e-05
1791 2.37676e-07
1792 -4.56976e-08
1793 1.05071e-05
1794 -3.89094e-06
1795 -2.46018e-05
1796 2.62335e-07
1797 -3.76677e-09
1798 7.0014e-07
1799 2.82484e-07
1800 0.000218277
1801 -1.78495e-07
1802 -2.70603e-08
1803 3.4475e-06
1804 -7.52034e-09
1805 7.39608e-08
1806 1.27719e-07
1807 2.97652e-06
1808 4.04002e-06
1809 5.37829e-08
1810 4.80787e-10
1811 5.63113e-06
1812 3.62294e-05
1813 4.00243e-05
1814 -1.8129e-08
1815 4.26011e-07
1816 3.59872e-07
1817 6.60392e-05
1818 5.61681e-08
1819 3.1429e-05
1820 8.0546e-05
1821 -4.34191e-08
1822 7.5563e-07
1823 -6.16086e-08
1824 -3.70728e-09
1825 2.49952e-07
1826 3.15258e-05
1827 -1.62615e-06
1828 1.83035e-07
1829 2.81049e-05
1830 -8.21473e-10
1831 -1.08491e-07
1832 2.61854e-07
1833 6.6084e-08
1834 1.67463e-07
1835 2.16433e-09
1836 5.51837e-07
1837 8.05163e-07
1838 -4.00472e-08
1839 -3.57428e-07
1840 1.23152e-07
1841 1.2683e-05
1842 2.77316e-05
1843 -8.97395e-08
1844 2.11814e-08
1845 1.04299e-09
1846 7.52934e-07
1847 2.72533e-08
1848 -1.14439e-07
1849 1.40294e-06
1850 6.24253e-08
1851 1.24657e-06
1852 -9.4005e-09
1853 5.07916e-07
1854 3.80327e-08
1855 -8.98813e-08
1856 9.56529e-05
1857 -4.7627e-09
1858 6.08009e-06
1859 -5.14424e-06
1860 3.87463e-06
1861 -2.25936e-08
1862 3.41437e-06
1863 2.28008e-05
1864 1.27563e-08
1865 -2.17961e-08
1866 2.20997e-05
1867 3.99345e-07
1868 1.84721e-06
1869 7.8711e-09
1870 5.1049e-09
1871 4.0434e-07
1872 -1.79397e-09
1873 1.34885e-08
1874 -7.59625e-07
1875 3.32604e-07
1876 -6.31365e-07
1877 7.4651e-08
1878 -6.26452e-09
1879 7.79662e-10
1880 3.10634e-05
1881 5.22755e-08
1882 1.40952e-05
1883 1.9699e-08
1884 1.54036e-09
1885 1.14892e-07
1886 3.17816e-05
1887 1.08939e-07
1888 8.75015e-05
1889 6.51739e-07
1890 2.09184e-06
1891 -4.0763e-08
1892 6.62146e-08
1893 3.15656e-05
1894 3.00978e-06
1895 2.34244e-06
1896 9.72566e-09
1897 1.17366e-06
1898 2.14328e-08
1899 5.81963e-08
1900 1.02322e-09
1901 4.12757e-07
1902 0.00012954
1903 2.6673e-06
1904 4.79335e-09
1905 5.11075e-05
1906 -2.84429e-10
1907 3.44755e-08
1908 1.12325e-08
1909 1.94212e-07
1910 3.34958e-06
1911 1.40649e-09
1912 7.55957e-05
1913 8.69779e-08
1914 -1.57308e-07
1915 8.42248e-07
1916 -9.70567e-09
1917 1.88054e-06
1918 6.64275e-09
1919 1.34645e-07
1920 3.47429e-07
1921 -1.54465e-09
1922 4.55646e-09
1923 7.90937e-08
1924 8.85428e-07
1925 2.08613e-07
1926 2.78856e-07
1927 5.2963e-09
1928 -4.13993e-09
1929 5.24708e-06
1930 2.94018e-06
1931 1.05952e-06
1932 6.04132e-07
1933 1.64715e-07
1934 -2.25526e-07
1935 -9.94592e-09
1936 8.64681e-05
1937 3.07882e-05
1938 8.01987e-08
1939 -1.02853e-09
1940 -1.23909e-07
1941 5.0029e-06
1942 1.05631e-07
1943 -6.71143e-08
1944 9.45185e-09
1945 8.68906e-09
1946 1.03675e-05
1947 1.04533e-08
1948 1.83457e-05
1949 5.29831e-06
1950 1.07054e-06
1951 -1.58782e-08
1952 6.40338e-05
1953 2.02317e-07
1954 1.6031e-06
1955 -1.38387e-07
1956 -1.62013e-08
1957 4.31179e-07
1958 4.58317e-09
1959 1.93452e-05
1960 2.39322e-06
1961 -2.37275e-08
1962 3.64796e-06
1963 2.64463e-08
1964 3.9061e-07
1965 1.13076e-10
1966 -1.89889e-08
1967 2.89974e-05
1968 1.94101e-08
1969 -1.41391e-06
1970 5.83199e-07
1971 -6.2247e-07
1972 -1.98418e-09
1973 9.21562e-08
1974 4.43899e-07
1975 -3.94221e-07
1976 -5.21383e-07
1977 2.59013e-08
1978 3.67106e-05
1979 0.000732881
1980 -1.86422e-08
1981 4.8887e-07
1982 1.57102e-05
1983 1.72889e-07
1984 -1.15071e-08
1985 6.2593e-07
1986 8.1534e-05
1987 3.30249e-07
1988 4.83521e-07
1989 -3.57261e-09
1990 5.51454e-08
1991 1.63914e-07
1992 3.46303e-09
1993 -1.82437e-07
1994 3.38544e-08
1995 1.87938e-05
1996 -8.90846e-08
1997 1.13425e-07
1998 2.22653e-07
1999 1.19768e-06
2000 4.31956e-05
2001 8.53078e-06
2002 6.41563e-06
2003 -9.98771e-10
2004 3.25151e-07
2005 -2.61582e-08
2006 6.62221e-06
2007 2.93704e-08
2008 4.77583e-08
2009 5.45267e-07
2010 -2.383e-07
2011 2.18303e-07
2012 1.26651e-08
2013 2.41226e-09
2014 0.000429391
2015 -4.01872e-07
2016 2.80833e-05
2017 -1.31224e-07
2018 2.61073e-07
2019 2.07353e-07
2020 8.26032e-05
2021 9.0738e-09
2022 2.19397e-08
2023 6.86909e-09
2024 -3.85756e-09
2025 3.81911e-05
2026 1.24076e-06
2027 6.02137e-09
2028 5.23276e-08
2029 9.96897e-06
2030 9.05182e-08
2031 -2.0709e-08
2032 2.06619e-07
2033 2.39612e-07
2034 6.25855e-08
2035 5.09903e-06
2036 1.78777e-08
2037 1.11537e-08
2038 1.99189e-08
2039 5.06718e-08
2040 9.55591e-05
2041 6.95997e-09
2042 1.90981e-07
2043 2.36449e-08
2044 4.73496e-07
2045 4.433e-07
2046 2.84864e-06
2047 8.71575e-07
2048 4.50793e-08
2049 4.49711e-08
2050 8.54339e-06
2051 2.90956e-10
2052 3.25963e-08
2053 -9.62898e-09
2054 1.12684e-07
2055 -2.52937e-08
2056 2.052e-08
2057 3.51593e-08
2058 1.19673e-08
2059 -9.36234e-09
2060 2.89281e-07
2061 2.80028e-07
2062 1.30896e-07
2063 1.6789e-09
2064 4.48087e-07
2065 1.21164e-07
2066 1.10162e-06
2067 -3.98832e-07
2068 1.59744e-07
2069 4.45703e-09
2070 0.000354928
2071 3.52773e-08
2072 8.72803e-07
2073 4.19746e-08
2074 2.43288e-08
2075 9.80591e-06
2076 3.0491e-07
2077 2.44192e-06
2078 -3.01593e-09
2079 1.76429e-08
2080 6.2118e-09
2081 5.01407e-06
2082 9.2125e-09
2083 2.00182e-05
2084 -2.04662e-08
2085 5.29806e-06
2086 1.99594e-07
2087 3.57377e-06
2088 -2.08572e-08
2089 9.40748e-07
2090 -1.82792e-09
2091 1.70484e-08
2092 3.8958e-07
2093 -3.29662e-09
2094 -3.71513e-08
2095 -4.01265e-10
2096 1.25093e-05
2097 7.26069e-06
2098 5.82592e-08
2099 8.48819e-09
2100 5.98446e-07
2101 7.22867e-06
2102 3.98214e-08
2103 6.45024e-10
2104 -4.70223e-10
2105 -4.04544e-08
2106 2.32692e-07
2107 0.000328955
2108 0.000148182
2109 2.38276e-07
2110 5.16282e-08
2111 -3.22333e-10
2112 3.82123e-06
2113 1.74071e-07
2114 -1.42467e-08
2115 1.6872e-08
2116 -2.76939e-08
2117 0.000135223
2118 -2.85415e-08
2119 3.00643e-06
2120 -2.56417e-08
2121 6.86054e-06
2122 1.26714e-07
2123 2.03345e-07
2124 3.87764e-05
2125 8.94414e-08
2126 1.29834e-06
2127 -5.30633e-08
2128 6.1315e-07
2129 -2.79655e-07
2130 1.85743e-09
2131 5.39306e-09
2132 1.45836e-07
2133 -4.46816e-08
2134 -2.5099e-08
2135 0.0007277
2136 4.75135e-07
2137 1.05157e-06
2138 -3.41337e-08
2139 -1.85215e-08
2140 -3.99099e-09
2141 3.21582e-08
2142 1.0155e-07
2143 1.56825e-06
2144 9.22023e-07
2145 2.53557e-09
2146 4.17953e-08
2147 -4.82557e-08
2148 5.5164e-07
2149 -1.82877e-09
2150 -5.71118e-10
2151 2.07767e-08
2152 2.05487e-08
2153 1.05056e-07
2154 -5.40877e-07
2155 2.90016e-08
2156 1.4966e-06
2157 0.000231615
2158 -7.98666e-09
2159 1.07076e-07
2160 0.000178465
2161 -1.19537e-08
2162 2.10332e-08
2163 2.66417e-05
2164 0.00010572
2165 4.88986e-07
2166 8.57981e-10
2167 1.70402e-08
2168 2.20114e-08
2169 1.14784e-08
2170 5.41031e-07
2171 4.94667e-07
2172 7.35781e-09
2173 4.34103e-09
2174 3.09838e-06
2175 1.44065e-07
2176 -2.41998e-08
2177 4.34214e-08
2178 -2.09973e-07
2179 9.59868e-08
2180 1.74053e-06
2181 4.89626e-08
2182 9.32841e-06
2183 5.57776e-05
2184 1.05418e-08
2185 1.68644e-08
2186 1.02271e-08
2187 -3.89097e-08
2188 7.27646e-06
2189 -9.23458e-09
2190 2.9423e-07
2191 4.13705e-05
2192 -2.51057e-07
2193 3.15639e-06
2194 -1.08977e-08
2195 -1.40187e-10
2196 9.02385e-08
2197 -1.20517e-08
2198 6.50512e-10
2199 3.81832e-05
2200 1.65997e-08
2201 1.01263e-07
2202 2.26579e-08
2203 2.24492e-05
2204 2.8828e-07
2205 4.32784e-07
2206 2.28335e-07
2207 2.9427e-07
2208 8.72619e-09
2209 -2.63617e-08
2210 3.21918e-07
2211 1.86625e-08
2212 1.52502e-07
2213 -1.43543e-07
2214 8.8098e-08
2215 6.19339e-06
2216 2.45742e-06
2217 4.41245e-07
2218 -7.51457e-10
2219 1.88668e-05
2220 -5.09713e-08
2221 7.16755e-07
2222 1.13412e-05
2223 3.32364e-08
2224 6.13302e-07
2225 9.46644e-07
2226 6.09185e-07
2227 7.80219e-07
2228 4.19136e-08
2229 7.82348e-05
2230 2.79714e-05
2231 7.77502e-06
2232 -6.52026e-09
2233 2.00911e-05
2234 1.44198e-05
2235 -5.10441e-10
2236 9.54403e-06
2237 1.60155e-07
2238 1.01057e-07
2239 5.72794e-07
2240 1.78498e-08
2241 -5.66509e-09
2242 5.56008e-07
2243 3.04432e-07
2244 2.17273e-07
2245 4.39444e-07
2246 -4.00701e-07
2247 5.98121e-07
2248 0.000187366
2249 -2.687e-07
2250 -3.91752e-08
2251 2.86331e-08
2252 8.84469e-05
2253 -2.77304e-08
2254 -4.92759e-10
2255 1.68002e-06
2256 -5.57031e-08
2257 3.14901e-10
2258 5.93451e-07
2259 8.70125e-09
2260 7.07739e-05
2261 3.59622e-06
2262 2.06252e-05
2263 1.54052e-06
2264 -2.11136e-08
2265 6.75988e-07
2266 1.06895e-07
2267 -9.15729e-09
2268 3.52823e-05
2269 9.59438e-09
2270 9.20949e-10
2271 3.31324e-07
2272 1.15869e-06
2273 1.22482e-05
2274 1.02576e-05
2275 9.71198e-08
2276 -1.2529e-07
2277 -8.65752e-08
2278 2.10281e-06
2279 1.23182e-09
2280 4.30068e-05
2281 8.59712e-06
2282 8.13856e-05
2283 -1.84266e-08
2284 -8.56367e-10
2285 1.6345e-08
2286 -1.5779e-08
2287 1.79287e-06
2288 2.61508e-09
2289 1.27074e-07
2290 -2.18405e-09
2291 -1.0292e-06
2292 -3.91067e-07
2293 9.23711e-05
2294 3.86316e-08
2295 2.58588e-07
2296 9.12316e-07
2297 2.16203e-05
2298 4.01455e-07
2299 3.58278e-08
2300 -1.40764e-07
2301 1.04338e-05
2302 -2.81082e-07
2303 -2.64417e-09
2304 -1.80024e-08
2305 2.28577e-06
2306 -5.70204e-07
2307 0.000268841
2308 3.7512e-07
2309 -2.49616e-08
2310 1.10049e-09
2311 2.32464e-05
2312 3.12958e-07
2313 2.97079e-09
2314 -4.62412e-08
2315 1.15221e-06
2316 -7.7802e-10
2317 -2.74747e-08
2318 8.93446e-07
2319 1.63725e-06
2320 3.16002e-08
2321 -2.18639e-08
2322 -2.04642e-07
2323 6.0078e-05
2324 -6.10451e-08
2325 -2.88898e-09
2326 6.28024e-06
2327 8.52241e-05
2328 2.66248e-05
2329 9.45374e-08
2330 3.55221e-10
2331 -7.94746e-08
2332 1.84665e-07
2333 1.06999e-08
2334 8.25217e-07
2335 1.12738e-06
2336 6.92558e-07
2337 1.73376e-05
2338 -1.67181e-08
2339 4.29883e-06
2340 4.14182e-05
2341 5.41126e-05
2342 1.99893e-07
2343 -1.01878e-09
2344 -1.60463e-08
2345 1.77178e-05
2346 -2.55685e-08
2347 6.1599e-06
2348 3.39546e-06
2349 -1.0887e-06
2350 3.94427e-07
2351 -7.25015e-07
2352 -7.45996e-09
2353 -1.64123e-07
2354 -3.40064e-08
2355 3.2473e-06
2356 1.58376e-08
2357 3.93087e-06
2358 2.68867e-07
2359 8.61944e-06
2360 5.17393e-08
2361 5.00956e-09
2362 2.64398e-08
2363 5.27865e-10
2364 -6.87671e-09
2365 5.69317e-06
2366 4.36262e-10
2367 9.18637e-09
2368 8.19248e-05
2369 7.21819e-09
2370 2.58464e-06
2371 -5.71611e-08
2372 2.41025e-05
2373 -2.67272e-07
2374 1.53218e-05
2375 2.89155e-07
2376 9.54241e-06
2377 3.25013e-09
2378 1.43636e-05
2379 4.49504e-09
2380 8.63794e-08
2381 8.62729e-08
2382 8.46902e-08
2383 -1.25647e-06
2384 5.86704e-07
2385 1.00906e-07
2386 1.19231e-08
2387 9.01345e-08
2388 3.49301e-08
2389 -3.49744e-09
2390 4.06141e-06
2391 -1.18619e-06
2392 3.85265e-07
2393 1.56006e-08
2394 1.29006e-06
2395 3.1762e-06
2396 -2.91117e-09
2397 -1.54046e-09
2398 2.76602e-08
2399 3.85538e-06
2400 3.77302e-07
2401 -1.63785e-08
2402 -5.4741e-08
2403 -4.57994e-09
2404 5.72388e-07
2405 4.56852e-05
2406 -1.39469e-07
2407 -9.17456e-08
2408 -1.42228e-08
2409 1.04218e-06
2410 2.65871e-07
2411 3.76928e-08
2412 -1.90173e-07
2413 -1.18084e-07
2414 1.01201e-08
2415 -8.21226e-08
2416 3.34021e-07
2417 -3.07964e-08
2418 -1.59647e-08
2419 -8.08021e-08
2420 2.31159e-07
2421 2.22645e-07
2422 2.45177e-08
2423 -2.49322e-07
2424 3.34151e-06
2425 -1.02024e-07
2426 -1.64917e-07
2427 6.19885e-07
2428 -1.63571e-08
2429 1.84919e-08
2430 1.56938e-07
2431 8.39215e-07
2432 4.87725e-09
2433 7.43501e-07
2434 1.19807e-06
2435 -3.86698e-07
2436 6.19328e-09
2437 8.77142e-09
2438 -1.07655e-07
2439 1.46429e-06
2440 2.45074e-05
2441 3.0213e-06
2442 1.43852e-07
2443 8.56749e-08
2444 2.40575e-05
2445 6.28819e-07
2446 1.69954e-08
