7
6
5
251
695
252
696
453
897
454
898
223
667
472
916
475
919
418
862
387
831
452
896
388
832
417
861
347
791
246
690
336
780
311
755
310
754
335
779
123
567
353
797
124
568
416
860
415
859
414
858
412
856
410
854
409
853
408
852
413
857
411
855
2
1
67
511
207
651
208
652
140
584
389
833
390
834
487
931
219
663
19
218
662
261
705
315
759
22
384
828
383
827
381
825
281
725
382
826
282
726
288
732
285
729
284
728
23
371
815
372
816
287
731
286
730
105
549
107
551
106
550
170
614
169
613
10
9
259
703
318
762
319
763
260
704
289
733
290
734
465
909
365
809
364
808
309
753
164
608
332
776
27
26
331
775
348
792
349
793
172
616
449
893
161
605
162
606
66
510
118
562
191
635
193
637
192
636
269
713
174
618
196
640
197
641
43
446
890
44
41
97
541
181
625
182
626
39
194
638
195
639
108
552
38
109
553
447
891
42
40
37
342
786
155
599
154
598
341
785
421
865
422
866
60
504
277
721
221
665
220
664
304
748
280
724
279
723
278
722
359
803
358
802
355
799
354
798
357
801
469
913
89
533
91
535
90
534
495
939
477
921
153
597
152
596
459
903
458
902
145
589
144
588
340
784
117
561
116
560
339
783
455
899
456
900
325
769
482
926
468
912
467
911
402
846
403
847
397
841
78
522
243
687
274
718
275
719
244
688
377
821
211
655
210
654
493
937
494
938
401
845
239
683
238
682
237
681
464
908
363
807
54
53
362
806
440
884
132
576
439
883
131
575
483
927
330
774
25
24
329
773
936
492
426
870
184
628
460
904
122
566
121
565
88
532
12
11
399
843
28
398
842
343
787
212
656
215
659
214
658
395
839
386
830
385
829
394
838
432
876
370
814
431
875
369
813
199
643
764
321
765
320
217
661
224
668
134
578
577
133
177
621
178
622
47
157
601
46
45
461
905
62
506
361
805
0
61
505
101
545
307
751
102
546
165
609
306
750
166
610
344
788
345
789
273
717
485
929
497
941
491
935
351
795
350
794
317
761
293
737
80
524
481
925
486
930
264
708
295
739
294
738
112
556
202
646
186
630
17
16
391
835
393
837
392
836
94
538
95
539
56
500
236
680
111
555
137
581
188
632
138
582
480
924
299
743
32
31
30
29
373
817
368
812
64
508
127
571
128
572
84
528
438
882
367
811
52
51
50
49
48
374
818
57
501
375
819
58
502
267
711
594
151
595
150
312
756
313
757
253
697
254
698
420
864
529
86
530
85
160
604
159
603
158
602
296
740
338
782
297
741
222
666
352
796
406
850
139
583
135
579
478
922
258
702
176
620
136
580
314
758
451
895
450
894
443
887
379
823
142
586
21
20
18
380
824
474
918
434
878
405
849
76
520
75
519
15
14
13
167
611
206
650
308
752
171
615
490
934
268
712
445
889
59
503
356
800
143
587
400
844
496
940
425
869
87
531
198
642
225
669
272
716
79
523
234
678
204
648
72
516
233
677
71
515
55
499
298
742
63
507
83
527
928
484
424
868
250
694
180
624
249
693
179
623
327
771
92
536
328
772
36
93
537
441
885
113
557
8
569
125
322
766
323
767
190
634
115
559
35
104
548
933
489
103
547
498
942
100
544
99
543
4
3
430
874
229
673
33
146
590
147
591
34
436
880
429
873
334
778
300
744
231
675
70
514
69
513
230
674
270
714
129
573
302
746
271
715
130
574
266
710
226
670
227
671
120
564
82
526
428
872
248
692
201
645
200
644
247
691
148
592
242
686
241
685
149
593
240
684
466
910
257
701
175
619
141
585
74
518
283
727
65
509
96
540
471
915
303
747
476
920
457
901
324
768
77
521
209
653
183
627
213
657
216
660
463
907
305
749
203
647
232
676
366
810
326
770
189
633
98
542
301
745
419
863
407
851
433
877
488
932
276
720
376
820
292
736
187
631
235
679
423
867
126
570
114
558
435
879
119
563
265
709
337
781
68
512
479
923
163
607
173
617
444
888
256
700
316
760
291
735
263
707
462
906
437
881
333
777
81
525
205
649
404
848
473
917
168
612
470
914
185
629
110
554
262
706
228
672
427
871
245
689
73
517
396
840
346
790
156
600
255
699
442
886
378
822
360
804
448
892
